0 0.07447285778375953 0.28379186602870815 0.11025123373710184 0.32924641148325356
0 0.11395244504262 0.25493421052631576 0.08580080753701211 0.197816985645933
0 0.1525347689546882 0.23699162679425836 0.05282637954239569 0.16133373205741627
0 0.18943472409152087 0.23699162679425836 0.05563032750112158 0.14488636363636365
0 0.24170031404217138 0.22697368421052633 0.058546433378196504 0.14787679425837322
0 0.2715343203230148 0.24192583732057416 0.0835576491700314 0.18585526315789475
0 0.31269627635711084 0.2519437799043062 0.07447285778375953 0.27108253588516745
0 0.9143113503813369 0.31982655502392343 0.04991027366532077 0.07909688995215311
0 0.4180125616868551 0.2737739234449761 0.017496635262449527 0.053229665071770335
0 0.43494840735755946 0.27601674641148327 0.018842530282637954 0.04889354066985646
0 0.14378645132346343 0.6886961722488039 0.049349484073575596 0.1785287081339713
0 0.18371467025572005 0.6098983253588517 0.04351727231942575 0.15296052631578946
0 0.2129878869448183 0.8431519138755981 0.11103633916554509 0.3136961722488038
0 0.24315836698070883 0.760017942583732 0.0813144908030507 0.38412081339712917
0 0.6059555854643338 0.7197966507177034 0.025013458950201933 0.08871710526315792
0 0.9111799013010319 0.6607356459330144 0.01954239569313591 0.032395334928229644
0 0.6149304620906236 0.5979366028708134 0.014614176760879236 0.05332834928229663
0 0.7018416330192911 0.584979066985646 0.014259757738896301 0.04834629186602873
0 0.6053970390309557 0.5912081339712919 0.014172274562584184 0.034889354066985664
0 0.9689322566173172 0.6231070574162679 0.016702557200538162 0.060804425837320555
0 0.7556684611933603 0.6116417464114833 0.012640197397936375 0.04984150717703351