0 0.37544856459330145 0.3553191489361702 0.05532296650717703 0.24468085106382978
0 0.4053528708133971 0.48696808510638295 0.06130382775119617 0.26861702127659576
0 0.0764055023923445 0.14920212765957447 0.06130382775119617 0.22074468085106383
0 0.03902511961722488 0.1199468085106383 0.046351674641148324 0.22606382978723405
0 0.04395933014354067 0.021808510638297873 0.056818181818181816 0.043617021276595745
0 0.20499401913875598 0.12925531914893618 0.06429425837320574 0.22340425531914893
0 0.1922846889952153 0.5829787234042553 0.08074162679425838 0.09361702127659574
0 0.02721291866028708 0.4973404255319149 0.05442583732057416 0.26276595744680853
0 0.5418660287081339 0.8569148936170212 0.08373205741626795 0.21382978723404256
0 0.6190191387559809 0.823404255319149 0.07834928229665072 0.15372340425531916
0 0.7828947368421053 0.776595744680851 0.1303827751196172 0.18776595744680852
0 0.9186602870813397 0.8297872340425532 0.13576555023923445 0.17553191489361702
0 0.9829545454545454 0.8861702127659574 0.03409090909090909 0.2276595744680851