0 0.5616935483870967 0.37667304015296366 0.04973118279569892 0.2198852772466539
0 0.5885752688172043 0.494980879541109 0.05510752688172043 0.24139579349904397
0 0.16908602150537635 0.6027724665391969 0.0521505376344086 0.13288718929254303
0 0.2928763440860215 0.1914435946462715 0.05510752688172043 0.19837476099426385
0 0.2592741935483871 0.1651529636711281 0.041666666666666664 0.2031548757170172
0 0.26370967741935486 0.0482791586998088 0.051075268817204304 0.0965583173996176
0 0.28521505376344086 0.032982791586998086 0.03494623655913978 0.06596558317399617
0 0.31827956989247314 0.03776290630975143 0.03870967741935484 0.07552581261950286
0 0.21088709677419354 0.0862810707456979 0.036290322580645164 0.10277246653919694
0 0.06438172043010752 0.10301147227533461 0.038978494623655914 0.17447418738049714
0 0.075 0.06978967495219886 0.03924731182795699 0.13957934990439771
0 0.024731182795698924 0.12093690248565965 0.043010752688172046 0.18164435946462715
0 0.03790322580645161 0.017208413001912046 0.03494623655913978 0.03441682600382409
0 0.011559139784946236 0.02676864244741874 0.023118279569892472 0.05353728489483748
0 0.4029569892473118 0.04110898661567878 0.0521505376344086 0.08221797323135756
0 0.8174731182795699 0.10994263862332695 0.024193548387096774 0.1701720841300191
0 0.7942204301075269 0.11137667304015296 0.033602150537634407 0.17208413001912046
0 0.7693548387096775 0.10659655831739961 0.04032258064516129 0.1864244741873805
0 0.7397849462365591 0.16634799235181644 0.03225806451612903 0.17686424474187382
0 0.7115591397849462 0.1651529636711281 0.0456989247311828 0.19359464627151052
0 0.7397849462365591 0.08269598470363289 0.026881720430107527 0.10516252390057361
0 0.7013440860215053 0.05305927342256214 0.04139784946236559 0.10611854684512428
0 0.1206989247311828 0.05449330783938815 0.03387096774193549 0.1089866156787763
0 0.00967741935483871 0.07122370936902486 0.01935483870967742 0.14244741873804972
0 0.4908602150537634 0.6410133843212237 0.06989247311827956 0.05640535372848948
0 0.40846774193548385 0.17351816443594648 0.05779569892473118 0.20076481835564053
0 0.39704301075268816 0.6042065009560229 0.07258064516129033 0.13001912045889102
0 0.7814516129032258 0.3551625239005736 0.043010752688172046 0.2390057361376673
0 0.8063172043010752 0.33006692160611856 0.041666666666666664 0.2222753346080306
0 0.2478494623655914 0.5045411089866156 0.051075268817204304 0.23661567877629064