0 0.5025815217391304 0.1595744680851064 0.050271739130434784 0.22243713733075435
0 0.5297554347826087 0.27925531914893614 0.05570652173913043 0.2441972920696325
0 0.10584239130434783 0.4339941972920696 0.05298913043478261 0.2248549323017408
0 0.23070652173913042 0.0362669245647969 0.05597826086956522 0.0725338491295938
0 0.1967391304347826 0.024177949709864602 0.042391304347826085 0.048355899419729204
0 0.18532608695652175 0.28892649903288203 0.051630434782608696 0.2393617021276596
0 0.4543478260869565 0.5154738878143134 0.07608695652173914 0.10831721470019343
0 0.3375 0.43278529980657643 0.06521739130434782 0.2611218568665377
0 0.3521739130434783 0.5227272727272727 0.07065217391304347 0.09381044487427466
0 0.24021739130434783 0.47823984526112184 0.06956521739130435 0.1827852998065764
0 0.6752717391304348 0.13733075435203096 0.05489130434782609 0.26305609284332687
0 0.8144021739130435 0.6590909090909091 0.05597826086956522 0.17891682785299806
0 0.7804347826086957 0.6470019342359767 0.042391304347826085 0.15473887814313347
0 0.7315217391304348 0.5817214700193424 0.03695652173913044 0.024177949709864602
0 0.7831521739130435 0.9323017408123792 0.05326086956521739 0.13539651837524178
0 0.9141304347826087 0.6590909090909091 0.05434782608695652 0.17891682785299806