0 0.27606382978723404 0.6483931947069943 0.0627659574468085 0.16257088846880907
0 0.1949468085106383 0.7036862003780718 0.05159574468085106 0.05198487712665406
0 0.39867021276595743 0.3568052930056711 0.04202127659574468 0.1937618147448015
0 0.31742021276595744 0.3367202268431002 0.05452127659574468 0.19612476370510398
0 0.28417553191489364 0.31072778827977315 0.041223404255319146 0.2008506616257089
0 0.28882978723404257 0.16304347826086957 0.05053191489361702 0.16068052930056712
0 0.3101063829787234 0.1275992438563327 0.034574468085106384 0.17013232514177692
0 0.342686170212766 0.14532136105860113 0.03856382978723404 0.15359168241965973
0 0.40611702127659577 0.10964083175803403 0.027127659574468086 0.19092627599243855
0 0.2363031914893617 0.23275047258979206 0.03590425531914894 0.10160680529300567
0 0.1545212765957447 0.19612476370510398 0.0425531914893617 0.16068052930056712
0 0.09135638297872341 0.24929111531190926 0.03856382978723404 0.1724952741020794
0 0.10199468085106383 0.2008506616257089 0.03856382978723404 0.17013232514177692
0 0.052127659574468084 0.2670132325141777 0.0425531914893617 0.17958412098298676
0 0.013297872340425532 0.23629489603024575 0.026595744680851064 0.1890359168241966
0 0.1372340425531915 0.09688090737240075 0.0398936170212766 0.16068052930056712
0 0.09667553191489361 0.09569943289224953 0.03590425531914894 0.139413988657845
0 0.06542553191489361 0.10042533081285444 0.034574468085106384 0.16304347826086957
0 0.03351063829787234 0.12405482041587902 0.034574468085106384 0.15359168241965973
0 0.010638297872340425 0.14035916824196598 0.02127659574468085 0.1446124763705104
0 0.08803191489361702 0.06001890359168242 0.034574468085106384 0.12003780718336483
0 0.1545212765957447 0.9291115311909263 0.05159574468085106 0.14177693761814744
0 0.3800531914893617 0.9305293005671077 0.07180851063829788 0.1389413988657845
0 0.2321808510638298 0.8364839319470699 0.05053191489361702 0.21361058601134217