0 0.23675762439807382 0.4269722814498934 0.022873194221508828 0.08955223880597014
0 0.14125200642054575 0.4429637526652452 0.04052969502407704 0.10714285714285714
0 0.08948635634028893 0.44989339019189767 0.036115569823434994 0.15991471215351813
0 0.25642054574638845 0.4546908315565032 0.022070626003210272 0.07729211087420043
0 0.30136436597110755 0.4573560767590618 0.028089887640449437 0.09701492537313433
0 0.22070626003210272 0.4594882729211087 0.028089887640449437 0.10181236673773987
0 0.3414927768860353 0.4594882729211087 0.022070626003210272 0.07729211087420043
0 0.17295345104333867 0.4621535181236674 0.03531300160513644 0.10714285714285714
0 0.20024077046548958 0.4994669509594883 0.05016051364365971 0.12153518123667377
0 0.11316211878009631 0.5063965884861408 0.052969502407704656 0.1460554371002132
0 0.27808988764044945 0.5143923240938166 0.04052969502407704 0.1337953091684435
0 0.14606741573033707 0.5223880597014925 0.03089887640449438 0.11780383795309168
0 0.3575441412520064 0.5549040511727079 0.033707865168539325 0.11940298507462686
0 0.4386035313001605 0.6636460554371002 0.0485553772070626 0.3694029850746269
0 0.32624398073836275 0.6769722814498934 0.05016051364365971 0.38912579957356075
0 0.2443820224719101 0.6833688699360341 0.04695024077046549 0.3976545842217484
0 0.4835473515248796 0.6876332622601279 0.07704654895666131 0.3784648187633262
0 0.41613162118780095 0.6982942430703625 0.05457463884430177 0.3640724946695096
0 0.16773675762439808 0.7089552238805971 0.04052969502407704 0.4099147121535181
0 0.3760032102728732 0.7094882729211087 0.07142857142857142 0.40458422174840086
0 0.2893258426966292 0.726545842217484 0.07504012841091492 0.4275053304904051
0 0.12319422150882825 0.7340085287846482 0.08747993579454254 0.47494669509594883
0 0.21147672552166935 0.7414712153518124 0.07704654895666131 0.4680170575692964