0 0.15420023014959724 0.035860655737704916 0.04027617951668585 0.07172131147540983
0 0.08803222094361335 0.048668032786885244 0.04602991944764097 0.09733606557377049
0 0.0903337169159954 0.017930327868852458 0.04487917146144994 0.035860655737704916
0 0.358457997698504 0.38780737704918034 0.04257767548906789 0.08299180327868852
0 0.3757192174913694 0.375 0.00805523590333717 0.10860655737704918
0 0.36622554660529344 0.23104508196721313 0.02704257767548907 0.19979508196721313
0 0.3429228998849252 0.29508196721311475 0.03452243958573072 0.18954918032786885
0 0.3127157652474108 0.2938012295081967 0.048906789413118525 0.2074795081967213
0 0.3429228998849252 0.20543032786885246 0.028768699654775604 0.11270491803278689
0 0.345512082853855 0.07172131147540983 0.03164556962025317 0.14344262295081966
0 0.31616800920598387 0.07428278688524591 0.04200230149597238 0.14856557377049182
0 0.30192750287687 0.1413934426229508 0.04459148446490219 0.17930327868852458
0 0.2966052934407365 0.053790983606557374 0.037399309551208286 0.10758196721311475
0 0.25949367088607594 0.05635245901639344 0.03452243958573072 0.11270491803278689
0 0.19677790563866512 0.057889344262295084 0.04487917146144994 0.11577868852459017
0 0.7563291139240507 0.23309426229508196 0.17433831990794016 0.2146516393442623
0 0.6357882623705409 0.2525614754098361 0.08659378596087457 0.11014344262295082
0 0.8368814729574223 0.5507172131147541 0.13118527042577677 0.11987704918032786
0 0.5586881472957422 0.5409836065573771 0.08745684695051784 0.08401639344262295
0 0.47209436133486765 0.5568647540983607 0.1688722669735328 0.12090163934426229
0 0.9810126582278481 0.7315573770491803 0.03768699654775604 0.2838114754098361