0 0.20066550925925927 0.34747942386831276 0.05642361111111111 0.23919753086419754
0 0.5445601851851852 0.38940329218106995 0.07060185185185185 0.15946502057613168
0 0.4458912037037037 0.3497942386831276 0.078125 0.23868312757201646
0 0.28530092592592593 0.19315843621399176 0.05497685185185185 0.25462962962962965
0 0.37702546296296297 0.41512345679012347 0.07349537037037036 0.10802469135802469
0 0.47453703703703703 0.45781893004115226 0.06944444444444445 0.02263374485596708
0 0.8226273148148148 0.36522633744855965 0.1267361111111111 0.20781893004115226
0 0.7728587962962963 0.12345679012345678 0.08854166666666667 0.24691358024691357
0 0.9785879629629629 0.10493827160493827 0.04282407407407408 0.20987654320987653
0 0.7068865740740741 0.1095679012345679 0.07002314814814815 0.2191358024691358
0 0.9479166666666666 0.10339506172839506 0.07291666666666667 0.20679012345679013
0 0.8226273148148148 0.36522633744855965 0.1267361111111111 0.20781893004115226
0 0.7728587962962963 0.12345679012345678 0.08854166666666667 0.24691358024691357
0 0.7068865740740741 0.1095679012345679 0.07002314814814815 0.2191358024691358
0 0.8226273148148148 0.36522633744855965 0.1267361111111111 0.20781893004115226
0 0.7728587962962963 0.12345679012345678 0.08854166666666667 0.24691358024691357
0 0.7068865740740741 0.1095679012345679 0.07002314814814815 0.2191358024691358
0 0.8226273148148148 0.36522633744855965 0.1267361111111111 0.20781893004115226
0 0.7728587962962963 0.12345679012345678 0.08854166666666667 0.24691358024691357
0 0.7068865740740741 0.1095679012345679 0.07002314814814815 0.2191358024691358
0 0.8226273148148148 0.36522633744855965 0.1267361111111111 0.20781893004115226
0 0.7728587962962963 0.12345679012345678 0.08854166666666667 0.24691358024691357
0 0.7068865740740741 0.1095679012345679 0.07002314814814815 0.2191358024691358
0 0.8226273148148148 0.36522633744855965 0.1267361111111111 0.20781893004115226
0 0.7728587962962963 0.12345679012345678 0.08854166666666667 0.24691358024691357
0 0.8226273148148148 0.36522633744855965 0.1267361111111111 0.20781893004115226
0 0.7728587962962963 0.12345679012345678 0.08854166666666667 0.24691358024691357
0 0.2977430555555556 0.7592592592592593 0.5642361111111112 0.48148148148148145
0 0.9785879629629629 0.7463991769547325 0.04282407407407408 0.507201646090535
0 0.7624421296296297 0.7978395061728395 0.22974537037037038 0.404320987654321
0 0.8402777777777778 0.7757201646090535 0.1076388888888889 0.32098765432098764
0 0.7080439814814815 0.6656378600823045 0.13368055555555555 0.28600823045267487