0 0.06038251366120219 0.5645631067961165 0.06721311475409836 0.10970873786407767
0 0.13825136612021857 0.5912621359223301 0.06994535519125683 0.05631067961165048
0 0.29275956284153004 0.46893203883495144 0.06420765027322405 0.23300970873786409
0 0.37595628415300547 0.5427184466019418 0.053551912568306013 0.1533980582524272
0 0.6698087431693989 0.42766990291262136 0.04781420765027322 0.24271844660194175
0 0.16297814207650274 0.13640776699029125 0.050546448087431695 0.19902912621359223
0 0.25040983606557377 0.11577669902912621 0.056010928961748634 0.20145631067961164
0 0.28442622950819674 0.09611650485436893 0.04207650273224044 0.19223300970873786
0 0.3336065573770492 0.03058252427184466 0.0366120218579235 0.06116504854368932
0 0.4174863387978142 0.02669902912621359 0.04371584699453552 0.05339805825242718
0 0.4825136612021858 0.05728155339805825 0.03934426229508197 0.1145631067961165
0 0.4715846994535519 0.03155339805825243 0.03934426229508197 0.06310679611650485
0 0.5229508196721312 0.06796116504854369 0.04371584699453552 0.13592233009708737
0 0.5672131147540984 0.054854368932038836 0.03715846994535519 0.10970873786407767
0 0.8855191256830601 0.2728155339805825 0.07295081967213114 0.4436893203883495
0 0.8349726775956284 0.3422330097087379 0.13797814207650272 0.554368932038835
0 0.25956284153005466 0.8645631067961165 0.43387978142076505 0.26601941747572816
0 0.7437158469945355 0.7696407766990292 0.07959016393442628 0.20286407766990294