0 0.1722488038277512 0.09148936170212765 0.05502392344497608 0.1829787234042553
0 0.14249401913875598 0.19228723404255318 0.06130382775119617 0.26861702127659576
0 0.6091507177033493 0.3191489361702128 0.05801435406698564 0.16170212765957448
0 0.5215311004784688 0.20292553191489363 0.056818181818181816 0.2632978723404255
0 0.4416866028708134 0.37127659574468086 0.06997607655502393 0.0574468085106383
0 0.35406698564593303 0.30851063829787234 0.07177033492822966 0.1829787234042553
0 0.9072966507177034 0.32978723404255317 0.05502392344497608 0.14042553191489363
0 0.7296650717703349 0.18085106382978725 0.039473684210526314 0.22127659574468084
0 0.7305622009569378 0.05638297872340425 0.04126794258373206 0.1127659574468085
0 0.29754784688995217 0.4888297872340426 0.04784688995215311 0.1276595744680851
0 0.29545454545454547 0.4441489361702128 0.04665071770334928 0.08829787234042553
0 0.23086124401913877 0.9345744680851064 0.05502392344497608 0.13085106382978723
0 0.5300538277511961 0.785372340425532 0.06130382775119617 0.22074468085106383
0 0.5674342105263158 0.7561170212765957 0.046351674641148324 0.22606382978723405
0 0.562200956937799 0.5898936170212766 0.056818181818181816 0.18085106382978725
0 0.621261961722488 0.6683510638297873 0.04037081339712919 0.11436170212765957
0 0.4074461722488038 0.5593085106382979 0.0583133971291866 0.21010638297872342
0 0.40146531100478466 0.7654255319148936 0.06429425837320574 0.22340425531914893
0 0.18570574162679426 0.44148936170212766 0.03289473684210526 0.08297872340425531
0 0.18166866028708134 0.5234042553191489 0.04037081339712919 0.16489361702127658
0 0.05008971291866029 0.7906914893617021 0.046351674641148324 0.22074468085106383
0 0.017942583732057416 0.7835106382978724 0.03588516746411483 0.2074468085106383
0 0.01644736842105263 0.6936170212765957 0.03289473684210526 0.11702127659574468
0 0.0008971291866028708 0.7196808510638298 0.0017942583732057417 0.2074468085106383
0 0.05008971291866029 0.6337765957446808 0.049342105263157895 0.17819148936170212
0 0.056070574162679424 0.5340425531914894 0.04037081339712919 0.16489361702127658
0 0.4784688995215311 0.6125 0.04784688995215311 0.17287234042553193
0 0.5165968899521531 0.6031914893617021 0.04336124401913875 0.19148936170212766
0 0.8273026315789473 0.8042553191489362 0.05532296650717703 0.24468085106382978
0 0.7972488038277512 0.9005319148936171 0.061004784688995214 0.19893617021276597
0 0.993122009569378 0.5941489361702128 0.01375598086124402 0.22872340425531915