0 0.2711670480549199 0.3864562118126273 0.05606407322654462 0.20672097759674135
0 0.18764302059496568 0.24923625254582485 0.05434782608695652 0.2520366598778004
0 0.12986270022883295 0.4210794297352342 0.07322654462242563 0.13747454175152748
0 0.03232265446224256 0.45519348268839105 0.06464530892448513 0.06924643584521385
0 0.030034324942791762 0.3533604887983707 0.060068649885583525 0.24643584521384929
0 0.704233409610984 0.4495926680244399 0.1147025171624714 0.079938900203666
0 0.2711670480549199 0.929735234215886 0.05148741418764302 0.14052953156822812
0 0.3338100686498856 0.5330957230142567 0.05320366132723112 0.08655804480651731
0 0.4934210526315789 0.6527494908350305 0.03260869565217391 0.1934826883910387
0 0.012871853546910755 0.6094704684317719 0.02574370709382151 0.1680244399185336
0 0.4545194508009153 0.5101832993890021 0.03718535469107551 0.04073319755600815
0 0.4839816933638444 0.5066191446028513 0.04462242562929062 0.03360488798370672
0 0.20208810068649885 0.5768839103869654 0.04719679633867277 0.15274949083503056
0 0.20795194508009154 0.5254582484725051 0.04977116704805492 0.07128309572301425
0 0.1318649885583524 0.5585539714867617 0.041762013729977114 0.13747454175152748
0 0.358695652173913 0.6939918533604889 0.05434782608695652 0.18839103869653767
0 0.04762585812356979 0.6227087576374746 0.03289473684210526 0.20366598778004075
0 0.08195080091533181 0.6278004073319755 0.05005720823798627 0.1985743380855397
0 0.08094965675057209 0.5626272912423625 0.04290617848970252 0.14562118126272913
0 0.0619279176201373 0.8632892057026477 0.05005720823798627 0.2265784114052953
0 0.019736842105263157 0.8655804480651731 0.039473684210526314 0.1955193482688391
0 0.02688787185354691 0.7945519348268839 0.04290617848970252 0.15529531568228105
0 0.020594965675057208 0.7219959266802444 0.041189931350114416 0.13238289205702647
0 0.002002288329519451 0.814663951120163 0.004004576659038902 0.2219959266802444
0 0.43950228832951943 0.7372708757637475 0.05005720823798627 0.2240325865580448
0 0.754862700228833 0.744908350305499 0.4902745995423341 0.5101832993890021