0 0.35615650172612195 0.2351434426229508 0.05638665132336018 0.20799180327868852
0 0.2718642117376295 0.11168032786885246 0.05466052934407365 0.22336065573770492
0 0.2140391254315305 0.2699795081967213 0.07364787111622555 0.13831967213114754
0 0.10960874568469506 0.3043032786885246 0.07767548906789414 0.06967213114754098
0 0.10888952819332566 0.2021004098360656 0.07048331415420023 0.24846311475409835
0 0.8469505178365938 0.16956967213114754 0.30609896432681244 0.3391393442622951
0 0.2448216340621404 0.6265368852459017 0.17376294591484465 0.4964139344262295
0 0.9542577675489068 0.6209016393442623 0.09148446490218642 0.5635245901639344
0 0.7525891829689298 0.6270491803278688 0.06559263521288838 0.5440573770491803
0 0.7209436133486766 0.6449795081967213 0.09205983889528194 0.5589139344262295
0 0.6363636363636364 0.5281762295081968 0.0523590333716916 0.32223360655737704
0 0.5880322209436134 0.6588114754098361 0.07479861910241657 0.5691598360655737