0 0.2098611111111111 0.2176383399209486 0.05694444444444444 0.20503952569169961
0 0.1751388888888889 0.19046442687747037 0.043055555555555555 0.2099802371541502
0 0.17972222222222223 0.059782608695652176 0.05277777777777778 0.11956521739130435
0 0.20194444444444445 0.04397233201581028 0.03611111111111111 0.08794466403162056
0 0.2361111111111111 0.04891304347826087 0.04 0.09782608695652174
0 0.12513888888888888 0.10894268774703557 0.0375 0.10622529644268774
0 0.021388888888888888 0.025197628458498024 0.041666666666666664 0.05039525691699605
0 0.30194444444444446 0.21393280632411066 0.03611111111111111 0.2124505928853755
0 0.30833333333333335 0.05237154150197629 0.023333333333333334 0.10474308300395258
0 0.03194444444444444 0.06620553359683795 0.035 0.1324110671936759
0 0.6888888888888889 0.20306324110671936 0.6222222222222222 0.3725296442687747
0 0.8355555555555556 0.7984189723320159 0.2725 0.4031620553359684
0 0.3425 0.7791501976284585 0.045 0.30978260869565216
0 0.42138888888888887 0.7648221343873518 0.15777777777777777 0.2900197628458498