0 0.26871657754010697 0.6772813688212928 0.051871657754010696 0.12452471482889733
0 0.39184491978609626 0.27210076045627374 0.05481283422459893 0.19724334600760457
0 0.3584224598930481 0.24596007604562736 0.04144385026737968 0.20199619771863117
0 0.36310160427807486 0.09743346007604563 0.05080213903743316 0.16159695817490494
0 0.3842245989304813 0.07366920152091255 0.034759358288770054 0.1473384030418251
0 0.4172459893048128 0.07961026615969581 0.03877005347593583 0.15446768060836502
0 0.31029411764705883 0.1675380228136882 0.03609625668449198 0.10218631178707224
0 0.5013368983957219 0.0817490494296578 0.051871657754010696 0.1634980988593156
0 0.5068181818181818 0.25427756653992395 0.05748663101604278 0.19961977186311788
0 0.4954545454545455 0.6787072243346007 0.07219251336898395 0.12167300380228137
0 0.34705882352941175 0.5834125475285171 0.05080213903743316 0.2352661596958175
0 0.01229946524064171 0.4833650190114068 0.02459893048128342 0.23098859315589354
0 0.1498663101604278 0.24120722433460076 0.04679144385026738 0.19249049429657794
0 0.21470588235294116 0.09149239543726236 0.040106951871657755 0.16872623574144488
0 0.17192513368983958 0.13307984790874525 0.0374331550802139 0.1758555133079848
0 0.18328877005347594 0.0879277566539924 0.02807486631016043 0.15684410646387834
0 0.11109625668449198 0.1342680608365019 0.03609625668449198 0.17347908745247148
0 0.08302139037433155 0.10456273764258556 0.03074866310160428 0.1758555133079848
0 0.11149732620320855 0.05798479087452472 0.034759358288770054 0.11596958174904944
0 0.15588235294117647 0.06986692015209126 0.034759358288770054 0.1397338403041825
0 0.19919786096256684 0.015209125475285171 0.039037433155080216 0.030418250950570342
0 0.7532085561497326 0.5289923954372624 0.11069518716577541 0.4211026615969582
0 0.7414438502673797 0.5950570342205324 0.07085561497326204 0.2884980988593156
0 0.9729946524064171 0.6796577946768061 0.04331550802139037 0.11977186311787072
0 0.9050802139037433 0.9415399239543726 0.029411764705882353 0.11692015209125475
0 0.8267379679144385 0.9562737642585551 0.06310160427807486 0.08745247148288973