0 0.2235346889952153 0.5444148936170212 0.0583133971291866 0.2473404255319149
0 0.3447966507177033 0.07340425531914893 0.02930622009569378 0.14680851063829786
0 0.3235645933014354 0.0601063829787234 0.04665071770334928 0.1202127659574468
0 0.06279904306220095 0.02925531914893617 0.04784688995215311 0.05851063829787234
0 0.32670454545454547 0.4074468085106383 0.0583133971291866 0.26595744680851063
0 0.6569976076555024 0.5079787234042553 0.09270334928229665 0.373936170212766
0 0.16836124401913877 0.8063829787234043 0.08433014354066985 0.13404255319148936
0 0.691238038277512 0.8789893617021277 0.06130382775119617 0.22074468085106383
0 0.6537081339712919 0.851063829787234 0.04665071770334928 0.22340425531914893
0 0.5998803827751196 0.7792553191489362 0.04066985645933014 0.0797872340425532
0 0.5077751196172249 0.775 0.04784688995215311 0.07127659574468086
0 0.43690191387559807 0.8085106382978723 0.04366028708133971 0.13829787234042554
0 0.44886363636363635 0.7803191489361702 0.04366028708133971 0.08191489361702127
0 0.3929425837320574 0.8202127659574469 0.04784688995215311 0.16170212765957448
0 0.8011363636363636 0.875 0.05980861244019139 0.22872340425531915