0 0.2288888888888889 0.4006916996047431 0.06555555555555556 0.1373517786561265
0 0.36097222222222225 0.11215415019762846 0.05138888888888889 0.2025691699604743
0 0.27194444444444443 0.09683794466403162 0.05722222222222222 0.19367588932806323
0 0.23722222222222222 0.08448616600790514 0.043333333333333335 0.16897233201581027
0 0.18722222222222223 0.017786561264822136 0.03777777777777778 0.03557312252964427
0 0.035833333333333335 0.04496047430830039 0.04055555555555555 0.08992094861660078
0 0.04694444444444444 0.018774703557312252 0.04055555555555555 0.037549407114624504
0 0.008611111111111111 0.055830039525691696 0.017222222222222222 0.11166007905138339
0 0.9791666666666666 0.10523715415019763 0.041666666666666664 0.21047430830039526
0 0.9916666666666667 0.21887351778656128 0.016666666666666666 0.25
0 0.5786111111111111 0.36561264822134387 0.05388888888888889 0.2075098814229249
0 0.9111111111111111 0.4051383399209486 0.07222222222222222 0.12845849802371542
0 0.8141666666666667 0.36709486166007904 0.075 0.20454545454545456
0 0.66 0.229001976284585 0.05277777777777778 0.24456521739130435
0 0.7480555555555556 0.4298418972332016 0.07055555555555555 0.07905138339920949
0 0.21805555555555556 0.7865612648221344 0.016944444444444446 0.10968379446640317
0 0.22694444444444445 0.7747035573122529 0.01138888888888889 0.07855731225296443