0 0.1674187725631769 0.24759100642398288 0.06167268351383875 0.2221627408993576
0 0.20502406738868834 0.21814775160599573 0.046630565583634175 0.22751605995717344
0 0.19945848375451264 0.07066381156316917 0.057160048134777375 0.14132762312633834
0 0.17539109506618533 0.05353319057815846 0.03910950661853189 0.10706638115631692
0 0.13868832731648617 0.058886509635974305 0.043922984356197355 0.11777301927194861
0 0.2591756919374248 0.12981798715203427 0.04061371841155235 0.11509635974304068
0 0.35138387484957884 0.08940042826552462 0.048134777376654635 0.17880085653104924
0 0.4231347773766546 0.14855460385438973 0.04362214199759326 0.19539614561027838
0 0.4109506618531889 0.09475374732334046 0.04332129963898917 0.18950749464668093
0 0.4675090252707581 0.16862955032119914 0.048134777376654635 0.20342612419700215
0 0.516395908543923 0.13383297644539616 0.04061371841155235 0.21413276231263384
0 0.37154031287605294 0.033190578158458245 0.04512635379061372 0.06638115631691649
0 0.41726835138387486 0.02676659528907923 0.040312876052948254 0.05353319057815846
0 0.4527677496991576 0.03586723768736617 0.03910950661853189 0.07173447537473233
0 0.48826714801444043 0.046573875802997856 0.03910950661853189 0.09314775160599571
0 0.5252707581227437 0.05353319057815846 0.04693140794223827 0.10706638115631692
0 0.20186522262334536 0.5331905781584583 0.05836341756919374 0.09207708779443255
0 0.05685920577617329 0.243576017130621 0.06016847172081829 0.23019271948608136
0 0.043922984356197355 0.0626338329764454 0.05896510228640193 0.1252676659528908
0 0.29121540312876054 0.7473233404710921 0.15583634175691938 0.2698072805139186
0 0.08243080625752106 0.7864025695931478 0.13297232250300842 0.30460385438972165
0 0.42719614921780985 0.7366167023554604 0.0983754512635379 0.29764453961456105
0 0.7770758122743683 0.734475374732334 0.09175691937424789 0.2044967880085653