0 0.23686440677966103 0.1290241448692153 0.05790960451977401 0.20875251509054327
0 0.27203389830508473 0.10412474849094568 0.04350282485875706 0.20824949698189135
0 0.3228813559322034 0.03621730382293763 0.03785310734463277 0.07243460764587525
0 0.4768361581920904 0.06388329979879276 0.04067796610169491 0.12776659959758552
0 0.4655367231638418 0.03722334004024145 0.04067796610169491 0.0744466800804829
0 0.5186440677966102 0.07494969818913481 0.04519774011299435 0.14989939637826963
0 0.2692090395480226 0.391851106639839 0.05480225988700565 0.07545271629778671
0 0.13305084745762713 0.12525150905432594 0.05649717514124294 0.21629778672032193
0 0.4175141242937853 0.02112676056338028 0.03502824858757062 0.04225352112676056
0 0.5497175141242938 0.03873239436619718 0.05084745762711865 0.07746478873239436
0 0.7836158192090396 0.26156941649899396 0.22570621468926555 0.33551307847082495
0 0.652542372881356 0.3551307847082495 0.08559322033898305 0.1488933601609658
0 0.02598870056497175 0.8656941649899397 0.0519774011299435 0.26609657947686116
0 0.1310734463276836 0.892354124748491 0.14378531073446327 0.2152917505030181