0 0.3293426966292135 0.15439999999999998 0.023831460674157343 0.13301999999999997
0 0.25598876404494375 0.13274 0.013235955056179744 0.06971000000000004
0 0.9092696629213484 0.4715 0.18146067415730338 0.137
0 0.6955056179775281 0.39 0.1286516853932584 0.3
0 0.5592696629213483 0.3765 0.09915730337078651 0.3105
0 0.5915730337078652 0.082 0.060393258426966294 0.164
0 0.4691011235955056 0.2895 0.038202247191011236 0.3375
0 0.6573033707865169 0.083 0.0696629213483146 0.1655
0 0.8252808988764045 0.0665 0.039606741573033705 0.1025
0 0.776685393258427 0.059 0.09662921348314607 0.1175
0 0.5120786516853932 0.0645 0.06573033707865168 0.129
0 0.473876404494382 0.059 0.047752808988764044 0.118
0 0.12808988764044943 0.879 0.2151685393258427 0.242