0 0.6977777777777778 0.32361660079051385 0.044444444444444446 0.11166007905138339
0 0.42375 0.1899703557312253 0.05694444444444444 0.20503952569169961
0 0.38902777777777775 0.16279644268774704 0.043055555555555555 0.2099802371541502
0 0.39361111111111113 0.04594861660079051 0.05277777777777778 0.09189723320158102
0 0.41583333333333333 0.030138339920948616 0.03611111111111111 0.06027667984189723
0 0.45 0.03507905138339921 0.04 0.07015810276679842
0 0.33902777777777776 0.08127470355731226 0.0375 0.10622529644268774
0 0.25333333333333335 0.06324110671936758 0.044444444444444446 0.12648221343873517
0 0.18763888888888888 0.09856719367588933 0.04027777777777778 0.18033596837944665
0 0.1986111111111111 0.06818181818181818 0.04055555555555555 0.13636363636363635
0 0.14666666666666667 0.11709486166007906 0.044444444444444446 0.18774703557312253
0 0.10138888888888889 0.09189723320158102 0.03722222222222222 0.18379446640316205
0 0.12694444444444444 0.023715415019762844 0.03611111111111111 0.04743083003952569
0 0.09305555555555556 0.030138339920948616 0.042777777777777776 0.06027667984189723
0 0.5258333333333334 0.18626482213438736 0.05555555555555555 0.2124505928853755
0 0.5375 0.038537549407114624 0.05388888888888889 0.07707509881422925
0 0.8325 0.1541501976284585 0.06944444444444445 0.18626482213438736
0 0.9805555555555555 0.19318181818181818 0.03888888888888889 0.29150197628458496
0 0.4772222222222222 0.857707509881423 0.3013888888888889 0.20405138339920947
0 0.8275 0.583498023715415 0.015 0.11758893280632411