0 0.34421052631578947 0.3408239700374532 0.031578947368421054 0.2153558052434457
0 0.08986842105263158 0.15941011235955055 0.05394736842105263 0.19428838951310862
0 0.056973684210526315 0.13366104868913858 0.04078947368421053 0.1989700374531835
0 0.06131578947368421 0.03323970037453183 0.05 0.06647940074906367
0 0.08236842105263158 0.018258426966292134 0.034210526315789476 0.03651685393258427
0 0.11473684210526315 0.02294007490636704 0.037894736842105266 0.04588014981273408
0 0.01368421052631579 0.056179775280898875 0.02736842105263158 0.10112359550561797
0 0.05947368421052632 0.46441947565543074 0.05157894736842105 0.19101123595505617
0 0.18657894736842107 0.15589887640449437 0.05263157894736842 0.20131086142322097
0 0.1976315789473684 0.026217228464419477 0.05105263157894737 0.052434456928838954
0 0.5255263157894737 0.30711610486891383 0.3310526315789474 0.5056179775280899
0 0.10894736842105263 0.8380149812734082 0.10421052631578948 0.323501872659176
0 0.2736842105263158 0.8202247191011236 0.15368421052631578 0.35908239700374533
0 0.7919736842105263 0.7914325842696629 0.05394736842105263 0.19428838951310862
0 0.7590789473684211 0.7656835205992509 0.04078947368421053 0.1989700374531835
0 0.763421052631579 0.6292134831460674 0.05 0.13857677902621723
0 0.7117105263157895 0.6884363295880149 0.035526315789473684 0.10065543071161048
0 0.5538157894736843 0.7610018726591761 0.046052631578947366 0.1896067415730337
0 0.6176315789473684 0.6282771535580525 0.039473684210526314 0.13670411985018727
0 0.5755263157894737 0.6544943820224719 0.03684210526315789 0.17322097378277154
0 0.5865789473684211 0.6235955056179775 0.027894736842105264 0.12734082397003746
0 0.5156578947368421 0.6556647940074907 0.035526315789473684 0.17088014981273408
0 0.48789473684210527 0.6362359550561798 0.030526315789473683 0.15262172284644196
0 0.5160526315789473 0.5987827715355806 0.034210526315789476 0.07771535580524344
0 0.5597368421052632 0.6104868913857678 0.034210526315789476 0.10112359550561797
0 0.8373684210526315 0.6392790262172284 0.042105263157894736 0.15215355805243447
0 0.8036842105263158 0.6376404494382022 0.037894736842105266 0.15543071161048688
0 0.9261842105263158 0.7539794007490637 0.046052631578947366 0.19428838951310862
0 0.8997368421052632 0.6587078651685393 0.045789473684210526 0.19756554307116106
0 0.4018421052631579 0.9288389513108615 0.04473684210526316 0.14232209737827714