0 0.01977401129943503 0.1981891348088531 0.03954802259887006 0.23138832997987926
0 0.007062146892655367 0.31740442655935613 0.014124293785310734 0.24446680080482897
0 0.42598870056497173 0.4029175050301811 0.05536723163841808 0.07344064386317907
0 0.296045197740113 0.053822937625754526 0.0576271186440678 0.10764587525150905
0 0.3313559322033898 0.04124748490945674 0.04350282485875706 0.08249496981891348
0 0.3432203389830508 0.323943661971831 0.05367231638418079 0.23138832997987926
0 0.5516949152542373 0.03621730382293763 0.04915254237288136 0.07243460764587525
0 0.18531073446327684 0.39285714285714285 0.06779661016949153 0.09356136820925554
0 0.1519774011299435 0.03370221327967807 0.04971751412429379 0.06740442655935613
0 0.3522598870056497 0.619215291750503 0.03361581920903955 0.12323943661971831
0 0.885593220338983 0.7741448692152918 0.09915254237288136 0.42505030181086517