0 0.4957750582750583 0.1338174273858921 0.053904428904428904 0.23858921161825727
0 0.5249125874125874 0.26218879668049794 0.05973193473193473 0.2619294605809129
0 0.07022144522144522 0.3682572614107884 0.05652680652680653 0.12240663900414937
0 0.3173076923076923 0.3698132780082988 0.07867132867132867 0.11929460580912864
0 0.1555944055944056 0.2725622406639004 0.05536130536130536 0.2567427385892116
0 0.868006993006993 0.31898340248962653 0.05419580419580419 0.22095435684647302
0 0.8971445221445221 0.3770746887966805 0.060023310023310024 0.10477178423236515
0 0.7252331002331003 0.09647302904564316 0.050699300699300696 0.19294605809128632
0 0.6960955710955711 0.044605809128630707 0.050699300699300696 0.08921161825726141
0 0.5866841491841492 0.8609958506224067 0.053904428904428904 0.23858921161825727
0 0.6025641025641025 0.928941908713693 0.0337995337995338 0.1421161825726141
0 0.2953088578088578 0.6600103734439834 0.05973193473193473 0.21524896265560167
0 0.25888694638694637 0.6314834024896265 0.04516317016317016 0.2204356846473029
0 0.2636946386946387 0.4932572614107884 0.05536130536130536 0.1275933609958506
0 0.287004662004662 0.4766597510373444 0.03787878787878788 0.09439834024896265
0 0.32284382284382285 0.48184647302904565 0.04195804195804196 0.10477178423236515
0 0.20643939393939395 0.545902489626556 0.039335664335664336 0.11151452282157677
0 0.4146270396270396 0.4854771784232365 0.05652680652680653 0.11203319502074689
0 0.4206002331002331 0.6405601659751037 0.06264568764568765 0.21784232365145229
0 0.24621212121212122 0.9356846473029046 0.05536130536130536 0.12863070539419086
0 0.03161421911421911 0.6262966804979253 0.05099067599067599 0.21006224066390042
0 0.10227272727272728 0.49221991701244816 0.043706293706293704 0.12551867219917012
0 0.05536130536130536 0.516597510373444 0.04079254079254079 0.17427385892116182
0 0.0678904428904429 0.4870331950207469 0.030885780885780884 0.11514522821576763
0 0.004370629370629371 0.516597510373444 0.008741258741258742 0.17427385892116182
0 0.03817016317016317 0.4725103734439834 0.03787878787878788 0.08609958506224066
0 0.9252622377622378 0.8316908713692946 0.056818181818181816 0.2411825726141079
0 0.9912587412587412 0.6758298755186722 0.017482517482517484 0.25622406639004147
0 0.6357808857808858 0.5440871369294605 0.03263403263403263 0.229253112033195