0 0.7122395833333334 0.06944444444444445 0.036458333333333336 0.13425925925925927
0 0.65234375 0.10416666666666667 0.041666666666666664 0.1111111111111111
0 0.654296875 0.052083333333333336 0.040364583333333336 0.10416666666666667
0 0.7102864583333334 0.5416666666666666 0.048177083333333336 0.21296296296296297
0 0.736328125 0.65625 0.053385416666666664 0.2337962962962963
0 0.330078125 0.8043981481481481 0.05078125 0.2152777777777778
0 0.4498697916666667 0.36226851851851855 0.053385416666666664 0.19212962962962962
0 0.4173177083333333 0.3368055555555556 0.040364583333333336 0.19675925925925927
0 0.421875 0.19212962962962962 0.049479166666666664 0.1574074074074074
0 0.4427083333333333 0.1574074074074074 0.033854166666666664 0.16666666666666666
0 0.474609375 0.17476851851851852 0.037760416666666664 0.15046296296296297
0 0.3704427083333333 0.2604166666666667 0.03515625 0.09953703703703703
0 0.228515625 0.27662037037037035 0.037760416666666664 0.16898148148148148
0 0.23893229166666666 0.22916666666666666 0.037760416666666664 0.16666666666666666
0 0.19010416666666666 0.29398148148148145 0.041666666666666664 0.17592592592592593
0 0.2734375 0.12731481481481483 0.0390625 0.1574074074074074
0 0.23372395833333334 0.1261574074074074 0.03515625 0.13657407407407407
0 0.203125 0.13078703703703703 0.033854166666666664 0.1597222222222222
0 0.171875 0.15393518518518517 0.033854166666666664 0.15046296296296297
0 0.13997395833333334 0.1701388888888889 0.040364583333333336 0.1412037037037037
0 0.22526041666666666 0.08101851851851852 0.033854166666666664 0.1388888888888889
0 0.419921875 0.6851851851851852 0.05078125 0.23148148148148148
0 0.53125 0.9189814814814815 0.059895833333333336 0.16203703703703703
0 0.5546875 0.8645833333333334 0.06770833333333333 0.24305555555555555
0 0.5455729166666666 0.3587962962962963 0.052083333333333336 0.19907407407407407
0 0.556640625 0.16550925925925927 0.05078125 0.18287037037037038
0 0.9837239583333334 0.2916666666666667 0.032552083333333336 0.1712962962962963
0 0.9811197916666666 0.5162037037037037 0.037760416666666664 0.1712962962962963
0 0.9029947916666666 0.4976851851851852 0.05078125 0.22685185185185186
0 0.9309895833333334 0.4722222222222222 0.044270833333333336 0.2222222222222222
0 0.9602864583333334 0.2835648148148148 0.02734375 0.16435185185185186
0 0.935546875 0.2847222222222222 0.032552083333333336 0.16666666666666666
0 0.9114583333333334 0.2800925925925926 0.0390625 0.18055555555555555
0 0.8828125 0.33796296296296297 0.03125 0.1712962962962963
0 0.85546875 0.3368055555555556 0.044270833333333336 0.1875
0 0.8828125 0.2569444444444444 0.026041666666666668 0.10185185185185185
0 0.8854166666666666 0.11805555555555555 0.028645833333333332 0.16666666666666666
0 0.8587239583333334 0.12152777777777778 0.037760416666666664 0.16898148148148148
0 0.845703125 0.19907407407407407 0.040364583333333336 0.16203703703703703
0 0.8411458333333334 0.09259259259259259 0.033854166666666664 0.1527777777777778
0 0.8072916666666666 0.1076388888888889 0.03125 0.13194444444444445
0 0.7506510416666666 0.10185185185185185 0.040364583333333336 0.14814814814814814
0 0.06315104166666667 0.5995370370370371 0.053385416666666664 0.2175925925925926
0 0.283203125 0.2025462962962963 0.032552083333333336 0.1597222222222222
0 0.16145833333333334 0.2349537037037037 0.046875 0.1597222222222222
0 0.6419270833333334 0.8854166666666666 0.06770833333333333 0.22916666666666666