0 0.19564606741573035 0.32925 0.05758426966292135 0.2075
0 0.23075842696629215 0.30175 0.04353932584269663 0.2125
0 0.2258426966292135 0.1455 0.05337078651685393 0.17
0 0.2813202247191011 0.21925 0.037921348314606744 0.1075
0 0.3651685393258427 0.139 0.008988764044943821 0.178
0 0.14719101123595504 0.16675 0.0449438202247191 0.1625
0 0.1830056179775281 0.158 0.04073033707865169 0.18
0 0.08047752808988765 0.1855 0.04915730337078652 0.215
0 0.35758426966292134 0.0265 0.024157303370786518 0.053
0 0.029213483146067417 0.27175 0.047752808988764044 0.2075
0 0.7960674157303371 0.305 0.3603932584269663 0.55
0 0.501685393258427 0.287 0.23174157303370788 0.388
0 0.7292134831460674 0.3095 0.22303370786516855 0.3965
0 0.6589887640449438 0.24 0.16264044943820224 0.4445
0 0.2735955056179775 0.8615 0.0800561797752809 0.277
0 0.1904494382022472 0.8585 0.08792134831460674 0.283
0 0.13370786516853933 0.8735 0.0651685393258427 0.253
0 0.07724719101123595 0.8615 0.060112359550561795 0.2575
0 0.7081460674157304 0.8045 0.15280898876404495 0.125
0 0.3949438202247191 0.814 0.05056179775280899 0.0875
0 0.476123595505618 0.8105 0.10646067415730337 0.1025
0 0.46039325842696627 0.681 0.1294943820224719 0.1915
0 0.7039325842696629 0.669 0.06544943820224719 0.069
0 0.8615168539325843 0.714 0.08876404494382023 0.186
0 0.9230337078651686 0.6685 0.05056179775280899 0.134