0 0.062359550561797754 0.228 0.051685393258426963 0.184
0 0.15224719101123596 0.2165 0.05730337078651685 0.207
0 0.1875 0.18975 0.04353932584269663 0.2125
0 0.18230337078651684 0.059 0.05337078651685393 0.118
0 0.1598314606741573 0.043 0.03651685393258427 0.086
0 0.12556179775280898 0.048 0.04101123595505618 0.096
0 0.05056179775280899 0.039 0.0449438202247191 0.078
0 0.238061797752809 0.10725 0.037921348314606744 0.1075
0 0.3241573033707865 0.0765 0.0449438202247191 0.153
0 0.39115168539325845 0.12475 0.04073033707865169 0.1825
0 0.3797752808988764 0.0815 0.04044943820224719 0.163
0 0.43258426966292135 0.1435 0.0449438202247191 0.19
0 0.4782303370786517 0.111 0.037921348314606744 0.2
0 0.34297752808988763 0.024 0.042134831460674156 0.048
0 0.3856741573033708 0.018 0.037640449438202245 0.036
0 0.41882022471910113 0.0265 0.03651685393258427 0.053
0 0.45196629213483147 0.0365 0.03651685393258427 0.073
0 0.48651685393258426 0.043 0.043820224719101124 0.086
0 0.8157303370786517 0.7765 0.039887640449438204 0.225
0 0.7775280898876404 0.787 0.03258426966292135 0.225
0 0.7367977528089887 0.784 0.034269662921348316 0.2205