0 0.25967741935483873 0.4239961759082218 0.02043010752688172 0.2304015296367113
0 0.23312365591397857 0.37903441682600386 0.024913978494623734 0.11603250478011462
0 0.2801075268817204 0.2375717017208413 0.02043010752688172 0.18451242829827916
0 0.3216397849462366 0.17686424474187382 0.041666666666666664 0.21032504780114722
0 0.3639784946236559 0.1923996175908222 0.051075268817204304 0.19837476099426385
0 0.3895161290322581 0.07743785850860421 0.04032258064516129 0.15487571701720843
0 0.3564516129032258 0.06453154875717017 0.03870967741935484 0.12906309751434034
0 0.3510752688172043 0.04063097514340344 0.03333333333333333 0.08126195028680688
0 0.27983870967741936 0.05019120458891013 0.01989247311827957 0.10038240917782026
0 0.30806451612903224 0.03824091778202677 0.03870967741935484 0.07648183556405354
0 0.3209677419354839 0.03107074569789675 0.026881720430107527 0.0621414913957935
0 0.523252688172043 0.3011472275334608 0.04973118279569892 0.2198852772466539
0 0.4962365591397849 0.4187380497131931 0.054838709677419356 0.24091778202676864
0 0.8336021505376344 0.44407265774378585 0.06290322580645161 0.19024856596558318
0 0.9155913978494624 0.5 0.05268817204301075 0.07839388145315487
0 0.7060483870967742 0.13623326959847037 0.04973118279569892 0.1959847036328872
0 0.7920698924731183 0.11591778202676864 0.05510752688172043 0.19837476099426385
0 0.8255376344086022 0.09560229445506692 0.04139784946236559 0.19120458891013384
0 0.8739247311827957 0.03107074569789675 0.03602150537634408 0.0621414913957935
0 0.9564516129032258 0.027246653919694074 0.043010752688172046 0.05449330783938815
0 0.11935483870967742 0.7825047801147228 0.23870967741935484 0.4349904397705545