0 0.1966216216216216 0.3473557692307692 0.05540540540540541 0.19951923076923078
0 0.16283783783783784 0.32091346153846156 0.041891891891891894 0.20432692307692307
0 0.16756756756756758 0.17067307692307693 0.051351351351351354 0.16346153846153846
0 0.11418918918918919 0.24158653846153846 0.03648648648648649 0.10336538461538461
0 0.30743243243243246 0.14302884615384615 0.052702702702702706 0.18990384615384615
0 0.31283783783783786 0.3293269230769231 0.05810810810810811 0.20192307692307693
0 0.01891891891891892 0.16442307692307692 0.03783783783783784 0.17115384615384616
0 0.010810810810810811 0.05144230769230769 0.021621621621621623 0.10288461538461538
0 0.24324324324324326 0.19110576923076922 0.043243243243243246 0.15625
0 0.2087837837837838 0.18269230769230768 0.03918918918918919 0.17307692307692307
0 0.027567567567567567 0.8096153846153846 0.05081081081081081 0.25240384615384615
0 0.09243243243243243 0.8100961538461539 0.04162162162162162 0.2485576923076923
0 0.15486486486486487 0.8067307692307693 0.07081081081081081 0.2485576923076923
0 0.2445945945945946 0.8120192307692308 0.05081081081081081 0.25240384615384615
0 0.32594594594594595 0.8086538461538462 0.0681081081081081 0.25