0 0.4041666666666667 0.512962962962963 0.06145833333333333 0.09259259259259259
0 0.04479166666666667 0.49074074074074076 0.04583333333333333 0.13703703703703704
0 0.5268229166666667 0.26064814814814813 0.04635416666666667 0.18981481481481483
0 0.4446614583333333 0.24097222222222223 0.053385416666666664 0.19212962962962962
0 0.412109375 0.21550925925925926 0.040364583333333336 0.19675925925925927
0 0.41640625 0.07453703703703704 0.049479166666666664 0.14907407407407408
0 0.43723958333333335 0.059722222222222225 0.033854166666666664 0.11944444444444445
0 0.46927083333333336 0.06435185185185185 0.0375 0.1287037037037037
0 0.5341145833333333 0.056018518518518516 0.03177083333333333 0.11203703703703703
0 0.365234375 0.13912037037037037 0.03515625 0.09953703703703703
0 0.28515625 0.10324074074074074 0.041666666666666664 0.1574074074074074
0 0.22330729166666666 0.1553240740740741 0.037760416666666664 0.16898148148148148
0 0.23372395833333334 0.10787037037037037 0.037760416666666664 0.16666666666666666
0 0.18489583333333334 0.1726851851851852 0.041666666666666664 0.17592592592592593
0 0.142578125 0.1425925925925926 0.03515625 0.18518518518518517
0 0.26796875 0.04212962962962963 0.0390625 0.08425925925925926
0 0.22838541666666667 0.03657407407407407 0.034895833333333334 0.07314814814814814
0 0.19765625 0.044444444444444446 0.033854166666666664 0.08888888888888889
0 0.16640625 0.053703703703703705 0.033854166666666664 0.10740740740740741
0 0.13463541666666667 0.059722222222222225 0.04010416666666667 0.11944444444444445
0 0.22005208333333334 0.014351851851851852 0.033854166666666664 0.028703703703703703
0 0.9872395833333333 0.06666666666666667 0.025520833333333333 0.12962962962962962
0 0.9541666666666667 0.0625 0.0375 0.125
0 0.9130208333333333 0.0587962962962963 0.036458333333333336 0.1175925925925926
0 0.8533854166666667 0.08564814814814815 0.041666666666666664 0.1111111111111111
0 0.8552083333333333 0.04259259259259259 0.040625 0.08518518518518518
0 0.9111979166666667 0.487962962962963 0.0484375 0.1425925925925926
0 0.6509114583333333 0.34375 0.053385416666666664 0.19212962962962962
0 0.618359375 0.31828703703703703 0.040364583333333336 0.19675925925925927
0 0.6229166666666667 0.1736111111111111 0.049479166666666664 0.1574074074074074
0 0.64375 0.1388888888888889 0.033854166666666664 0.16666666666666666
0 0.6756510416666667 0.15625 0.037760416666666664 0.15046296296296297
0 0.571484375 0.24189814814814814 0.03515625 0.09953703703703703
0 0.7466145833333333 0.3402777777777778 0.052083333333333336 0.19907407407407407
0 0.7576822916666667 0.14699074074074073 0.05078125 0.18287037037037038
0 0.31302083333333336 0.7912037037037037 0.471875 0.4148148148148148