0 0.13138297872340426 0.28024574669187147 0.04893617021276596 0.1786389413988658
0 0.10478723404255319 0.3331758034026465 0.05425531914893617 0.07277882797731569
0 0.3949468085106383 0.11625708884688091 0.04946808510638298 0.19659735349716445
0 0.4148936170212766 0.09546313799621928 0.009574468085106383 0.19092627599243855
0 0.29973404255319147 0.11294896030245746 0.05319148936170213 0.20321361058601134
0 0.7242021276595745 0.19659735349716445 0.43138297872340425 0.34593572778827975
0 0.24627659574468086 0.802930056710775 0.03696808510638298 0.19754253308128544
0 0.21117021276595746 0.8123818525519849 0.0300531914893617 0.19754253308128544
0 0.17367021276595745 0.8095463137996219 0.03138297872340425 0.19328922495274103
0 0.43882978723404253 0.4012287334593573 0.03829787234042553 0.06332703213610585
0 0.64375 0.6401228733459358 0.05452127659574468 0.19612476370510398
0 0.6769946808510638 0.6141304347826086 0.041223404255319146 0.2008506616257089
0 0.6723404255319149 0.4664461247637051 0.05053191489361702 0.16068052930056712
0 0.6507978723404255 0.44281663516068054 0.034574468085106384 0.14650283553875237
0 0.6184840425531914 0.44872400756143666 0.03856382978723404 0.15359168241965973
0 0.7248670212765957 0.5361531190926276 0.03590425531914894 0.10160680529300567
0 0.8698138297872341 0.5526937618147448 0.03856382978723404 0.1724952741020794
0 0.8591755319148936 0.5042533081285444 0.03856382978723404 0.17013232514177692
0 0.9090425531914894 0.5704158790170132 0.0425531914893617 0.17958412098298676
0 0.8236702127659574 0.42485822306238186 0.0398936170212766 0.11058601134215501
0 0.8643617021276596 0.41918714555765596 0.036170212765957444 0.09924385633270322
0 0.8954787234042553 0.42722117202268434 0.034574468085106384 0.11531190926275993
0 0.9273936170212767 0.43667296786389415 0.034574468085106384 0.1342155009451796
0 0.9602393617021276 0.44399810964083175 0.041223404255319146 0.1441398865784499
0 0.8731382978723404 0.3965028355387524 0.034574468085106384 0.05387523629489603
0 0.6742021276595744 0.9258034026465028 0.05159574468085106 0.14839319470699433
0 0.5460106382978723 0.6365784499054821 0.05319148936170213 0.20321361058601134
0 0.5345744680851063 0.45085066162570886 0.052127659574468084 0.16257088846880907
0 0.8139627659574468 0.47707939508506614 0.03324468085106383 0.16304347826086957
0 0.9382978723404255 0.5101606805293005 0.047872340425531915 0.16304347826086957