0 0.22180851063829787 0.27551984877126656 0.04893617021276596 0.1275992438563327
0 0.4878989361702128 0.13728733459357279 0.05452127659574468 0.19612476370510398
0 0.5211436170212767 0.11129489603024574 0.041223404255319146 0.2008506616257089
0 0.5162234042553191 0.021739130434782608 0.05053191489361702 0.043478260869565216
0 0.5688829787234042 0.04206049149338374 0.03563829787234043 0.08412098298676748
0 0.7071808510638298 0.06805293005671077 0.025 0.13610586011342155
0 0.7018617021276595 0.04300567107750473 0.03563829787234043 0.08601134215500945
0 0.3901595744680851 0.1337429111531191 0.05319148936170213 0.20321361058601134
0 0.02553191489361702 0.2495274102079395 0.05106382978723404 0.17958412098298676
0 0.009574468085106383 0.23771266540642721 0.019148936170212766 0.20321361058601134
0 0.00425531914893617 0.07136105860113422 0.00851063829787234 0.14272211720226843
0 0.018085106382978722 0.07277882797731569 0.036170212765957444 0.14555765595463138
0 0.045744680851063826 0.11247637051039698 0.031914893617021274 0.17485822306238186
0 0.07367021276595745 0.11129489603024574 0.04521276595744681 0.19139886578449905
0 0.045744680851063826 0.04064272211720227 0.026595744680851064 0.08128544423440454
0 0.08351063829787234 0.026465028355387523 0.04148936170212766 0.052930056710775046
0 0.6579787234042553 0.027882797731568997 0.03297872340425532 0.055765595463137994
0 0.14388297872340425 0.6984877126654064 0.2404255319148936 0.5415879017013232
0 0.5162234042553191 0.6743856332703214 0.33324468085106385 0.503780718336484
0 0.8231382978723404 0.751890359168242 0.06329787234042553 0.4603024574669187
0 0.7821808510638298 0.7660680529300568 0.060904255319148934 0.4673913043478261