0 0.09788359788359788 0.04472693032015066 0.04867724867724868 0.08945386064030132
0 0.07142857142857142 0.10828625235404897 0.05396825396825397 0.21657250470809794
0 0.034126984126984124 0.3785310734463277 0.05555555555555555 0.04143126177024482
0 0.11322751322751323 0.3677024482109228 0.0582010582010582 0.06308851224105462
0 0.16957671957671958 0.384180790960452 0.054497354497354496 0.030131826741996232
0 0.17857142857142858 0.2900188323917137 0.06507936507936508 0.2184557438794727
0 0.26216931216931216 0.3535781544256121 0.056613756613756616 0.09133709981167608
0 0.2541005291005291 0.3154425612052731 0.06746031746031746 0.1647834274952919
0 0.387037037037037 0.3761770244821092 0.05555555555555555 0.046139359698681735
0 0.4035714285714286 0.14124293785310735 0.062169312169312166 0.22598870056497175
0 0.4842592592592593 0.2483521657250471 0.051587301587301584 0.2189265536723164
0 0.3 0.699623352165725 0.6 0.60075329566855
0 0.07936507936507936 0.7933145009416196 0.15846560846560848 0.4129001883239171
0 0.6759259259259259 0.826271186440678 0.02513227513227513 0.23681732580037665
0 0.6537037037037037 0.8239171374764596 0.025925925925925925 0.2382297551789077