0 0.12980769230769232 0.25 0.050824175824175824 0.224609375
0 0.10233516483516483 0.370849609375 0.05631868131868132 0.24658203125
0 0.5307692307692308 0.47119140625 0.05384615384615385 0.1162109375
0 0.4043956043956044 0.0810546875 0.056043956043956046 0.162109375
0 0.43873626373626373 0.06884765625 0.04230769230769231 0.1376953125
0 0.6379120879120879 0.02978515625 0.03956043956043956 0.0595703125
0 0.28626373626373625 0.072265625 0.05934065934065934 0.14453125
0 0.2980769230769231 0.47265625 0.07417582417582418 0.11328125
0 0.45054945054945056 0.380615234375 0.0521978021978022 0.24169921875
0 0.9785714285714285 0.34130859375 0.042582417582417584 0.2802734375
0 0.9351648351648352 0.296875 0.0489010989010989 0.20166015625
0 0.832967032967033 0.2353515625 0.08131868131868132 0.24609375
0 0.7483516483516484 0.3046875 0.08461538461538462 0.23046875
0 0.6892857142857143 0.37939453125 0.05879120879120879 0.2998046875
0 0.2098901098901099 0.78173828125 0.4197802197802198 0.4326171875
0 0.5096153846153846 0.77490234375 0.30054945054945054 0.4423828125
0 0.3453296703296703 0.771484375 0.21978021978021978 0.4521484375
0 0.6486263736263737 0.93603515625 0.022527472527472527 0.1279296875
0 0.020879120879120878 0.97265625 0.041758241758241756 0.05419921875
0 0.7313186813186813 0.77392578125 0.11703296703296703 0.39892578125
0 0.9123626373626373 0.755859375 0.1620879120879121 0.37109375