0 0.31258366800535475 0.05919095776323617 0.020638107987505577 0.06989886972040452
0 0.31347612672913877 0.02944675788221297 0.020080321285140562 0.05889351576442594
0 0.34125390450691656 0.334622248661511 0.023873270861222668 0.13414634146341464
0 0.3541945560017849 0.40675193337299226 0.02643908969210174 0.14723378941106485
0 0.15294511378848727 0.5 0.025211958946898705 0.13548483045806067
0 0.21229361892012494 0.22159428911362283 0.02643908969210174 0.12091017251635931
0 0.1961178045515395 0.20568114217727543 0.01996876394466756 0.12388459250446163
0 0.19846050870147255 0.11451516954193933 0.024542614904060688 0.09904818560380725
0 0.17291387773315484 0.15749553837001784 0.01740294511378849 0.06261154074955384
0 0.19065149486836233 0.4125520523497918 0.024542614904060688 0.14425936942296252
0 0.09549308344489067 0.2027067221891731 0.02253458277554663 0.1180844735276621
0 0.10620258813029898 0.13637715645449136 0.018072289156626505 0.1078227245687091
0 0.11166889781347612 0.1087150505651398 0.013498438197233379 0.09622248661511006
0 0.07686300758589915 0.13712076145151694 0.01740294511378849 0.10633551457465794
0 0.06325301204819277 0.1189767995240928 0.014837126282909415 0.1078227245687091
0 0.07719767960731816 0.08387864366448543 0.01673360107095047 0.08447352766210589
0 0.09839357429718876 0.09265318262938727 0.01673360107095047 0.09622248661511006
0 0.11936635430611334 0.04164187983343248 0.018741633199464525 0.06409875074360499
0 0.10542168674698796 0.025877453896490186 0.01673360107095047 0.05175490779298037
0 0.0892458723784025 0.030339083878643664 0.020638107987505577 0.06067816775728733
0 0.3608879964301651 0.02795954788816181 0.014167782240071397 0.05591909577632362
0 0.4532574743418117 0.3381915526472338 0.025769745649263723 0.14143367043426533
0 0.464859437751004 0.3222784057108864 0.021976796073181617 0.14723378941106485
0 0.41934404283801874 0.22456870910172516 0.01996876394466756 0.12091017251635931
0 0.43485051316376616 0.22099940511600238 0.018741633199464525 0.11362284354550863
0 0.4338464970995091 0.17132659131469363 0.014167782240071397 0.06409875074360499
0 0.44801427933958055 0.185901249256395 0.015506470325747434 0.11362284354550863
0 0.46318607764390896 0.20121951219512196 0.014837126282909415 0.11511005353955979
0 0.4748995983935743 0.19006543723973826 0.010040160642570281 0.1049970255800119
0 0.41677822400713965 0.08387864366448543 0.01740294511378849 0.09042236763831053
0 0.23449352967425258 0.12700773349196906 0.020638107987505577 0.09473527662105889
0 0.2180946006247211 0.12180249851279 0.018741633199464525 0.1049970255800119
0 0.3183846497099509 0.5630577037477692 0.03614457831325301 0.09324806662700773
0 0.2651717983043284 0.13786436644854252 0.02253458277554663 0.1253718024985128
0 0.1363230700580098 0.030339083878643664 0.014167782240071397 0.06067816775728733
0 0.3997099509147702 0.06142177275431291 0.015506470325747434 0.0771861986912552
0 0.02108433734939759 0.33313503866745986 0.021976796073181617 0.13994646044021417
0 0.21664435519857206 0.5406008328375966 0.03302097278000892 0.1383105294467579
0 0.2887103971441321 0.18813206424747175 0.021976796073181617 0.12091017251635931
0 0.37003569834895134 0.09637120761451518 0.020638107987505577 0.09176085663295658
0 0.26360999553770637 0.560232004759072 0.03480589022757698 0.09904818560380725
0 0.2639446675591254 0.4723378941106484 0.031570727353859886 0.14143367043426533
0 0.43317715305667115 0.15318262938726948 0.021976796073181617 0.08313503866745985
0 0.46608656849620705 0.132064247471743 0.020638107987505577 0.0874479476502082
0 0.7399598393574297 0.3048780487804878 0.5200803212851406 0.6097560975609756
0 0.18384649709950915 0.9057108863771565 0.04462293618920125 0.1588340273646639
0 0.2605979473449353 0.8999107674003569 0.04194556001784917 0.14753123140987506
0 0.45872378402498887 0.6930398572278406 0.030120481927710843 0.08804283164782867