0 0.0362565445026178 0.11080074487895716 0.04842931937172775 0.21415270018621974
0 0.01832460732984293 0.22579143389199255 0.03664921465968586 0.23556797020484171
0 0.41845549738219895 0.375 0.051047120418848166 0.2164804469273743
0 0.10523560209424083 0.4250465549348231 0.06806282722513089 0.1685288640595903
0 0.243717277486911 0.45297951582867785 0.0549738219895288 0.11266294227188083
0 0.19659685863874346 0.3891992551210428 0.07068062827225131 0.24022346368715083
0 0.15078534031413612 0.48696461824953446 0.05759162303664921 0.0446927374301676
0 0.3418848167539267 0.23533519553072627 0.049738219895287955 0.23044692737430167
0 0.10732984293193717 0.75512104283054 0.21465968586387435 0.489292364990689
0 0.32931937172774867 0.75512104283054 0.2832460732984293 0.489292364990689
0 0.5698952879581152 0.7909683426443203 0.15759162303664923 0.4092178770949721
0 0.824869109947644 0.8286778398510242 0.20785340314136125 0.3365921787709497
0 0.7544502617801047 0.7900372439478585 0.09738219895287958 0.2313780260707635
0 0.8740837696335079 0.7108938547486033 0.12094240837696335 0.20623836126629422
0 0.49031413612565444 0.8677839851024208 0.020418848167539267 0.2644320297951583