0 0.9798177083333334 0.5879629629629629 0.040364583333333336 0.19907407407407407
0 0.83984375 0.30787037037037035 0.0390625 0.18518518518518517
0 0.8717447916666666 0.2986111111111111 0.037760416666666664 0.1527777777777778
0 0.876953125 0.25810185185185186 0.032552083333333336 0.1412037037037037
0 0.958984375 0.2650462962962963 0.045572916666666664 0.16435185185185186
0 0.9186197916666666 0.2511574074074074 0.037760416666666664 0.14583333333333334
0 0.90625 0.23958333333333334 0.026041666666666668 0.1412037037037037
0 0.8795572916666666 0.09259259259259259 0.029947916666666668 0.14351851851851852
0 0.84765625 0.09490740740740741 0.036458333333333336 0.16666666666666666
0 0.8307291666666666 0.08101851851851852 0.033854166666666664 0.16203703703703703
0 0.7916666666666666 0.08564814814814815 0.036458333333333336 0.12962962962962962
0 0.7532552083333334 0.07523148148148148 0.037760416666666664 0.13657407407407407
0 0.7122395833333334 0.06944444444444445 0.036458333333333336 0.13425925925925927
0 0.65234375 0.10416666666666667 0.041666666666666664 0.1111111111111111
0 0.654296875 0.052083333333333336 0.040364583333333336 0.10416666666666667
0 0.7102864583333334 0.5416666666666666 0.048177083333333336 0.21296296296296297
0 0.736328125 0.65625 0.053385416666666664 0.2337962962962963
0 0.7734375 0.9560185185185185 0.0546875 0.08796296296296297
0 0.6953125 0.9456018518518519 0.057291666666666664 0.1087962962962963
0 0.6399739583333334 0.9618055555555556 0.053385416666666664 0.0763888888888889
0 0.630859375 0.8541666666666666 0.06380208333333333 0.23148148148148148
0 0.330078125 0.8043981481481481 0.05078125 0.2152777777777778
0 0.4498697916666667 0.36226851851851855 0.053385416666666664 0.19212962962962962
0 0.4173177083333333 0.3368055555555556 0.040364583333333336 0.19675925925925927
0 0.421875 0.19212962962962962 0.049479166666666664 0.1574074074074074
0 0.4427083333333333 0.1574074074074074 0.033854166666666664 0.16666666666666666
0 0.474609375 0.17476851851851852 0.037760416666666664 0.15046296296296297
0 0.3704427083333333 0.2604166666666667 0.03515625 0.09953703703703703
0 0.2903645833333333 0.22453703703703703 0.041666666666666664 0.1574074074074074
0 0.228515625 0.27662037037037035 0.037760416666666664 0.16898148148148148
0 0.23893229166666666 0.22916666666666666 0.037760416666666664 0.16666666666666666
0 0.19010416666666666 0.29398148148148145 0.041666666666666664 0.17592592592592593
0 0.14778645833333334 0.2638888888888889 0.03515625 0.18518518518518517
0 0.2734375 0.12731481481481483 0.0390625 0.1574074074074074
0 0.23372395833333334 0.1261574074074074 0.03515625 0.13657407407407407
0 0.203125 0.13078703703703703 0.033854166666666664 0.1597222222222222
0 0.171875 0.15393518518518517 0.033854166666666664 0.15046296296296297
0 0.13997395833333334 0.1701388888888889 0.040364583333333336 0.1412037037037037
0 0.22526041666666666 0.08101851851851852 0.033854166666666664 0.1388888888888889
0 0.419921875 0.6851851851851852 0.05078125 0.23148148148148148
0 0.53125 0.9189814814814815 0.059895833333333336 0.16203703703703703
0 0.5546875 0.8645833333333334 0.06770833333333333 0.24305555555555555
0 0.059244791666666664 0.6296296296296297 0.05859375 0.23148148148148148
0 0.5455729166666666 0.3587962962962963 0.052083333333333336 0.19907407407407407
0 0.556640625 0.16550925925925927 0.05078125 0.18287037037037038
0 0.9837239583333334 0.2916666666666667 0.032552083333333336 0.1712962962962963
0 0.8919270833333334 0.46412037037037035 0.049479166666666664 0.21064814814814814
0 0.921875 0.4340277777777778 0.041666666666666664 0.19675925925925927
0 0.98046875 0.5138888888888888 0.0390625 0.22685185185185186