0 0.667027027027027 0.1673076923076923 0.025945945945945945 0.19230769230769232
0 0.5397297297297298 0.33990384615384617 0.05027027027027027 0.0798076923076923
0 0.3560810810810811 0.24471153846153845 0.05 0.1971153846153846
0 0.2695945945945946 0.22427884615384616 0.05540540540540541 0.19951923076923078
0 0.23581081081081082 0.19783653846153845 0.041891891891891894 0.20432692307692307
0 0.24027027027027026 0.06442307692307692 0.051351351351351354 0.12884615384615383
0 0.2618918918918919 0.04903846153846154 0.03513513513513514 0.09807692307692308
0 0.2951351351351351 0.05384615384615385 0.03891891891891892 0.1076923076923077
0 0.3675675675675676 0.04519230769230769 0.043243243243243246 0.09038461538461538
0 0.18716216216216217 0.11850961538461538 0.03648648648648649 0.10336538461538461
0 0.10378378378378378 0.08125 0.043243243243243246 0.1625
0 0.03986486486486487 0.13533653846153845 0.03918918918918919 0.17548076923076922
0 0.05054054054054054 0.08605769230769231 0.03945945945945946 0.17211538461538461
0 0.010810810810810811 0.1528846153846154 0.021621621621621623 0.18269230769230768
0 0.08621621621621621 0.03076923076923077 0.04054054054054054 0.06153846153846154
0 0.04513513513513513 0.025 0.036216216216216214 0.05
0 0.015405405405405406 0.03317307692307692 0.030810810810810812 0.06634615384615385
0 0.8770270270270271 0.22067307692307692 0.16135135135135134 0.25096153846153846
0 0.26675675675675675 0.7427884615384616 0.021621621621621623 0.047596153846153844
0 0.3302702702702703 0.6745192307692308 0.015405405405405406 0.041346153846153845
0 0.3527027027027027 0.9125 0.02081081081081081 0.05432692307692308
0 0.397027027027027 0.7701923076923077 0.01756756756756757 0.04471153846153846
0 0.3891891891891892 0.7596153846153846 0.011351351351351352 0.04855769230769231
0 0.4151351351351351 0.7966346153846153 0.01027027027027027 0.041346153846153845
0 0.4183783783783784 0.7793269230769231 0.018378378378378378 0.041346153846153845
0 0.4345945945945946 0.6158653846153846 0.012702702702702703 0.03798076923076923
0 0.44972972972972974 0.6134615384615385 0.011621621621621621 0.03461538461538462
0 0.4375675675675676 0.5995192307692307 0.01 0.03798076923076923
0 0.5889189189189189 0.8153846153846154 0.031081081081081083 0.0625
0 0.6154054054054054 0.8350961538461539 0.023243243243243242 0.05913461538461538
0 0.5978378378378378 0.5980769230769231 0.019189189189189187 0.02548076923076923
0 0.6713513513513514 0.6336538461538461 0.017027027027027027 0.046153846153846156
0 0.6783783783783783 0.6495192307692308 0.002972972972972973 0.03942307692307692
0 0.2635135135135135 0.4043269230769231 0.01891891891891892 0.02980769230769231
0 0.9405405405405406 0.725 0.024324324324324326 0.10144230769230769
0 0.7286486486486486 0.7807692307692308 0.030810810810810812 0.15096153846153845