0 0.31067567567567567 0.17235576923076923 0.05540540540540541 0.19951923076923078
0 0.2768918918918919 0.14591346153846155 0.041891891891891894 0.20432692307692307
0 0.28135135135135136 0.038461538461538464 0.051351351351351354 0.07692307692307693
0 0.302972972972973 0.023076923076923078 0.03513513513513514 0.046153846153846156
0 0.3362162162162162 0.027884615384615386 0.03891891891891892 0.05576923076923077
0 0.22824324324324324 0.06658653846153846 0.03648648648648649 0.10336538461538461
0 0.0808108108108108 0.08557692307692308 0.03945945945945946 0.17115384615384616
0 0.09162162162162162 0.06009615384615385 0.03945945945945946 0.1201923076923077
0 0.04108108108108108 0.10144230769230769 0.043243243243243246 0.18269230769230768
0 0.02189189189189189 0.016826923076923076 0.03513513513513514 0.03365384615384615
0 0.41 0.16875 0.05405405405405406 0.20673076923076922
0 0.4213513513513514 0.03125 0.05243243243243243 0.0625
0 0.13756756756756758 0.04471153846153846 0.03405405405405405 0.08942307692307692
0 0.01783783783783784 0.06153846153846154 0.03567567567567568 0.12307692307692308
0 0.7364864864864865 0.2721153846153846 0.19945945945945945 0.19423076923076923