0 0.15567567567567567 0.19134615384615383 0.055135135135135134 0.09615384615384616
0 0.18945945945945947 0.17692307692307693 0.04162162162162162 0.125
0 0.1845945945945946 0.07403846153846154 0.051351351351351354 0.14807692307692308
0 0.23824324324324325 0.13774038461538463 0.03648648648648649 0.10336538461538461
0 0.4002702702702703 0.17692307692307693 0.047027027027027025 0.125
0 0.3348648648648649 0.07307692307692308 0.04054054054054054 0.14615384615384616
0 0.37810810810810813 0.10288461538461538 0.03783783783783784 0.1778846153846154
0 0.36648648648648646 0.06826923076923076 0.02810810810810811 0.13653846153846153
0 0.4395945945945946 0.10408653846153847 0.03648648648648649 0.17548076923076922
0 0.4562162162162162 0.08125 0.0075675675675675675 0.1625
0 0.43864864864864866 0.04278846153846154 0.03513513513513514 0.08557692307692308
0 0.39432432432432435 0.05480769230769231 0.03513513513513514 0.10961538461538461
0 0.10918918918918918 0.08725961538461538 0.043243243243243246 0.15625
0 0.14351351351351352 0.08269230769230769 0.03945945945945946 0.16538461538461538
0 0.045 0.10528846153846154 0.0472972972972973 0.20673076923076922
0 0.009189189189189189 0.1639423076923077 0.018378378378378378 0.15096153846153845
0 0.4810810810810811 0.022596153846153846 0.04216216216216216 0.04519230769230769
0 0.6908108108108109 0.19759615384615384 0.055135135135135134 0.08365384615384615
0 0.7245945945945946 0.1831730769230769 0.04162162162162162 0.1125
0 0.7197297297297297 0.08028846153846154 0.051351351351351354 0.1605769230769231
0 0.7733783783783784 0.1502403846153846 0.03648648648648649 0.10336538461538461
0 0.9354054054054054 0.1831730769230769 0.047027027027027025 0.1125
0 0.87 0.07932692307692307 0.04054054054054054 0.15865384615384615
0 0.9132432432432432 0.11538461538461539 0.03783783783783784 0.1778846153846154
0 0.9016216216216216 0.07451923076923077 0.02810810810810811 0.14903846153846154
0 0.9747297297297297 0.11658653846153846 0.03648648648648649 0.17548076923076922
0 0.9937837837837837 0.0875 0.012432432432432432 0.175
0 0.9737837837837838 0.04903846153846154 0.03513513513513514 0.09807692307692308
0 0.9294594594594595 0.061057692307692306 0.03513513513513514 0.12211538461538461
0 0.6443243243243243 0.09975961538461539 0.043243243243243246 0.15625
0 0.6787837837837838 0.09134615384615384 0.03918918918918919 0.17307692307692307
0 0.552972972972973 0.17836538461538462 0.04756756756756757 0.12211538461538461
0 0.5801351351351351 0.11778846153846154 0.0472972972972973 0.20673076923076922
0 0.2835135135135135 0.3778846153846154 0.024864864864864864 0.1076923076923077
0 0.3072972972972973 0.39471153846153845 0.02108108108108108 0.12884615384615383
0 0.44 0.4855769230769231 0.04 0.4754807692307692
0 0.4981081081081081 0.6596153846153846 0.049189189189189186 0.23125
0 0.6778378378378378 0.5682692307692307 0.023513513513513513 0.09471153846153846