0 0.25 0.46044921875 0.05384615384615385 0.1572265625
0 0.12362637362637363 0.0654296875 0.056043956043956046 0.130859375
0 0.15796703296703296 0.05322265625 0.04230769230769231 0.1064453125
0 0.017582417582417582 0.056640625 0.035164835164835165 0.11328125
0 0.0271978021978022 0.4619140625 0.0543956043956044 0.154296875
0 0.1697802197802198 0.349365234375 0.0521978021978022 0.24169921875
0 0.37225274725274726 0.04833984375 0.0478021978021978 0.0966796875
0 0.09917582417582417 0.8525390625 0.19835164835164834 0.294921875
0 0.37225274725274726 0.830078125 0.21593406593406594 0.33984375
0 0.2664835164835165 0.76220703125 0.1260989010989011 0.18115234375
0 0.6618131868131868 0.57958984375 0.012912087912087911 0.03662109375