0 0.042702702702702704 0.027403846153846154 0.043243243243243246 0.05480769230769231
0 0.25310810810810813 0.265625 0.05540540540540541 0.19951923076923078
0 0.2868918918918919 0.23918269230769232 0.041891891891891894 0.20432692307692307
0 0.28216216216216217 0.0889423076923077 0.051351351351351354 0.16346153846153846
0 0.33554054054054056 0.15985576923076922 0.03648648648648649 0.10336538461538461
0 0.4977027027027027 0.234375 0.0472972972972973 0.19471153846153846
0 0.4754054054054054 0.125 0.03783783783783784 0.1778846153846154
0 0.4639189189189189 0.07932692307692307 0.02837837837837838 0.15865384615384615
0 0.534054054054054 0.12596153846153846 0.03135135135135135 0.175
0 0.534054054054054 0.05384615384615385 0.03135135135135135 0.1076923076923077
0 0.4916216216216216 0.06586538461538462 0.03513513513513514 0.13173076923076923
0 0.2064864864864865 0.109375 0.043243243243243246 0.15625
0 0.24094594594594596 0.10096153846153846 0.03918918918918919 0.17307692307692307
0 0.1422972972972973 0.12740384615384615 0.0472972972972973 0.20673076923076922
0 0.09297297297297297 0.21033653846153846 0.04594594594594595 0.19951923076923078
0 0.657027027027027 0.12740384615384615 0.024864864864864864 0.04519230769230769
0 0.7678378378378379 0.13317307692307692 0.04 0.06538461538461539
0 0.6678378378378378 0.1466346153846154 0.034594594594594595 0.07403846153846154
0 0.1827027027027027 0.7447115384615385 0.18972972972972973 0.5