0 0.3101315789473684 0.17392322097378277 0.05131578947368421 0.21769662921348315
0 0.23289473684210527 0.07443820224719101 0.05 0.14887640449438203
0 0.16289473684210526 0.23314606741573032 0.06157894736842105 0.15355805243445692
0 0.06736842105263158 0.2762172284644195 0.07368421052631578 0.06741573033707865
0 0.08578947368421053 0.17275280898876405 0.06315789473684211 0.25280898876404495
0 0.7576315789473684 0.15308988764044945 0.29710526315789476 0.175561797752809
0 0.541578947368421 0.03277153558052434 0.2031578947368421 0.06554307116104868
0 0.6492105263157895 0.1404494382022472 0.41842105263157897 0.1750936329588015
0 0.9021052631578947 0.721441947565543 0.1755263157894737 0.36563670411985016
0 0.6676315789473685 0.6484082397003745 0.2294736842105263 0.40402621722846443
0 0.4976315789473684 0.75 0.11526315789473685 0.22705992509363296