0 0.775 0.11514522821576763 0.018951612903225806 0.03734439834024896
0 0.6495967741935483 0.11929460580912864 0.029838709677419355 0.03941908713692946
0 0.5758064516129032 0.054979253112033194 0.0935483870967742 0.06898340248962656
0 0.7495967741935484 0.11514522821576763 0.01975806451612903 0.03734439834024896
0 0.2306451612903226 0.5658713692946058 0.025806451612903226 0.08402489626556017
0 0.4314516129032258 0.4927385892116183 0.016129032258064516 0.05394190871369295
0 0.9798387096774194 0.7479253112033195 0.04032258064516129 0.504149377593361
0 0.892459677419355 0.6906639004149377 0.11897580645161288 0.5474170124481328
0 0.5681451612903226 0.7313278008298755 0.09758064516129032 0.5311203319502075
0 0.7205645161290323 0.7536307053941909 0.12016129032258065 0.4927385892116183
0 0.7895161290322581 0.8298755186721992 0.1967741935483871 0.34024896265560167
0 0.5931451612903226 0.4870331950207469 0.14758064516129032 0.1545643153526971
0 0.8056129032258065 0.5815767634854772 0.11458064516129035 0.3083817427385892