0 0.20281456953642385 0.4653954802259887 0.04056291390728477 0.08898305084745763
0 0.10771937086092716 0.1661370056497175 0.04242549668874172 0.14653954802259886
0 0.1335885761589404 0.14671610169491525 0.03207781456953642 0.15007062146892655
0 0.12975993377483444 0.0480225988700565 0.03932119205298013 0.096045197740113
0 0.17084023178807947 0.08845338983050847 0.027938741721854305 0.0759180790960452
0 0.1423841059602649 0.3974223163841808 0.03932119205298013 0.17478813559322035
0 0.29501241721854304 0.14318502824858756 0.03621688741721854 0.1430084745762712
0 0.24482615894039736 0.04731638418079096 0.031043046357615893 0.09463276836158192
0 0.2777317880794702 0.06391242937853107 0.028973509933774833 0.12782485875706215
0 0.26903973509933776 0.043785310734463276 0.02152317880794702 0.08757062146892655
0 0.32491721854304634 0.06391242937853107 0.028145695364238412 0.12782485875706215
0 0.34664735099337746 0.053319209039548024 0.02359271523178808 0.10663841807909605
0 0.32429635761589404 0.025070621468926555 0.026903973509933773 0.05014124293785311
0 0.2903559602649007 0.03389830508474576 0.026903973509933773 0.06779661016949153
0 0.07201986754966887 0.054378531073446326 0.033112582781456956 0.10875706214689265
0 0.09830298013245033 0.054378531073446326 0.030215231788079472 0.10875706214689265
0 0.026490066225165563 0.4583333333333333 0.04966887417218543 0.10310734463276836
0 0.010140728476821192 0.13771186440677965 0.020281456953642384 0.14689265536723164
0 0.022764900662251654 0.0702683615819209 0.03642384105960265 0.1405367231638418
0 0.4145281456953642 0.3012005649717514 0.03518211920529801 0.1694915254237288
0 0.9706043046357616 0.40781073446327687 0.02580298013245039 0.07550847457627123
0 0.953228476821192 0.4929378531073446 0.024834437086092714 0.03389830508474576
0 0.960078642384106 0.3723446327683616 0.02179635761589398 0.07753531073446325
0 0.47367549668874176 0.18208333333333337 0.013886589403973585 0.06470338983050856
0 0.9062210264900662 0.33326271186440676 0.015840231788079275 0.07326977401129943
0 0.8012541390728477 0.16890536723163838 0.010347682119205299 0.06002824858757062
0 0.7396523178807947 0.16252118644067795 0.006349337748344431 0.04706920903954809
0 0.4509519867549669 0.1370056497175141 0.0020695364238410598 0.05790960451977401
0 0.6400703642384107 0.15952683615819208 0.012152317880794754 0.025268361581920886
0 0.7106332781456953 0.3428742937853107 0.016142384105960264 0.05861581920903955
0 0.6249627483443709 0.17637005649717516 0.010161423841059678 0.029766949152542438
0 0.5214362582781457 0.14475988700564973 0.017052980132450254 0.06422316384180794
0 0.5527731788079471 0.13312146892655366 0.010347682119205299 0.0614406779661017
0 0.7460513245033112 0.24444915254237287 0.015678807947019913 0.030247175141242887
0 0.887644867549669 0.2649152542372881 0.01158526490066235 0.06145480225988699
0 0.710885761589404 0.12535310734463276 0.011175496688741722 0.04449152542372881
0 0.6472557947019868 0.182683615819209 0.010049668874172269 0.0267443502824858
0 0.8365190397350993 0.3 0.018638245033112667 0.06956920903954801
0 0.8783112582781457 0.014477401129943503 0.008278145695364239 0.028954802259887006
0 0.8026407284768211 0.15565677966101693 0.009105960264900662 0.05155367231638418
0 0.7718667218543046 0.1933898305084746 0.012553807947019838 0.05344632768361587
0 0.6957367549668875 0.2642937853107345 0.01646109271523178 0.039689265536723195
0 0.7238741721854305 0.32784604519774013 0.01697019867549669 0.054378531073446326
0 0.735103476821192 0.10458333333333328 0.006725993377483443 0.04201271186440678
0 0.8247599337748344 0.18423728813559323 0.008278145695364239 0.04025423728813559
0 0.9875827814569537 0.07238700564971752 0.009933774834437087 0.06002824858757062
0 0.7342756622516556 0.23214689265536725 0.011589403973509934 0.03173022598870061
0 0.844023178807947 0.18373587570621466 0.007864238410596027 0.04731638418079096
0 0.9076986754966887 0.020480225988700564 0.009105960264900662 0.04096045197740113
0 0.7278062913907285 0.20804378531073447 0.012106788079470198 0.029103107344632794
0 0.6792218543046358 0.19208333333333333 0.014900662251655629 0.04943502824858757
0 0.8092673841059603 0.3134816384180791 0.016403145695364284 0.06641242937853105
0 0.8721026490066225 0.013418079096045197 0.008278145695364239 0.026836158192090395
0 0.49696605960264906 0.08418785310734461 0.00882864238410593 0.048312146892655346
0 0.6955298013245034 0.2063912429378531 0.01148592715231788 0.04093926553672318
0 0.6317798013245034 0.3522740112994351 0.021427980132450324 0.049180790960452046
0 0.642330298013245 0.3395550847457627 0.015227649006622502 0.046341807909604446
0 0.6690190397350994 0.3250706214689265 0.02310844370860924 0.04844632768361575
0 0.5865728476821193 0.10072033898305086 0.00981374172185432 0.029837570621468926
0 0.5097185430463577 0.3720621468926554 0.027139900662251724 0.06050847457627123
0 0.4962624172185431 0.357930790960452 0.017139900662251597 0.057669491525423784
0 0.810442880794702 0.3358545197740113 0.022301324503311303 0.069180790960452
0 0.7718501655629139 0.26254943502824857 0.013551324503311169 0.0390466101694915
0 0.7843915562913908 0.2573375706214689 0.014246688741721884 0.05088276836158189
0 0.7607740066225166 0.16328389830508477 0.011063741721854313 0.050240112994350355
0 0.7572889072847683 0.1590819209039548 0.014329470198675451 0.051899717514124304
0 0.7210264900662252 0.125225988700565 0.010608443708609317 0.03929378531073453
0 0.5647764900662252 0.15843220338983052 0.011850165562913953 0.028735875706214727
0 0.5778600993377483 0.1632909604519774 0.012996688741721892 0.025734463276836195
0 0.5396233443708609 0.10490819209039552 0.011692880794701987 0.02454802259887005
0 0.49904387417218543 0.17309322033898306 0.009263245033112629 0.05873587570621474
0 0.6310637417218543 0.21240819209039546 0.01057533112582789 0.026518361581920873
0 0.6405794701986756 0.21300141242937853 0.010856788079470206 0.02863700564971748
0 0.6848054635761589 0.24336864406779662 0.01843129139072856 0.039463276836158266
0 0.7058402317880794 0.2692796610169491 0.015546357615894017 0.05927966101694919
0 0.7188700331125828 0.223566384180791 0.013820364238410732 0.026504237288135574
0 0.7561920529801325 0.25019774011299434 0.017491721854304726 0.0390042372881356
0 0.7770943708609271 0.16403954802259885 0.009350165562913968 0.04935734463276843
0 0.7431622516556291 0.15616525423728814 0.009884105960264946 0.051504237288135635
0 0.8149751655629139 0.15298022598870056 0.0064362582781457706 0.03853107344632765
0 0.867019867549669 0.21072033898305084 0.011150662251655652 0.049858757062146826
0 0.9340811258278144 0.33588276836158193 0.019904801324503372 0.07069915254237281
0 0.9115314569536425 0.29937146892655364 0.012077814569536544 0.06590395480225984
0 0.8625827814569537 0.32293785310734463 0.014184602649006615 0.07908192090395481
0 0.8815728476821193 0.4071680790960452 0.02533940397351004 0.08658898305084739
0 0.7700745033112583 0.4922316384180791 0.026903973509933773 0.03531073446327684
0 0.7800082781456954 0.4992937853107345 0.020281456953642384 0.0211864406779661
0 0.6508692052980133 0.4795197740112994 0.036009933774834434 0.06073446327683616
0 0.6889486754966887 0.4781073446327684 0.028559602649006623 0.0635593220338983
0 0.9447392384105959 0.3619844632768362 0.017189569536423737 0.07435734463276833
0 0.9950331125827815 0.4685734463276836 0.009933774834437087 0.0557909604519774
0 0.982851821192053 0.4246610169491526 0.01283112582781457 0.056949152542372955
0 0.8179221854304636 0.18514124293785308 0.012462748344370726 0.047443502824858805
0 0.7617549668874173 0.4143220338983051 0.026382450331125736 0.07723163841807902
0 0.7812003311258279 0.39913135593220334 0.0206001655629139 0.08074858757062141
0 0.8731374172185431 0.4837570621468927 0.0451158940397351 0.052259887005649715
0 0.8942466887417219 0.4947033898305085 0.022764900662251654 0.03036723163841808
0 0.8764942052980133 0.21692090395480224 0.009201158940397358 0.052485875706214644
0 0.817251655629139 0.32564265536723164 0.02179635761589398 0.06778954802259887
0 0.8446316225165563 0.30798022598870056 0.018547185430463554 0.0905437853107345
0 0.8600331125827815 0.271271186440678 0.013501655629139027 0.06420197740113
0 0.9010761589403974 0.2918361581920904 0.014197019867549744 0.06295903954802266
0 0.1808774834437086 0.9357344632768362 0.07450331125827815 0.1285310734463277
0 0.7564155629139073 0.8026129943502824 0.1357615894039735 0.3174435028248588
0 0.6750827814569537 0.7549435028248588 0.08485099337748345 0.4901129943502825
0 0.5726407284768212 0.842867231638418 0.12003311258278146 0.3142655367231638
0 0.5478062913907285 0.8326271186440678 0.17901490066225165 0.3347457627118644