0 0.31733870967741934 0.5399139579349904 0.05241935483870968 0.2222753346080306
0 0.1935483870967742 0.0913001912045889 0.054838709677419356 0.1826003824091778
0 0.2271505376344086 0.07934990439770555 0.04139784946236559 0.1586998087954111
0 0.27553763440860213 0.014818355640535373 0.03602150537634408 0.029636711281070746
0 0.23870967741935484 0.39651051625239003 0.051075268817204304 0.23661567877629064
0 0.43172043010752686 0.0745697896749522 0.03655913978494624 0.1491395793499044
0 0.08333333333333333 0.024378585086042064 0.047311827956989246 0.04875717017208413
0 0.18440860215053764 0.5865200764818356 0.06881720430107527 0.1864244741873805
0 0.03413978494623656 0.06357552581261951 0.0456989247311828 0.12715105162523901
0 0.0868279569892473 0.6185468451242829 0.07258064516129033 0.12237093690248566
0 0.08615591397849462 0.49450286806883365 0.06586021505376344 0.23183556405353728
0 0.7379032258064516 0.36089866156787764 0.43548387096774194 0.5086042065009561
0 0.6516129032258065 0.8126195028680688 0.03306451612903226 0.04541108986615679