0 0.056561757719714965 0.20613107822410148 0.05492874109263658 0.24312896405919662
0 0.028503562945368172 0.33668076109936573 0.057007125890736345 0.26744186046511625
0 0.4902019002375297 0.4561310782241015 0.05760095011876484 0.14693446088794926
0 0.35332541567695963 0.0554968287526427 0.060570071258907364 0.1109936575052854
0 0.3904394299287411 0.042283298097251586 0.045724465558194774 0.08456659619450317
0 0.1347980997624703 0.49841437632135305 0.07719714964370546 0.06236786469344609
0 0.22565320665083136 0.0459830866807611 0.06413301662707839 0.0919661733615222
0 0.23842042755344417 0.45771670190274844 0.08016627078384798 0.14376321353065538
0 0.40320665083135393 0.3475158562367865 0.05641330166270784 0.2616279069767442
0 0.7612826603325415 0.3773784355179704 0.03770783847980998 0.1506342494714588
0 0.015439429928741092 0.9016913319238901 0.030878859857482184 0.19661733615221988
0 0.031175771971496437 0.7669133192389006 0.04453681710213777 0.21141649048625794
0 0.008016627078384799 0.7563424947145877 0.016033254156769598 0.1744186046511628
0 0.021971496437054632 0.5739957716701902 0.04156769596199525 0.08879492600422834
0 0.0418646080760095 0.5650105708245243 0.03859857482185273 0.0708245243128964
0 0.08610451306413301 0.5581395348837209 0.04156769596199525 0.05708245243128964
0 0.12975059382422802 0.5544397463002114 0.04334916864608076 0.049682875264270614
0 0.17695961995249407 0.5502114164904862 0.04156769596199525 0.0412262156448203
0 0.24465558194774348 0.5634249471458774 0.047505938242280284 0.06765327695560254
0 0.17874109263657958 0.9561310782241015 0.05463182897862233 0.08773784355179703
0 0.3807897862232779 0.8514799154334038 0.05492874109263658 0.2167019027484144
0 0.47580166270783847 0.8290169133192389 0.06086698337292162 0.21934460887949261
0 0.5129156769596199 0.7999471458773785 0.04602137767220903 0.22463002114164904
0 0.5077197149643705 0.6347780126849895 0.05641330166270784 0.17970401691331925
0 0.4836698337292161 0.6099365750528541 0.03859857482185273 0.160676532769556
0 0.44744655581947745 0.6152219873150105 0.04334916864608076 0.17124735729386892
0 0.3681710213776722 0.6057082452431289 0.047505938242280284 0.1522198731501057
0 0.5663598574821853 0.712737843551797 0.04008313539192399 0.11363636363636363
0 0.9008313539192399 0.8276955602536998 0.13093824228028503 0.3440803382663848