0 0.3643646408839779 0.2888015717092338 0.05027624309392265 0.2043222003929273
0 0.33328729281767955 0.26203339882121807 0.04281767955801105 0.2087426326129666
0 0.33812154696132596 0.10854616895874264 0.052486187845303865 0.16699410609037327
0 0.35994475138121546 0.08005893909626718 0.03591160220994475 0.16011787819253437
0 0.38176795580110495 0.08988212180746562 0.015469613259668509 0.16011787819253437
0 0.2835635359116022 0.18099214145383105 0.03729281767955801 0.1055992141453831
0 0.19861878453038673 0.14292730844793713 0.04419889502762431 0.16699410609037327
0 0.1330110497237569 0.19818271119842829 0.04005524861878453 0.17927308447937132
0 0.14406077348066298 0.14783889980353634 0.04005524861878453 0.17681728880157171
0 0.09226519337016574 0.21660117878192534 0.04419889502762431 0.18664047151277013
0 0.047375690607734805 0.18467583497053044 0.03729281767955801 0.19646365422396855
0 0.1803867403314917 0.061394891944990176 0.04143646408839779 0.12278978388998035
0 0.13839779005524863 0.05550098231827112 0.037016574585635356 0.11100196463654224
0 0.10580110497237569 0.06385068762278978 0.03591160220994475 0.12770137524557956
0 0.07265193370165746 0.07367387033398821 0.03591160220994475 0.14734774066797643
0 0.03908839779005525 0.08521611001964637 0.04281767955801105 0.14980353634577603
0 0.12955801104972375 0.03192534381139489 0.03591160220994475 0.06385068762278978
0 0.9506906077348066 0.13457760314341846 0.05110497237569061 0.22593320235756384
0 0.9748618784530386 0.25589390962671904 0.05027624309392265 0.24852652259332023
0 0.9348066298342541 0.5324165029469549 0.06077348066298342 0.0550098231827112
0 0.8759668508287293 0.5496070726915521 0.0569060773480663 0.0206286836935167
0 0.8662983425414365 0.45137524557956776 0.06740331491712707 0.21709233791748528
0 0.5473756906077348 0.41331041257367385 0.05386740331491713 0.22838899803536344
0 0.6743093922651934 0.023084479371316306 0.0569060773480663 0.04616895874263261
0 0.6426795580110497 0.2868369351669941 0.05386740331491713 0.2455795677799607
0 0.7604972375690607 0.5044204322200393 0.06353591160220995 0.11100196463654224
0 0.7856353591160221 0.4538310412573674 0.0718232044198895 0.21218074656188604
0 0.7756906077348066 0.023084479371316306 0.055248618784530384 0.04616895874263261
0 0.24392265193370166 0.8988212180746562 0.1941988950276243 0.18418467583497053
0 0.7779005524861878 0.6036345776031434 0.015469613259668509 0.03487229862475442