0 0.06916764361078546 0.3883089770354906 0.05744431418522861 0.06263048016701461
0 0.9542790152403282 0.2755741127348643 0.058909730363423216 0.17693110647181629
0 0.6990035169988277 0.21085594989561587 0.028722157092614303 0.030793319415448852
0 0.6436107854630715 0.20876826722338204 0.032825322391559206 0.025052192066805846
0 0.2444314185228605 0.7098121085594989 0.13012895662368112 0.5803757828810021
0 0.20603751465416179 0.784446764091858 0.1541617819460727 0.4311064718162839
0 0.10463071512309496 0.8032359081419624 0.11078546307151231 0.3935281837160752
0 0.037221570926143026 0.8001043841336117 0.07444314185228605 0.39979123173277664
0 0.34378663540445487 0.8987473903966597 0.06858147713950762 0.20250521920668058
0 0.43464243845252054 0.9692066805845512 0.0627198124267292 0.061586638830897704
0 0.42555685814771393 0.9274530271398748 0.07502930832356389 0.14509394572025053
0 0.591295427901524 0.7536534446764092 0.06887456037514654 0.25052192066805845
0 0.6806858147713951 0.8723903966597077 0.05715123094958968 0.24269311064718163
0 0.985052754982415 0.708768267223382 0.029894490035169988 0.2609603340292276
0 0.45193434935521687 0.4613778705636743 0.053927315357561546 0.08350730688935282
0 0.5457209847596718 0.4509394572025052 0.059788980070339975 0.06263048016701461