0 0.23764044943820226 0.0225 0.0449438202247191 0.045
0 0.30028089887640447 0.3715 0.052247191011235955 0.057
0 0.024157303370786518 0.264 0.048314606741573035 0.208
0 0.007865168539325843 0.0825 0.015730337078651686 0.165
0 0.06797752808988763 0.10175 0.0449438202247191 0.1625
0 0.0321629213483146 0.093 0.04073033707865169 0.18
0 0.16278089887640448 0.22425 0.04915730337078652 0.2075
0 0.13469101123595506 0.1205 0.04915730337078652 0.215
0 0.6567415730337078 0.302 0.0898876404494382 0.19
0 0.325 0.6865 0.029775280898876405 0.213
0 0.325 0.53 0.029775280898876405 0.17
0 0.2816011235955056 0.60425 0.037921348314606744 0.1075
0 0.31657303370786516 0.959 0.04662921348314607 0.082
0 0.11306179775280899 0.68175 0.04915730337078652 0.2025
0 0.18117977528089887 0.52425 0.042134831460674156 0.1775
0 0.13623595505617977 0.568 0.03932584269662921 0.185
0 0.14817415730337077 0.5205 0.02949438202247191 0.165
0 0.0723314606741573 0.56925 0.037921348314606744 0.1825
0 0.042837078651685394 0.538 0.032303370786516857 0.185
0 0.07303370786516854 0.478 0.03651685393258427 0.145
0 0.11938202247191011 0.493 0.03651685393258427 0.165
0 0.1648876404494382 0.43 0.04101123595505618 0.06
0 0.13455056179775282 0.4115 0.03651685393258427 0.023
0 0.09943820224719101 0.419 0.0449438202247191 0.038
0 0.20196629213483147 0.419 0.03089887640449438 0.038