0 0.6098574821852731 0.011099365750528542 0.047505938242280284 0.022198731501057084
0 0.3793052256532066 0.25396405919661735 0.06086698337292162 0.21934460887949261
0 0.34219121140142517 0.22489429175475686 0.04602137767220903 0.22463002114164904
0 0.34709026128266035 0.07452431289640592 0.05641330166270784 0.14904862579281183
0 0.37084323040380046 0.057610993657505286 0.03859857482185273 0.11522198731501057
0 0.40736342042755347 0.06289640591966174 0.04275534441805225 0.12579281183932348
0 0.28874703087885983 0.13768498942917548 0.04008313539192399 0.11363636363636363
0 0.12692992874109263 0.15618393234672304 0.043052256532066506 0.19291754756871035
0 0.1388064133016627 0.10200845665961945 0.043052256532066506 0.19027484143763213
0 0.0831353919239905 0.17600422832980972 0.047505938242280284 0.20084566596194503
0 0.17785035629453683 0.037526427061310784 0.04453681710213777 0.07505285412262157
0 0.13271971496437054 0.031183932346723044 0.03978622327790974 0.06236786469344609
0 0.09768408551068884 0.040169133192389 0.03859857482185273 0.080338266384778
0 0.06205463182897862 0.0507399577167019 0.03859857482185273 0.1014799154334038
0 0.025831353919239904 0.057610993657505286 0.045724465558194774 0.11522198731501057
0 0.12321852731591448 0.005813953488372093 0.03859857482185273 0.011627906976744186
0 0.48842042755344417 0.25 0.05938242280285035 0.22727272727272727
0 0.5008907363420427 0.06659619450317125 0.05760095011876484 0.1331923890063425
0 0.18913301662707838 0.08139534883720931 0.037410926365795724 0.16279069767441862
0 0.050475059382422804 0.108615221987315 0.05344418052256532 0.18234672304439747
0 0.7645486935866983 0.2690274841437632 0.08165083135391923 0.39693446088794926
0 0.8643111638954869 0.3086680761099366 0.051365795724465556 0.29651162790697677
0 0.9400237529691211 0.3123678646934461 0.054038004750593824 0.25
0 0.5029691211401425 0.7441860465116279 0.23812351543942992 0.4487315010570824
0 0.1496437054631829 0.7241014799154334 0.2992874109263658 0.41701902748414377
0 0.7645486935866983 0.7684989429175476 0.08165083135391923 0.3821353065539112
0 0.8643111638954869 0.8070824524312896 0.051365795724465556 0.2854122621564482
0 0.9400237529691211 0.8102536997885835 0.054038004750593824 0.24101479915433405