0 0.48555491990846683 0.37678207739307534 0.052917620137299774 0.23421588594704684
0 0.5120137299771167 0.49185336048879835 0.05491990846681922 0.23625254582484725
0 0.06779176201372998 0.5784114052953157 0.055491990846681924 0.06313645621181263
0 0.1995137299771167 0.1794806517311609 0.05863844393592677 0.21130346232179226
0 0.16375858123569795 0.1514765784114053 0.04433638443935927 0.21639511201629327
0 0.16847826086956522 0.03920570264765784 0.05434782608695652 0.07841140529531568
0 0.11227116704805493 0.0674643584521385 0.038615560640732266 0.1094704684317719
0 0.3166475972540046 0.031568228105906315 0.055491990846681924 0.06313645621181263
0 0.32251144164759726 0.16038696537678207 0.06149885583524028 0.21384928716904278
0 0.3103546910755149 0.579938900203666 0.07723112128146453 0.06008146639511202
0 0.1513157894736842 0.4984725050916497 0.05434782608695652 0.2230142566191446
0 0.015732265446224258 0.03818737270875764 0.031464530892448515 0.07637474541751528
0 0.2488558352402746 0.04837067209775967 0.04576659038901602 0.09674134419551934
0 0.2122425629290618 0.04837067209775967 0.041189931350114416 0.09674134419551934
0 0.8721395881006865 0.4363543788187373 0.08524027459954234 0.34725050916496947
0 0.6590389016018307 0.34012219959266804 0.02631578947368421 0.18380855397148677
0 0.5566361556064073 0.29378818737270873 0.014874141876430207 0.05804480651731161
0 0.5775171624713958 0.37678207739307534 0.04233409610983982 0.17260692464358451
0 0.7068077803203662 0.3329938900203666 0.02831807780320366 0.0835030549898167
0 0.721395881006865 0.3635437881873727 0.04433638443935927 0.20417515274949083
0 0.7791762013729977 0.42922606924643586 0.03546910755148741 0.23319755600814665
0 0.7906178489702517 0.34674134419551933 0.04862700228832952 0.140020366598778
0 0.9316361556064073 0.46741344195519346 0.03546910755148741 0.11710794297352342
0 0.676487414187643 0.820264765784114 0.07294050343249428 0.06771894093686355
0 0.8332379862700229 0.8009164969450102 0.08009153318077804 0.10896130346232179
0 0.8950228832951945 0.7942973523421588 0.08409610983981694 0.12270875763747455