0 0.2401388888888889 0.14130434782608695 0.05138888888888889 0.22727272727272727
0 0.2123611111111111 0.26358695652173914 0.05694444444444444 0.24950592885375494
0 0.6455555555555555 0.34782608695652173 0.05444444444444444 0.08300395256916997
0 0.5177777777777778 0.026185770750988144 0.056666666666666664 0.05237154150197629
0 0.5497222222222222 0.2801383399209486 0.05388888888888889 0.2183794466403162
0 0.41555555555555557 0.026185770750988144 0.05555555555555555 0.05237154150197629
0 0.034444444444444444 0.10770750988142293 0.05444444444444444 0.21541501976284586
0 0.014166666666666666 0.09288537549407115 0.028333333333333332 0.1857707509881423
0 0.0044444444444444444 0.5009881422924901 0.008611111111111111 0.07065217391304347
0 0.9430555555555555 0.7262845849802372 0.028055555555555556 0.2826086956521739
0 0.9738888888888889 0.666501976284585 0.008611111111111111 0.10474308300395258
0 0.8880555555555556 0.666501976284585 0.009722222222222222 0.12203557312252965
0 0.9133333333333333 0.6447628458498024 0.030555555555555555 0.2391304347826087