0 0.12680555555555556 0.2868083003952569 0.05694444444444444 0.20503952569169961
0 0.16152777777777777 0.2596343873517787 0.043055555555555555 0.2099802371541502
0 0.15666666666666668 0.10523715415019763 0.05277777777777778 0.16798418972332016
0 0.2115277777777778 0.17811264822134387 0.0375 0.10622529644268774
0 0.17305555555555555 0.5439723320158103 0.05277777777777778 0.11166007905138339
0 0.37819444444444444 0.25469367588932806 0.04861111111111111 0.20009881422924902
0 0.31083333333333335 0.09906126482213438 0.041666666666666664 0.17539525691699603
0 0.3552777777777778 0.1422924901185771 0.03888888888888889 0.18280632411067194
0 0.34347222222222223 0.09535573122529645 0.029166666666666667 0.16304347826086957
0 0.41847222222222225 0.14352766798418973 0.0375 0.18033596837944665
0 0.44763888888888886 0.11264822134387352 0.03194444444444444 0.18280632411067194
0 0.4175 0.06225296442687747 0.03611111111111111 0.12450592885375494
0 0.37194444444444447 0.07460474308300395 0.03611111111111111 0.1492094861660079
0 0.32666666666666666 0.017786561264822136 0.04 0.03557312252964427
0 0.07888888888888888 0.12623517786561264 0.044444444444444446 0.16057312252964426
0 0.11430555555555555 0.11758893280632411 0.04027777777777778 0.17786561264822134
0 0.01861111111111111 0.14476284584980237 0.03722222222222222 0.2124505928853755
0 0.6906944444444445 0.16798418972332016 0.05138888888888889 0.22727272727272727
0 0.6629166666666667 0.29026679841897235 0.05694444444444444 0.24950592885375494
0 0.6236111111111111 0.5815217391304348 0.058333333333333334 0.036561264822134384
0 0.7066666666666667 0.5701581027667985 0.06111111111111111 0.05928853754940711
0 0.9683333333333334 0.039525691699604744 0.056666666666666664 0.07905138339920949
0 0.9866666666666667 0.3211462450592885 0.02666666666666667 0.24703557312252963
0 0.8819444444444444 0.5419960474308301 0.06388888888888888 0.11561264822134387
0 0.8566666666666667 0.49110671936758893 0.07222222222222222 0.21739130434782608
0 0.8661111111111112 0.039525691699604744 0.05555555555555555 0.07905138339920949
0 0.5358333333333334 0.024703557312252964 0.04722222222222222 0.04940711462450593
0 0.7638888888888888 0.5059288537549407 0.07222222222222222 0.18774703557312253
0 0.5255555555555556 0.6521739130434783 0.03111111111111111 0.10474308300395258
0 0.92125 0.8712944664031621 0.05416666666666667 0.22974308300395258
0 0.5888888888888889 0.9174901185770751 0.07222222222222222 0.1650197628458498
0 0.6858333333333333 0.8794466403162056 0.075 0.24110671936758893
0 0.84 0.7230731225296443 0.05277777777777778 0.24456521739130435
0 0.7519444444444444 0.942193675889328 0.07055555555555555 0.11561264822134387
0 0.6583333333333333 0.983201581027668 0.06666666666666667 0.03359683794466403