0 0.061122881355932204 0.2203757225433526 0.03919491525423729 0.16618497109826588
0 0.039936440677966104 0.30979046242774566 0.04343220338983051 0.18244219653179192
0 0.3704449152542373 0.42539739884393063 0.0413135593220339 0.16799132947976878
0 0.2729872881355932 0.08038294797687862 0.04343220338983051 0.14992774566473988
0 0.29936440677966103 0.06864161849710983 0.032627118644067796 0.13728323699421965
0 0.3375 0.019869942196531792 0.028389830508474576 0.039739884393063585
0 0.11694915254237288 0.4692919075144509 0.05508474576271186 0.14089595375722544
0 0.18177966101694915 0.07117052023121387 0.04576271186440678 0.14234104046242774
0 0.19088983050847458 0.44147398843930635 0.057203389830508475 0.19653179190751446
0 0.30847457627118646 0.31701589595375723 0.04025423728813559 0.17882947976878613
0 0.4646186440677966 0.06502890173410404 0.03686440677966102 0.13005780346820808
0 0.4470338983050847 0.020592485549132948 0.029661016949152543 0.041184971098265896
0 0.49533898305084745 0.020592485549132948 0.0288135593220339 0.041184971098265896
0 0.2413135593220339 0.48735549132947975 0.053813559322033896 0.10476878612716763
0 0.16991525423728815 0.5173410404624278 0.05084745762711865 0.044797687861271675
0 0.6025423728813559 0.2973265895953757 0.08538135593220339 0.4461705202312139
0 0.9375 0.30238439306358383 0.09915254237288136 0.4656791907514451
0 0.9684322033898305 0.1958092485549133 0.06313559322033899 0.3916184971098266
0 0.7375 0.3486271676300578 0.10233050847457627 0.2966040462427746
0 0.775 0.1676300578034682 0.051694915254237285 0.22832369942196531
0 0.7290254237288135 0.12752890173410406 0.04682203389830508 0.18388728323699421
0 0.6798728813559322 0.19291907514450868 0.07584745762711864 0.18388728323699421
0 0.8161016949152542 0.3374277456647399 0.08072033898305085 0.342485549132948
0 0.8536016949152543 0.1614884393063584 0.04597457627118644 0.2402456647398844
0 0.6576271186440678 0.3475433526011561 0.0701271186440678 0.2922687861271676
0 0.8911016949152543 0.3432080924855491 0.0902542372881356 0.3247832369942196
0 0.9012711864406779 0.10079479768786127 0.03622881355932203 0.16618497109826588
0 0.8105932203389831 0.12247109826589596 0.051694915254237285 0.13800578034682082
0 0.6383474576271186 0.11921965317919075 0.044279661016949155 0.15859826589595374
0 0.6879237288135593 0.11127167630057803 0.04364406779661017 0.15426300578034682
0 0.20063559322033897 0.8338150289017341 0.02754237288135593 0.10838150289017341
0 0.21228813559322035 0.6622109826589595 0.01694915254237288 0.09465317919075145
0 0.4235169491525424 0.8552890173410405 0.02309322033898305 0.09346098265895947
0 0.17563559322033898 0.8168352601156069 0.021610169491525423 0.09754335260115607
0 0.24088983050847457 0.9598988439306358 0.03177966101694915 0.08020231213872832
0 0.04915254237288136 0.958092485549133 0.04576271186440678 0.0838150289017341
0 0.3086864406779661 0.5466040462427746 0.008898305084745763 0.013728323699421965
0 0.19936440677966102 0.5596098265895953 0.01228813559322034 0.039739884393063585
0 0.06927966101694916 0.6979768786127167 0.02076271186440678 0.07803468208092486
0 0.3207627118644068 0.5469653179190751 0.011864406779661017 0.014450867052023121
0 0.013347457627118644 0.6864161849710982 0.017372881355932204 0.08526011560693642
0 0.13114406779661017 0.5520231213872833 0.013135593220338982 0.024566473988439308
0 0.37309745762711866 0.8540462427745664 0.022033898305084745 0.14450867052023122
0 0.09704237288135592 0.629356936416185 0.017372881355932204 0.07369942196531792
0 0.07351694915254238 0.8190028901734104 0.02076271186440678 0.0888728323699422
0 0.10798728813559318 0.795021676300578 0.02754237288135593 0.08236994219653179
0 0.05635593220338983 0.8302023121387283 0.016101694915254237 0.06936416184971098
0 0.08108474576271192 0.9072687861271677 0.034631355932203206 0.10065028901734117
0 0.2542372881355932 0.6864161849710982 0.01694915254237288 0.11416184971098266
0 0.3485169491525424 0.5491329479768786 0.009745762711864408 0.01878612716763006
0 0.39832627118644065 0.8523338150289018 0.02441525423728809 0.10852601156069351
0 0.23877118644067796 0.6636560693641619 0.013135593220338982 0.08309248554913294
0 0.04639830508474576 0.645592485549133 0.013983050847457627 0.04841040462427745
0 0.3610169491525424 0.5513005780346821 0.010169491525423728 0.023121387283236993
0 0.2809322033898305 0.5473265895953757 0.013559322033898305 0.015173410404624277
0 0.08160169491525421 0.6465317919075144 0.014779661016949198 0.06430635838150289
0 0.2523305084745763 0.548771676300578 0.011440677966101695 0.018063583815028903
0 0.2510593220338983 0.6231936416184971 0.013983050847457627 0.07153179190751445
0 0.21059322033898306 0.5563583815028902 0.011016949152542373 0.033236994219653176
0 0.23622881355932204 0.5921242774566474 0.015677966101694914 0.06719653179190752
0 0.2656779661016949 0.599349710982659 0.013559322033898305 0.06864161849710983
0 0.25995762711864406 0.6282514450867052 0.013983050847457627 0.07442196531791907
0 0.2669491525423729 0.6365606936416185 0.015254237288135594 0.08092485549132948
0 0.5572033898305084 0.664378612716763 0.005084745762711864 0.04985549132947977
0 0.4408813559322034 0.6848554913294798 0.027783898305084816 0.0619075144508671
0 0.4271059322033898 0.6703973988439307 0.017546610169491463 0.05900289017341046
0 0.06794915254237294 0.6811271676300578 0.018610169491525455 0.06405346820809255
0 0.05772457627118645 0.6384104046242774 0.024499999999999876 0.043439306358381426
0 0.09468220338983044 0.5957731213872832 0.01409745762711883 0.036199421965317856
0 0.01841525423728815 0.6720303468208093 0.016813559322034023 0.07166907514450871
0 0.26822033898305087 0.5494942196531792 0.011016949152542373 0.019508670520231215
0 0.2605932203389831 0.9667630057803468 0.0211864406779661 0.06647398843930635
0 0.02245338983050838 0.8666546242774567 0.02262711864406764 0.059891618497109736
0 0.03092372881355933 0.8436127167630058 0.024737288135593265 0.08426300578034675
0 0.04376694915254236 0.8327673410404623 0.01969915254237279 0.07521676300578028
0 0.08467796610169498 0.8460549132947978 0.02665677966101689 0.08426300578034675
0 0.8980932203389831 0.8305635838150289 0.09703389830508474 0.3388728323699422
0 0.7972457627118644 0.8273121387283237 0.10656779661016949 0.3453757225433526
0 0.7290254237288135 0.8309248554913294 0.07860169491525423 0.2843208092485549
0 0.6601694915254237 0.8157514450867052 0.07266949152542374 0.28684971098265893