0 0.20810810810810812 0.20432692307692307 0.051351351351351354 0.12980769230769232
0 0.07297297297297298 0.18990384615384615 0.04054054054054054 0.18269230769230768
0 0.10270270270270271 0.18269230769230768 0.04864864864864865 0.1778846153846154
0 0.13918918918918918 0.16346153846153846 0.04864864864864865 0.1778846153846154
0 0.14324324324324325 0.33413461538461536 0.051351351351351354 0.20673076923076922
0 0.16013513513513514 0.27283653846153844 0.0445945945945946 0.17067307692307693
0 0.031081081081081083 0.03701923076923077 0.03513513513513514 0.07403846153846154
0 0.05891891891891892 0.03365384615384615 0.04216216216216216 0.0673076923076923
0 0.0945945945945946 0.040865384615384616 0.04864864864864865 0.08173076923076923
0 0.34675675675675677 0.33125 0.026486486486486487 0.1971153846153846
0 0.35567567567567565 0.1860576923076923 0.008648648648648649 0.1701923076923077
0 0.3331081081081081 0.13942307692307693 0.033783783783783786 0.1778846153846154
0 0.3324324324324324 0.028846153846153848 0.032432432432432434 0.057692307692307696
0 0.02027027027027027 0.2692307692307692 0.04054054054054054 0.21153846153846154
0 0.6772972972972973 0.2591346153846154 0.04162162162162162 0.09326923076923077