0 0.3287760416666667 0.7916666666666666 0.055989583333333336 0.21296296296296297
0 0.7356770833333334 0.6469907407407407 0.049479166666666664 0.20601851851851852
0 0.7096354166666666 0.5393518518518519 0.046875 0.2175925925925926
0 0.6529947916666666 0.1087962962962963 0.048177083333333336 0.12962962962962962
0 0.654296875 0.04976851851851852 0.05078125 0.09953703703703703
0 0.3723958333333333 0.2569444444444444 0.049479166666666664 0.125
0 0.5026041666666666 0.24305555555555555 0.0390625 0.17592592592592593
0 0.4739583333333333 0.2361111111111111 0.046875 0.1712962962962963
0 0.4388020833333333 0.2175925925925926 0.046875 0.1712962962962963
0 0.4348958333333333 0.3819444444444444 0.049479166666666664 0.19907407407407407
0 0.4186197916666667 0.3229166666666667 0.04296875 0.16435185185185186
0 0.061848958333333336 0.4988425925925926 0.05859375 0.20601851851851852
0 0.9537760416666666 0.2037037037037037 0.040364583333333336 0.1527777777777778
0 0.54296875 0.06597222222222222 0.033854166666666664 0.13194444444444445
0 0.5162760416666666 0.0625 0.040364583333333336 0.125
0 0.4817708333333333 0.06944444444444445 0.046875 0.1388888888888889
0 0.22591145833333334 0.37962962962962965 0.05078125 0.18981481481481483
0 0.21419270833333334 0.23958333333333334 0.040364583333333336 0.16435185185185186
0 0.251953125 0.19444444444444445 0.032552083333333336 0.1712962962962963
0 0.16145833333333334 0.1875 0.044270833333333336 0.1712962962962963
0 0.22200520833333334 0.061342592592592594 0.03515625 0.08564814814814815
0 0.2526041666666667 0.05787037037037037 0.03125 0.11574074074074074
0 0.19270833333333334 0.07523148148148148 0.0390625 0.09953703703703703
0 0.7727864583333334 0.1736111111111111 0.04296875 0.1388888888888889
0 0.767578125 0.08680555555555555 0.045572916666666664 0.14583333333333334
0 0.8365885416666666 0.1423611111111111 0.037760416666666664 0.1550925925925926
0 0.3932291666666667 0.6643518518518519 0.049479166666666664 0.2361111111111111
0 0.4576822916666667 0.7893518518518519 0.05859375 0.24074074074074073
0 0.6302083333333334 0.2800925925925926 0.049479166666666664 0.1712962962962963
0 0.9134114583333334 0.2152777777777778 0.029947916666666668 0.18518518518518517
0 0.8821614583333334 0.2199074074074074 0.045572916666666664 0.18055555555555555
0 0.8828125 0.15162037037037038 0.0390625 0.15046296296296297
0 0.900390625 0.4340277777777778 0.045572916666666664 0.20601851851851852
0 0.94140625 0.4363425925925926 0.041666666666666664 0.17824074074074073
0 0.9322916666666666 0.3715277777777778 0.0390625 0.1412037037037037
0 0.9388020833333334 0.3055555555555556 0.0390625 0.12037037037037036
0 0.97265625 0.3900462962962963 0.0390625 0.2013888888888889
0 0.556640625 0.3194444444444444 0.045572916666666664 0.2037037037037037
0 0.5130208333333334 0.8564814814814815 0.06510416666666667 0.2777777777777778
0 0.5319010416666666 0.7025462962962963 0.055989583333333336 0.24768518518518517