0 0.16444444444444445 0.03260869565217391 0.028888888888888888 0.06521739130434782
0 0.18472222222222223 0.038537549407114624 0.030555555555555555 0.07707509881422925
0 0.042777777777777776 0.13932806324110672 0.03611111111111111 0.11857707509881422
0 0.026805555555555555 0.10721343873517787 0.0375 0.1432806324110672
0 0.11527777777777778 0.04496047430830039 0.03611111111111111 0.08992094861660078
0 0.08236111111111111 0.1800889328063241 0.0375 0.16057312252964426
0 0.03305555555555555 0.2467885375494071 0.044444444444444446 0.19021739130434784
0 0.008333333333333333 0.22430830039525693 0.016666666666666666 0.17984189723320157
0 0.015277777777777777 0.43132411067193677 0.030555555555555555 0.0958498023715415
0 0.15041666666666667 0.2307312252964427 0.04583333333333333 0.15810276679841898
0 0.5030555555555556 0.2628458498023715 0.44333333333333336 0.4323122529644269
0 0.7147222222222223 0.15266798418972333 0.0763888888888889 0.09337944664031621
0 0.5922222222222222 0.1408102766798419 0.0661111111111111 0.03557312252964427