0 0.24619565217391304 0.07688588007736943 0.051630434782608696 0.13056092843326886
0 0.38179347826086957 0.07688588007736943 0.04076086956521739 0.15377176015473887
0 0.3521739130434783 0.07205029013539652 0.04891304347826087 0.14410058027079303
0 0.31521739130434784 0.062379110251450674 0.04891304347826087 0.12475822050290135
0 0.08097826086956522 0.07205029013539652 0.042391304347826085 0.14410058027079303
0 0.1203804347826087 0.05029013539651837 0.034239130434782605 0.10058027079303675
0 0.025815217391304348 0.04690522243713733 0.04619565217391304 0.09381044487427466
0 0.26766304347826086 0.46421663442940037 0.051630434782608696 0.1702127659574468
0 0.43233695652173915 0.14216634429400388 0.035326086956521736 0.2127659574468085
0 0.29782608695652174 0.15062862669245647 0.051630434782608696 0.22969052224371372
0 0.2896739130434783 0.21832688588007737 0.059782608695652176 0.22969052224371372
0 0.07839673913043478 0.10348162475822051 0.03940217391304348 0.1644100580270793
0 0.40625 0.46663442940038685 0.0625 0.1653771760154739
0 0.3391304347826087 0.4990328820116054 0.05543478260869565 0.10058027079303675
0 0.07907608695652174 0.2703094777562863 0.06521739130434782 0.2079303675048356
0 0.9320652173913043 0.2746615087040619 0.1358695652173913 0.5493230174081238
0 0.8258152173913044 0.2746615087040619 0.19293478260869565 0.5493230174081238
0 0.5972826086956522 0.2993230174081238 0.0782608695652174 0.5
0 0.7130434782608696 0.3104448742746615 0.10326086956521739 0.47775628626692457
0 0.35421195652173915 0.7891682785299806 0.050271739130434784 0.22243713733075435
0 0.38125 0.8931334622823984 0.05597826086956522 0.2137330754352031
0 0.08233695652173913 0.625725338491296 0.05597826086956522 0.1528046421663443
0 0.0483695652173913 0.6136363636363636 0.042391304347826085 0.1286266924564797
0 0.036684782608695655 0.8994197292069632 0.051630434782608696 0.2011605415860735
0 0.1891304347826087 0.9656673114119922 0.06521739130434782 0.06866537717601548
0 0.22092391304347825 0.6063829787234043 0.04728260869565217 0.11411992263056092