0 0.016483516483516484 0.38134765625 0.03296703296703297 0.2294921875
0 0.36428571428571427 0.08349609375 0.0521978021978022 0.1318359375
0 0.34203296703296704 0.4638671875 0.0521978021978022 0.150390625
0 0.08186813186813187 0.08544921875 0.05054945054945055 0.1708984375
0 0.15412087912087913 0.209228515625 0.06043956043956044 0.22705078125
0 0.3464285714285714 0.233642578125 0.04120879120879121 0.20263671875
0 0.31414835164835164 0.165283203125 0.04532967032967033 0.23681640625
0 0.31126373626373627 0.05126953125 0.0456043956043956 0.1025390625
0 0.21456043956043955 0.13720703125 0.04120879120879121 0.1708984375
0 0.2537087912087912 0.125 0.03983516483516483 0.1904296875
0 0.27225274725274723 0.48095703125 0.057692307692307696 0.1162109375
0 0.20494505494505494 0.455078125 0.06593406593406594 0.16796875
0 0.7826923076923077 0.47802734375 0.05879120879120879 0.1220703125
0 0.7365384615384616 0.015625 0.0521978021978022 0.03125
0 0.7148351648351648 0.39501953125 0.0521978021978022 0.2490234375
0 0.45467032967032966 0.0263671875 0.05 0.052734375
0 0.5747252747252747 0.3974609375 0.06318681318681318 0.244140625
0 0.6425824175824176 0.43994140625 0.056593406593406594 0.1982421875
0 0.9057692307692308 0.16064453125 0.06593406593406594 0.2099609375
0 0.5263736263736264 0.10205078125 0.06043956043956044 0.2041015625
0 0.718956043956044 0.115478515625 0.04120879120879121 0.20263671875
0 0.6865384615384615 0.08251953125 0.0456043956043956 0.1650390625
0 0.5870879120879121 0.05224609375 0.04120879120879121 0.1044921875
0 0.6260989010989011 0.05078125 0.04010989010989011 0.1015625
0 0.8925824175824176 0.0556640625 0.03461538461538462 0.111328125
0 0.9118131868131868 0.021484375 0.04010989010989011 0.04296875
0 0.6282967032967033 0.46435546875 0.06868131868131869 0.1494140625
0 0.3335164835164835 0.7626953125 0.012637362637362638 0.03369140625
0 0.1458791208791209 0.759765625 0.01098901098901099 0.03369140625
0 0.6178571428571429 0.80859375 0.17692307692307693 0.3828125