0 0.43940677966101693 0.4124748490945674 0.06073446327683616 0.23138832997987926
0 0.012429378531073447 0.2550301810865191 0.024858757062146894 0.2243460764587525
0 0.026271186440677965 0.13832997987927564 0.05084745762711865 0.23641851106639838
0 0.32401129943502827 0.03772635814889336 0.05367231638418079 0.07545271629778671
0 0.3694915254237288 0.27414486921529174 0.05367231638418079 0.25653923541247486
0 0.2994350282485876 0.408953722334004 0.06327683615819209 0.2605633802816901
0 0.23983050847457626 0.43561368209255535 0.07062146892655367 0.20724346076458752
0 0.21906779661016948 0.31564386317907445 0.06073446327683616 0.26911468812877265
0 0.7367231638418079 0.19064386317907445 0.12203389830508475 0.2137826961770624
0 0.5005649717514125 0.9481891348088531 0.05875706214689266 0.10362173038229376
0 0.06016949152542373 0.8548792756539235 0.05367231638418079 0.2238430583501006
0 0.0884180790960452 0.7379275653923542 0.05084745762711865 0.23641851106639838
0 0.3861581920903955 0.6071428571428571 0.05367231638418079 0.1358148893360161
0 0.403954802259887 0.5653923541247485 0.04632768361581921 0.052313883299798795
0 0.2731638418079096 0.9054325955734407 0.06497175141242938 0.1891348088531187
0 0.43135593220338986 0.8727364185110664 0.05367231638418079 0.2545271629778672
0 0.3615819209039548 0.9391348088531187 0.06327683615819209 0.12173038229376258
0 0.2542372881355932 0.5744466800804829 0.04971751412429379 0.07042253521126761
0 0.7221468926553672 0.8161066398390342 0.013723163841807889 0.11247484909456736
0 0.713276836158192 0.8135915492957747 0.013875706214689235 0.10409456740442659
0 0.6943672316384181 0.8191851106639839 0.012774011299434972 0.133148893360161
0 0.6785932203389832 0.8189034205231388 0.014180790960451927 0.13036217303822942