0 0.023612750885478158 0.4007352941176471 0.047225501770956316 0.17752100840336135
0 0.4766824085005903 0.26864495798319327 0.05608028335301062 0.23371848739495799
0 0.44716646989374265 0.14653361344537816 0.053128689492325853 0.24684873949579833
0 0.0885478158205431 0.28834033613445376 0.05608028335301062 0.26785714285714285
0 0.22402597402597402 0.41911764705882354 0.07378984651711924 0.1407563025210084
0 0.2457201889020071 0.3316701680672269 0.06345926800472255 0.2809873949579832
0 0.11216056670602124 0.051995798319327734 0.06493506493506493 0.10399159663865547
0 0.15938606847697756 0.3755252100840336 0.0590318772136954 0.22794117647058823
0 0.8962514757969303 0.34663865546218486 0.06345926800472255 0.2415966386554622
0 0.9693034238488784 0.20220588235294118 0.05608028335301062 0.26785714285714285
0 0.4949822904368359 0.9275210084033614 0.05608028335301062 0.14495798319327732
0 0.4654663518299882 0.8503151260504201 0.053128689492325853 0.24684873949579833
0 0.08293978748524203 0.5451680672268907 0.05608028335301062 0.11134453781512606
0 0.2305194805194805 0.5514705882352942 0.04427390791027155 0.12394957983193278
0 0.19834710743801653 0.5462184873949579 0.053128689492325853 0.1134453781512605
0 0.15820543093270367 0.5357142857142857 0.053128689492325853 0.09243697478991597
0 0.15407319952774498 0.6717436974789915 0.05608028335301062 0.22584033613445378
0 0.13562573789846516 0.6047794117647058 0.048701298701298704 0.18644957983193278
0 0.2718417945690673 0.9632352941176471 0.0678866587957497 0.07352941176470588
0 0.10655253837072019 0.9290966386554622 0.05608028335301062 0.14180672268907563
0 0.37514757969303425 0.5714285714285714 0.05608028335301062 0.1638655462184874
0 0.29191263282172375 0.6029411764705882 0.051357733175914994 0.226890756302521