0 0.25558659217877094 0.5894632206759444 0.05977653631284916 0.18091451292246521
0 0.20865921787709496 0.053180914512922464 0.05307262569832402 0.10636182902584493
0 0.06899441340782123 0.059145129224652086 0.04189944134078212 0.11829025844930417
0 0.1 0.05417495029821073 0.05027932960893855 0.10834990059642147
0 0.13743016759776536 0.044234592445328035 0.05027932960893855 0.08846918489065607
0 0.3660614525139665 0.1709741550695825 0.05446927374301676 0.20377733598409542
0 0.3784916201117318 0.05417495029821073 0.043016759776536316 0.10834990059642147
0 0.33798882681564246 0.03180914512922465 0.034636871508379886 0.0636182902584493
0 0.43491620111731844 0.028330019880715707 0.04748603351955307 0.05666003976143141
0 0.18659217877094972 0.47664015904572565 0.05307262569832402 0.25347912524850896
0 0.017877094972067038 0.10785288270377734 0.035754189944134075 0.21570576540755468
0 0.058379888268156425 0.606858846918489 0.06983240223463687 0.14612326043737575
0 0.037849162011173186 0.5176441351888668 0.06005586592178771 0.2659045725646123
0 0.15558659217877094 0.11630218687872763 0.05307262569832402 0.23260437375745527
0 0.16424581005586592 0.18464214711729623 0.061452513966480445 0.2360834990059642
0 0.3812849162011173 0.07554671968190854 0.04078212290502793 0.15109343936381708
0 0.11955307262569832 0.5656063618290258 0.055865921787709494 0.2286282306163022
0 0.16815642458100558 0.8891650099403579 0.2122905027932961 0.22117296222664015
0 0.2276536312849162 0.8414512922465208 0.2681564245810056 0.31709741550695825
0 0.34497206703910616 0.8891650099403579 0.17039106145251395 0.22117296222664015
0 0.702513966480447 0.820079522862823 0.14553072625698324 0.20178926441351888