0 0.013403263403263404 0.47769709543568467 0.026806526806526808 0.1628630705394191
0 0.4023892773892774 0.2328838174273859 0.014568764568764568 0.2437759336099585
0 0.0675990675990676 0.3729253112033195 0.05536130536130536 0.2645228215767635
0 0.2502913752913753 0.050311203319502076 0.050699300699300696 0.10062240663900415
0 0.09935897435897435 0.05912863070539419 0.05536130536130536 0.11825726141078838
0 0.09090909090909091 0.0954356846473029 0.0641025641025641 0.1908713692946058
0 0.2162004662004662 0.3755186721991701 0.06701631701631702 0.25933609958506226
0 0.17307692307692307 0.4828838174273859 0.06876456876456877 0.1524896265560166
0 0.14393939393939395 0.43724066390041494 0.05944055944055944 0.2437759336099585
0 0.05448717948717949 0.8609958506224067 0.023310023310023312 0.038381742738589214
0 0.4358974358974359 0.7629668049792531 0.05244755244755245 0.19813278008298754
0 0.48863636363636365 0.7697095435684648 0.09149184149184149 0.18205394190871368
0 0.8662587412587412 0.8355809128630706 0.125 0.3283195020746888
0 0.5763403263403264 0.758298755186722 0.08624708624708624 0.21628630705394192
0 0.9498834498834499 0.8366182572614108 0.10023310023310024 0.32676348547717843