0 0.02666666666666667 0.5113636363636364 0.05333333333333334 0.15711462450592886
0 0.06972222222222223 0.021245059288537548 0.05277777777777778 0.042490118577075096
0 0.2086111111111111 0.02717391304347826 0.041666666666666664 0.05434782608695652
0 0.17833333333333334 0.022233201581027668 0.05 0.044466403162055336
0 0.13666666666666666 0.1091897233201581 0.05277777777777778 0.2124505928853755
0 0.11916666666666667 0.06669960474308301 0.04611111111111111 0.13339920948616601
0 0.2477777777777778 0.45627470355731226 0.06388888888888888 0.2149209486166008
0 0.09222222222222222 0.4105731225296443 0.05277777777777778 0.2519762845849802
0 0.2247222222222222 0.54100790513834 0.07055555555555555 0.09782608695652174
0 0.16083333333333333 0.5024703557312253 0.06277777777777778 0.17490118577075098
0 0.32916666666666666 0.04594861660079051 0.021666666666666667 0.09189723320158102
0 0.2663888888888889 0.07559288537549406 0.04833333333333333 0.15118577075098813
0 0.6794444444444444 0.4140316205533597 0.051666666666666666 0.16897233201581027
0 0.14555555555555555 0.8068181818181818 0.2911111111111111 0.38636363636363635
0 0.6686111111111112 0.8646245059288538 0.22555555555555556 0.2707509881422925