0 0.21915584415584416 0.3319327731092437 0.06345926800472255 0.2415966386554622
0 0.6803423848878394 0.16780462184873948 0.05608028335301062 0.23371848739495799
0 0.6505312868949232 0.08455882352941177 0.053128689492325853 0.16911764705882354
0 0.2922077922077922 0.1875 0.05608028335301062 0.26785714285714285
0 0.42768595041322316 0.3739495798319328 0.07378984651711924 0.25210084033613445
0 0.4493801652892562 0.23082983193277312 0.06345926800472255 0.2809873949579832
0 0.3630460448642267 0.28728991596638653 0.0590318772136954 0.25210084033613445
0 0.8949232585596222 0.47163865546218486 0.07083825265643448 0.05672268907563025
0 0.9693034238488784 0.08876050420168068 0.05785123966942149 0.17752100840336135
0 0.9014167650531287 0.07457983193277311 0.05785123966942149 0.14915966386554622
0 0.8444510035419126 0.051995798319327734 0.04427390791027155 0.10399159663865547
0 0.8122786304604487 0.0467436974789916 0.053128689492325853 0.0934873949579832
0 0.7842384887839433 0.03623949579831933 0.028925619834710745 0.07247899159663866
0 0.7827626918536009 0.16228991596638656 0.025974025974025976 0.22584033613445378
0 0.20262691853600945 0.8098739495798319 0.06345926800472255 0.2415966386554622
0 0.6638134592680047 0.6457457983193278 0.05608028335301062 0.23371848739495799
0 0.6340023612750886 0.5735294117647058 0.053128689492325853 0.14705882352941177
0 0.6097992916174735 0.9558823529411765 0.07201889020070838 0.08823529411764706
0 0.4409681227863046 0.7140231092436975 0.0678866587957497 0.22846638655462184
0 0.4380165289256198 0.8944327731092437 0.07083825265643448 0.2111344537815126
0 0.34135182998819363 0.8374474789915967 0.06050767414403778 0.2809873949579832
0 0.2756788665879575 0.6654411764705882 0.05608028335301062 0.26785714285714285