0 0.47086247086247085 0.4849585062240664 0.05827505827505827 0.1690871369294606
0 0.11101398601398602 0.4730290456431535 0.05536130536130536 0.19294605809128632
0 0.14015151515151514 0.37188796680497926 0.05244755244755245 0.2437759336099585
0 0.5171911421911422 0.06275933609958506 0.05536130536130536 0.12551867219917012
0 0.32226107226107226 0.5212655601659751 0.06993006993006994 0.09647302904564316
0 0.2486888111888112 0.10736514522821576 0.056818181818181816 0.2074688796680498
0 0.3155594405594406 0.0912863070539419 0.05652680652680653 0.1825726141078838
0 0.3715034965034965 0.06898340248962656 0.043706293706293704 0.13796680497925312
0 0.40384615384615385 0.0637966804979253 0.05244755244755245 0.1275933609958506
0 0.4428904428904429 0.05342323651452282 0.05244755244755245 0.10684647302904564
0 0.44755244755244755 0.19553941908713693 0.05536130536130536 0.22302904564315354
0 0.46576340326340326 0.12940871369294607 0.04807692307692308 0.1841286307053942
0 0.666083916083916 0.1924273858921162 0.026806526806526808 0.21265560165975103
0 0.6520979020979021 0.04045643153526971 0.03613053613053613 0.08091286307053942
0 0.8458624708624709 0.42946058091286304 0.049533799533799536 0.2800829875518672
0 0.30332167832167833 0.7183609958506224 0.015151515151515152 0.021784232365145227
0 0.87995337995338 0.8490663900414938 0.08391608391608392 0.30186721991701243
0 0.7558275058275058 0.8604771784232366 0.11072261072261072 0.279045643153527