0 0.5062841530054645 0.5466019417475728 0.058469945355191254 0.1262135922330097
0 0.07950819672131147 0.44344660194174756 0.05191256830601093 0.21601941747572814
0 0.10683060109289617 0.33058252427184465 0.04918032786885246 0.22815533980582525
0 0.4603825136612022 0.05 0.05191256830601093 0.1
0 0.4387978142076503 0.4616504854368932 0.05191256830601093 0.24757281553398058
0 0.17978142076502732 0.06067961165048544 0.05027322404371585 0.12135922330097088
0 0.25163934426229506 0.15946601941747574 0.060109289617486336 0.22572815533980584
0 0.442896174863388 0.1837378640776699 0.040983606557377046 0.20145631067961164
0 0.41065573770491803 0.11650485436893204 0.0453551912568306 0.23300970873786409
0 0.40792349726775956 0.02669902912621359 0.0453551912568306 0.05339805825242718
0 0.3117486338797814 0.08786407766990291 0.040983606557377046 0.16990291262135923
0 0.3505464480874317 0.08495145631067962 0.03989071038251366 0.16990291262135923
0 0.35273224043715845 0.5330097087378641 0.06830601092896176 0.1533980582524272
0 0.022131147540983605 0.0412621359223301 0.03551912568306011 0.0825242718446602
0 0.3691256830601093 0.4810679611650485 0.05737704918032787 0.21844660194174756
0 0.30218579234972676 0.44101941747572815 0.06557377049180328 0.24029126213592233
0 0.6710382513661202 0.3048543689320388 0.11366120218579236 0.6097087378640776
0 0.5948087431693989 0.3048543689320388 0.09016393442622951 0.6097087378640776
0 0.9153005464480874 0.3048543689320388 0.14098360655737704 0.6097087378640776
0 0.7644808743169399 0.3048543689320388 0.0994535519125683 0.6097087378640776
0 0.9792349726775956 0.3048543689320388 0.041530054644808745 0.6097087378640776
0 0.842896174863388 0.3048543689320388 0.08688524590163935 0.6097087378640776
0 0.2448087431693989 0.7572815533980582 0.15245901639344261 0.29514563106796116