0 0.031464530892448515 0.539714867617108 0.06178489702517163 0.19959266802443992
0 0.47854691075514877 0.3979124236252546 0.05434782608695652 0.2265784114052953
0 0.44994279176201374 0.27953156822810593 0.05148741418764302 0.23930753564154786
0 0.07923340961098398 0.01883910386965377 0.05434782608695652 0.03767820773930754
0 0.22225400457665903 0.02494908350305499 0.04290617848970252 0.04989816700610998
0 0.19107551487414187 0.01985743380855397 0.05148741418764302 0.03971486761710794
0 0.10240274599542334 0.4170061099796334 0.05434782608695652 0.25967413441955195
0 0.28175057208237986 0.07484725050916496 0.04977116704805492 0.14969450101832993
0 0.23369565217391305 0.5575356415478615 0.07151029748283753 0.16395112016293278
0 0.25471967963386727 0.4590122199592668 0.06149885583524028 0.2724032586558045
0 0.1335812356979405 0.0835030549898167 0.05434782608695652 0.1670061099796334
0 0.12528604118993136 0.11914460285132383 0.06292906178489703 0.23828920570264767
0 0.6401601830663616 0.023930753564154784 0.04576659038901602 0.04786150712830957
0 0.6670480549199085 0.17871690427698575 0.02517162471395881 0.22708757637474541
0 0.17105263157894737 0.5137474541751528 0.057208237986270026 0.24439918533604887
0 0.3732837528604119 0.03004073319755601 0.05320366132723112 0.06008146639511202
0 0.8366704805491991 0.4394093686354379 0.15846681922196795 0.40020366598778007
0 0.7457093821510298 0.37627291242362526 0.05148741418764302 0.08503054989816701
0 0.971395881006865 0.9439918533604889 0.05148741418764302 0.1120162932790224
0 0.8651315789473685 0.7479633401221996 0.05577803203661327 0.20366598778004075
0 0.7991990846681922 0.7306517311608961 0.05606407322654462 0.18228105906313646
0 0.7439931350114416 0.7087576374745418 0.04290617848970252 0.1384928716904277
0 0.7128146453089245 0.7036659877800407 0.05148741418764302 0.12830957230142567
0 0.6896453089244852 0.6934826883910387 0.02002288329519451 0.1079429735234216
0 0.6882151029748284 0.8345213849287169 0.017162471395881007 0.2189409368635438