0 0.010688836104513063 0.39112050739957716 0.021377672209026127 0.2452431289640592
0 0.3583729216152019 0.36231501057082455 0.05641330166270784 0.23520084566596194
0 0.32868171021377673 0.2394291754756871 0.05344418052256532 0.24841437632135308
0 0.032957244655581946 0.5253699788583509 0.062351543942992874 0.12896405919661733
0 0.14519002375296913 0.5623678646934461 0.08135391923990498 0.05496828752642706
0 0.14311163895486936 0.46617336152219874 0.07125890736342043 0.24735729386892177
0 0.2179334916864608 0.037526427061310784 0.05819477434679335 0.07505285412262157
0 0.1496437054631829 0.023255813953488372 0.05819477434679335 0.046511627906976744
0 0.02167458432304038 0.08668076109936575 0.04334916864608076 0.1733615221987315
0 0.5917458432304038 0.06553911205073996 0.016033254156769598 0.13107822410147993
0 0.5691805225653207 0.09302325581395349 0.03859857482185273 0.18604651162790697
0 0.5326603325415677 0.09830866807610994 0.05463182897862233 0.19661733615221988
0 0.7983966745843231 0.2156448202959831 0.015439429928741092 0.09725158562367865
0 0.21437054631828978 0.8424947145877378 0.09441805225653206 0.17758985200845667
0 0.6371733966745843 0.8974630021141649 0.06413301662707839 0.20507399577167018
0 0.7108076009501187 0.7711416490486258 0.05641330166270784 0.26955602536997886
0 0.8470902612826603 0.9159619450317125 0.07422802850356294 0.16807610993657504
0 0.8689133016627079 0.8147463002114165 0.06383610451306414 0.28276955602536996
0 0.7820665083135392 0.8715644820295984 0.05938242280285035 0.2536997885835095