0 0.15730337078651685 0.26081460674157303 0.056179775280898875 0.1306179775280899
0 0.06530898876404495 0.33314606741573033 0.060393258426966294 0.12921348314606743
0 0.11207865168539326 0.023314606741573034 0.05337078651685393 0.04662921348314607
0 0.43426966292134833 0.40870786516853935 0.03146067415730337 0.042134831460674156
0 0.19634831460674157 0.3637640449438202 0.05898876404494382 0.13202247191011235
0 0.30252808988764046 0.38342696629213485 0.07696629213483146 0.09269662921348315
0 0.300561797752809 0.3050561797752809 0.06741573033707865 0.1404494382022472
0 0.37134831460674156 0.046348314606741575 0.0550561797752809 0.09269662921348315
0 0.30674157303370786 0.03876404494382023 0.0550561797752809 0.07752808988764046
0 0.2525280898876405 0.026685393258426966 0.042134831460674156 0.05337078651685393
0 0.22191011235955055 0.023876404494382022 0.05056179775280899 0.047752808988764044
0 0.18370786516853932 0.018258426966292134 0.05056179775280899 0.03651685393258427
0 0.1797752808988764 0.0845505617977528 0.05337078651685393 0.12078651685393259
0 0.16207865168539326 0.04915730337078652 0.04662921348314607 0.09831460674157304
0 0.8970505617977528 0.24044943820224718 0.05196629213483146 0.12921348314606743
0 0.9251404494382023 0.3099719101123595 0.05758426966292135 0.14185393258426968
0 0.48679775280898874 0.38202247191011235 0.05449438202247191 0.09550561797752809
0 0.6161516853932584 0.13160112359550563 0.05758426966292135 0.11657303370786516
0 0.5810393258426966 0.11615168539325843 0.04353932584269663 0.11938202247191011
0 0.5856741573033708 0.037921348314606744 0.05337078651685393 0.07584269662921349
0 0.5304775280898877 0.06980337078651686 0.037921348314606744 0.060393258426966294
0 0.5691011235955056 0.31558988764044943 0.05337078651685393 0.13904494382022473
0 0.6646067415730337 0.04297752808988764 0.0449438202247191 0.08595505617977528
0 0.6286516853932584 0.04297752808988764 0.04044943820224719 0.08595505617977528
0 0.7311797752808988 0.05561797752808989 0.04887640449438202 0.11123595505617978
0 0.6258426966292134 0.401123595505618 0.07191011235955057 0.05730337078651685
0 0.7825842696629214 0.09929775280898877 0.047752808988764044 0.11657303370786516
0 0.9595505617977528 0.02752808988764045 0.0449438202247191 0.0550561797752809
0 0.727808988764045 0.4199438202247191 0.07584269662921349 0.019662921348314606
0 0.7283707865168539 0.36741573033707864 0.06910112359550562 0.12471910112359551
0 0.2696629213483146 0.7558988764044944 0.36067415730337077 0.48820224719101124
0 0.7014044943820225 0.7985955056179775 0.5028089887640449 0.400561797752809
0 0.6219101123595505 0.7148876404494382 0.3438202247191011 0.5702247191011236
0 0.750561797752809 0.8382022471910112 0.49887640449438203 0.3235955056179775