0 0.31201117318435756 0.43240556660039764 0.05977653631284916 0.19483101391650098
0 0.19804469273743017 0.05815109343936382 0.05307262569832402 0.11630218687872763
0 0.4223463687150838 0.05417495029821073 0.054748603351955305 0.10834990059642147
0 0.08659217877094973 0.3585984095427435 0.06424581005586592 0.21620278330019882
0 0.0893854748603352 0.47962226640159045 0.0670391061452514 0.10039761431411531
0 0.1807262569832402 0.43588469184890655 0.057541899441340784 0.1878727634194831
0 0.2430167597765363 0.31262425447316106 0.05307262569832402 0.25347912524850896
0 0.7435754189944134 0.3081510934393638 0.2346368715083799 0.4433399602385686
0 0.11815642458100559 0.7723658051689861 0.1011173184357542 0.18290258449304175
0 0.23072625698324023 0.8250497017892644 0.06480446927374302 0.3499005964214712
0 0.3128491620111732 0.8449304174950298 0.0670391061452514 0.23658051689860835
0 0.11759776536312849 0.9010934393638171 0.1011173184357542 0.1978131212723658
0 0.1164804469273743 0.9050695825049702 0.146927374301676 0.18986083499005965
0 0.3170391061452514 0.9100397614314115 0.18379888268156425 0.17992047713717693
0 0.8231843575418994 0.8156063618290258 0.3536312849162011 0.3687872763419483
0 0.6432960893854749 0.7748508946322068 0.26731843575418995 0.2634194831013916