0 0.38218085106382976 0.09688090737240075 0.05053191489361702 0.1937618147448015
0 0.3553191489361702 0.04489603024574669 0.047872340425531915 0.08979206049149338
0 0.614095744680851 0.07561436672967864 0.05159574468085106 0.15122873345935728
0 0.18138297872340425 0.15004725897920604 0.061170212765957445 0.2055765595463138
0 0.17872340425531916 0.2433837429111531 0.06382978723404255 0.05198487712665406
0 0.09148936170212765 0.20179584120982988 0.05425531914893617 0.13516068052930058
0 0.032180851063829785 0.11342155009451796 0.05053191489361702 0.22684310018903592
0 0.8851063829787233 0.19706994328922495 0.08882978723404256 0.1446124763705104
0 0.8140957446808511 0.19801512287334594 0.149468085106383 0.14224952741020794
0 0.3553191489361702 0.6630434782608695 0.5417553191489362 0.6739130434782609
0 0.9309840425531914 0.8591682419659735 0.057180851063829786 0.21739130434782608
0 0.975 0.32325141776937616 0.05 0.10775047258979206
0 0.6640957446808511 0.5600189035916824 0.04840425531914894 0.2107750472589792
0 0.8259308510638298 0.43856332703213613 0.05186170212765957 0.1937618147448015
0 0.8138297872340425 0.32419659735349715 0.04148936170212766 0.10964083175803403
0 0.8523936170212766 0.30293005671077505 0.03351063829787234 0.0671077504725898
0 0.7598404255319149 0.2996219281663516 0.04521276595744681 0.06049149338374291