0 0.12966804979253113 0.1545643153526971 0.25933609958506226 0.3091286307053942
0 0.6296680497925311 0.1545643153526971 0.7406639004149378 0.3091286307053942
0 0.07572614107883817 0.8443983402489627 0.11410788381742738 0.3112033195020747
0 0.9481327800829875 0.8526970954356846 0.1037344398340249 0.2946058091286307
0 0.5176348547717843 0.7033195020746889 0.15975103734439833 0.24066390041493776
0 0.3495850622406639 0.6950207468879668 0.12655601659751037 0.4024896265560166
0 0.5954356846473029 0.6877593360995851 0.12033195020746888 0.23029045643153526
0 0.9035269709543569 0.7728215767634855 0.19294605809128632 0.3091286307053942
0 0.8724066390041494 0.6701244813278008 0.15145228215767634 0.15767634854771784
0 0.8724066390041494 0.6141078838174274 0.05186721991701245 0.12448132780082988
0 0.6327800829875518 0.6151452282157677 0.07053941908713693 0.12240663900414937
0 0.8402489626556017 0.6296680497925311 0.05394190871369295 0.13485477178423236
0 0.6182572614107884 0.5373443983402489 0.06224066390041494 0.07883817427385892
0 0.8340248962655602 0.5508298755186722 0.03734439834024896 0.035269709543568464
0 0.8132780082987552 0.5674273858921162 0.03734439834024896 0.1016597510373444
0 0.7842323651452282 0.5477178423236515 0.02074688796680498 0.07053941908713693
0 0.6825726141078838 0.553941908713693 0.02074688796680498 0.03319502074688797
0 0.6587136929460581 0.549792531120332 0.035269709543568464 0.024896265560165973
0 0.5653526970954357 0.8350622406639004 0.3132780082987552 0.32987551867219916