0 0.28573564593301437 0.34574468085106386 0.06429425837320574 0.24468085106382978
0 0.2117224880382775 0.19946808510638298 0.056818181818181816 0.2712765957446808
0 0.05921052631578947 0.20212765957446807 0.0687799043062201 0.26595744680851063
0 0.13322368421052633 0.2845744680851064 0.06130382775119617 0.2872340425531915
0 0.11752392344497607 0.3313829787234043 0.07476076555023924 0.275531914893617
0 0.6534090909090909 0.2632978723404255 0.4479665071770335 0.4117021276595745
0 0.21202153110047847 0.7345744680851064 0.42404306220095694 0.5308510638297872
0 0.49970095693779903 0.7127659574468085 0.14055023923444976 0.4867021276595745
0 0.7816985645933014 0.5920212765957447 0.10257177033492823 0.24521276595744682
0 0.7422248803827751 0.5936170212765958 0.04724880382775119 0.24148936170212765
0 0.6976674641148325 0.6 0.02631578947368421 0.14095744680851063
0 0.8277511961722488 0.598404255319149 0.02900717703349282 0.10797872340425532