0 0.2526595744680851 0.530718336483932 0.0574468085106383 0.11814744801512288
0 0.2970744680851064 0.04914933837429111 0.05053191489361702 0.09829867674858223
0 0.4300531914893617 0.054820415879017016 0.0398936170212766 0.10964083175803403
0 0.40106382978723404 0.0500945179584121 0.047872340425531915 0.1001890359168242
0 0.3648936170212766 0.04064272211720227 0.047872340425531915 0.08128544423440454
0 0.36117021276595745 0.16209829867674858 0.05053191489361702 0.20321361058601134
0 0.34454787234042555 0.10184310018903592 0.043882978723404256 0.16776937618147447
0 0.14773936170212765 0.15973534971644612 0.05186170212765957 0.1937618147448015
0 0.1356382978723404 0.0500945179584121 0.04148936170212766 0.1001890359168242
0 0.17420212765957446 0.028827977315689982 0.03351063829787234 0.057655954631379965
0 0.08164893617021277 0.02551984877126654 0.04521276595744681 0.05103969754253308
0 0.31861702127659575 0.4503780718336484 0.05053191489361702 0.24102079395085066
0 0.38430851063829785 0.5222117202268431 0.0601063829787234 0.13516068052930058
0 0.4853723404255319 0.10113421550094517 0.04627659574468085 0.20226843100189035
0 0.4406914893617021 0.5472589792060492 0.06648936170212766 0.08506616257088846
0 0.4601063829787234 0.4763705103969754 0.0574468085106383 0.22684310018903592
0 0.9364361702127659 0.09215500945179585 0.0425531914893617 0.11342155009451796
0 0.9382978723404255 0.045841209829867675 0.04148936170212766 0.09168241965973535
0 0.9853723404255319 0.5099243856332704 0.02925531914893617 0.15973534971644612
0 0.729654255319149 0.35562381852551983 0.05452127659574468 0.19612476370510398
0 0.6964095744680852 0.3296313799621928 0.041223404255319146 0.2008506616257089
0 0.701063829787234 0.1819470699432892 0.05053191489361702 0.16068052930056712
0 0.6485372340425531 0.2516540642722117 0.03590425531914894 0.10160680529300567
0 0.5329787234042553 0.1724952741020794 0.006382978723404255 0.15595463137996218
0 0.5436170212765957 0.06332703213610585 0.027659574468085105 0.10396975425330812
0 0.7755319148936171 0.20203213610586013 0.0425531914893617 0.15359168241965973
0 0.7416223404255319 0.1937618147448015 0.03856382978723404 0.17013232514177692
0 0.8386968085106383 0.21975425330812853 0.04654255319148936 0.20321361058601134
0 0.5731382978723404 0.04725897920604915 0.02925531914893617 0.0945179584120983
0 0.8872340425531915 0.30127599243856334 0.04521276595744681 0.19612476370510398
0 0.8675531914893617 0.7736294896030246 0.05053191489361702 0.1275992438563327
0 0.9901595744680851 0.7589792060491494 0.019680851063829788 0.17958412098298676
0 0.9712765957446808 0.7523629489603024 0.047872340425531915 0.17485822306238186
0 0.935372340425532 0.7334593572778828 0.047872340425531915 0.17485822306238186
0 0.9311170212765958 0.8998109640831758 0.05053191489361702 0.2003780718336484
0 0.9147606382978724 0.8409735349716446 0.043882978723404256 0.16776937618147447
0 0.5550531914893617 0.9574669187145558 0.05053191489361702 0.08506616257088846
0 0.9776595744680852 0.6214555765595463 0.04468085106382979 0.06332703213610585
0 0.7179521276595745 0.8988657844990549 0.05186170212765957 0.1937618147448015
0 0.7059840425531915 0.7559073724007561 0.041223404255319146 0.16776937618147447
0 0.7445478723404255 0.7098298676748582 0.03324468085106383 0.17485822306238186
0 0.652127659574468 0.7027410207939508 0.04521276595744681 0.17485822306238186
0 0.7138297872340426 0.6034971644612477 0.036170212765957444 0.027410207939508508
0 0.7452127659574468 0.6096408317580341 0.031914893617021274 0.03969754253308128
0 0.6837765957446809 0.6143667296786389 0.0398936170212766 0.04914933837429111