0 0.015335648148148149 0.21347736625514405 0.030671296296296297 0.30761316872427985
0 0.05237268518518518 0.22376543209876543 0.052662037037037035 0.39969135802469136
0 0.13859953703703703 0.25102880658436216 0.08159722222222222 0.4783950617283951
0 0.20167824074074073 0.22119341563786007 0.04050925925925926 0.35699588477366256
0 0.7615740740740741 0.32664609053497945 0.12268518518518519 0.22530864197530864
0 0.8700810185185185 0.3184156378600823 0.07407407407407407 0.22170781893004116
0 0.035590277777777776 0.5529835390946503 0.048032407407407406 0.0874485596707819
0 0.10358796296296297 0.5349794238683128 0.041666666666666664 0.051440329218107
0 0.15219907407407407 0.573559670781893 0.046296296296296294 0.1286008230452675
0 0.1918402777777778 0.559156378600823 0.03877314814814815 0.09979423868312758
0 0.2097800925925926 0.5385802469135802 0.03761574074074074 0.05864197530864197
0 0.18764467592592593 0.7703189300411523 0.04195601851851852 0.22890946502057613
0 0.22251157407407407 0.7813786008230452 0.03414351851851852 0.2006172839506173
0 0.2248263888888889 0.6311728395061729 0.029513888888888888 0.147119341563786
0 0.49855324074074076 0.6954732510288066 0.1154513888888889 0.1388888888888889