0 0.3856020942408377 0.3240223463687151 0.049738219895287955 0.09124767225325885
0 0.35916230366492147 0.2672253258845438 0.04712041884816754 0.2048417132216015
0 0.022513089005235604 0.02653631284916201 0.04502617801047121 0.05307262569832402
0 0.15104712041884816 0.03212290502793296 0.03926701570680628 0.06424581005586592
0 0.1225130890052356 0.027467411545623835 0.04712041884816754 0.05493482309124767
0 0.08691099476439791 0.018156424581005588 0.04712041884816754 0.036312849162011177
0 0.041099476439790575 0.3254189944134078 0.049738219895287955 0.08845437616387337
0 0.2793193717277487 0.04981378026070764 0.049738219895287955 0.09962756052141528
0 0.2054973821989529 0.07774674115456238 0.04554973821989529 0.15549348230912477
0 0.1806282722513089 0.34171322160148976 0.05654450261780105 0.055865921787709494
0 0.06989528795811518 0.0856610800744879 0.049738219895287955 0.1713221601489758
0 0.06230366492146597 0.12639664804469275 0.05759162303664921 0.22113594040968343
0 0.5335078534031413 0.031191806331471134 0.041884816753926704 0.06238361266294227
0 0.5531413612565445 0.18202979515828677 0.013089005235602094 0.20763500931098697
0 0.2942408376963351 0.7881750465549349 0.17356020942408376 0.4231843575418994
0 0.2198952879581152 0.5488826815642458 0.23089005235602095 0.22113594040968343
0 0.6204188481675392 0.8372905027932961 0.05235602094240838 0.2164804469273743
0 0.943717277486911 0.8116852886405959 0.049738219895287955 0.20716945996275604
0 0.9175392670157068 0.7034450651769087 0.04712041884816754 0.21880819366852886
0 0.581413612565445 0.4259776536312849 0.043455497382198956 0.11266294227188083
0 0.6568062827225131 0.9492551210428305 0.0549738219895288 0.10148975791433892
0 0.7539267015706806 0.8971135940409684 0.06282722513089005 0.20577281191806332
0 0.8200261780104712 0.4660148975791434 0.051047120418848166 0.186219739292365
0 0.7596858638743456 0.4515828677839851 0.05130890052356021 0.16387337057728119
0 0.7091623036649215 0.43156424581005587 0.03926701570680628 0.12383612662942271
0 0.680628272251309 0.4269087523277467 0.04712041884816754 0.11452513966480447
0 0.6450261780104712 0.4175977653631285 0.04712041884816754 0.09590316573556797
0 0.6413612565445026 0.5451582867783985 0.049738219895287955 0.20018621973929238
0 0.625 0.4858007448789572 0.04319371727748691 0.16527001862197394
0 0.9795811518324608 0.38733705772811916 0.040837696335078534 0.035381750465549346