0 0.20930851063829786 0.055293005671077505 0.05053191489361702 0.11058601134215501
0 0.3422872340425532 0.0609640831758034 0.0398936170212766 0.1219281663516068
0 0.31329787234042555 0.05623818525519849 0.047872340425531915 0.11247637051039698
0 0.2771276595744681 0.04678638941398866 0.047872340425531915 0.09357277882797732
0 0.047872340425531915 0.05623818525519849 0.04148936170212766 0.11247637051039698
0 0.08643617021276596 0.03497164461247637 0.03351063829787234 0.06994328922495274
0 0.39773936170212765 0.11058601134215501 0.04654255319148936 0.20793950850661624
0 0.2601063829787234 0.11885633270321361 0.05053191489361702 0.22448015122873347
0 0.2521276595744681 0.1850189035916824 0.05851063829787234 0.22448015122873347
0 0.04521276595744681 0.07655954631379962 0.03829787234042553 0.15311909262759923
0 0.48271276595744683 0.06568998109640832 0.04946808510638298 0.13137996219281664
0 0.04601063829787234 0.23582230623818526 0.06382978723404255 0.20321361058601134
0 0.9768617021276595 0.3544423440453686 0.04627659574468085 0.06994328922495274
0 0.9199468085106383 0.02835538752362949 0.04946808510638298 0.05671077504725898
0 0.6335106382978724 0.14224952741020794 0.05053191489361702 0.1275992438563327
0 0.8788563829787234 0.1895085066162571 0.05186170212765957 0.1890359168241966
0 0.8176861702127659 0.15524574669187147 0.05186170212765957 0.2055765595463138
0 0.7664893617021277 0.1280718336483932 0.0398936170212766 0.17958412098298676
0 0.7372340425531915 0.12098298676748583 0.047872340425531915 0.17485822306238186
0 0.7013297872340426 0.10207939508506617 0.047872340425531915 0.17485822306238186
0 0.6973404255319149 0.26984877126654067 0.05053191489361702 0.20321361058601134
0 0.680718085106383 0.20959357277882798 0.043882978723404256 0.16776937618147447
0 0.11303191489361702 0.7873345935727788 0.22579787234042553 0.42533081285444235