0 0.31910994764397904 0.09404096834264432 0.05602094240837696 0.18808193668528864
0 0.25418848167539265 0.03584729981378026 0.049738219895287955 0.07169459962756052
0 0.17198952879581153 0.11592178770949721 0.06544502617801047 0.23184357541899442
0 0.18769633507853403 0.038175046554934824 0.0549738219895288 0.07635009310986965
0 0.12356020942408377 0.024208566108007448 0.06282722513089005 0.048417132216014895
0 0.7662303664921466 0.21368715083798884 0.05602094240837696 0.09217877094972067
0 0.7170157068062827 0.16713221601489758 0.03926701570680628 0.18528864059590316
0 0.6680628272251309 0.18435754189944134 0.05654450261780105 0.15083798882681565
0 0.649869109947644 0.13384543761638734 0.051047120418848166 0.23044692737430167
0 0.8696335078534031 0.04422718808193669 0.04607329842931937 0.08845437616387337
0 0.5657068062827225 0.8179702048417132 0.06832460732984293 0.2835195530726257