0 0.22566137566137567 0.208804143126177 0.05026455026455026 0.20951035781544255
0 0.2518518518518518 0.10499058380414313 0.047619047619047616 0.20998116760828625
0 0.4392857142857143 0.18526365348399246 0.05952380952380952 0.2236346516007533
0 0.02275132275132275 0.09322033898305085 0.0455026455026455 0.1864406779661017
0 0.5169312169312169 0.3253295668549906 0.0455026455026455 0.2495291902071563
0 0.5107142857142857 0.21822033898305085 0.051587301587301584 0.1906779661016949
0 0.8933862433862434 0.2928436911487759 0.21322751322751324 0.3540489642184557
0 0.6492063492063492 0.256120527306968 0.18333333333333332 0.4274952919020716
0 0.6462962962962963 0.8041431261770244 0.07380952380952381 0.24152542372881355
0 0.7455026455026456 0.8041431261770244 0.056878306878306875 0.243879472693032
0 0.8325396825396826 0.8041431261770244 0.05502645502645503 0.24152542372881355
0 0.7013227513227513 0.8046139359698682 0.05740740740740741 0.24293785310734464
0 0.7907407407407407 0.8121468926553672 0.04867724867724868 0.2274011299435028
0 0.7404761904761905 0.6770244821092278 0.04576719576719577 0.13606403013182675
0 0.7846560846560846 0.6774952919020716 0.04867724867724868 0.1534839924670433
0 0.9222222222222223 0.806497175141243 0.051587301587301584 0.23681732580037665
0 0.8796296296296297 0.8060263653483992 0.04867724867724868 0.23775894538606404
0 0.8240740740740741 0.6746704331450094 0.04973544973544974 0.1492467043314501
0 0.6997354497354498 0.6732580037664784 0.041534391534391535 0.1271186440677966
0 0.8656084656084656 0.6883239171374764 0.041534391534391535 0.1586629001883239
0 0.6515873015873016 0.693502824858757 0.07275132275132275 0.1483050847457627
0 0.9084656084656084 0.6765536723163842 0.05105820105820106 0.16148775894538606