0 0.32724719101123595 0.0305 0.025280898876404494 0.061
0 0.20084269662921347 0.0365 0.042134831460674156 0.073
0 0.23202247191011235 0.0315 0.05056179775280899 0.063
0 0.2696629213483146 0.0215 0.05056179775280899 0.043
0 0.3160112359550562 0.418 0.047752808988764044 0.224
0 0.14269662921348314 0.0855 0.04943820224719101 0.171
0 0.28792134831460675 0.094 0.05337078651685393 0.188
0 0.2966292134831461 0.13975 0.06179775280898876 0.2375
0 0.052808988764044947 0.0415 0.051685393258426963 0.083
0 0.175561797752809 0.4205 0.06460674157303371 0.219
0 0.21741573033707864 0.498 0.06629213483146068 0.064
0 0.2452247191011236 0.454 0.05786516853932584 0.152
0 0.8407303370786516 0.225 0.2803370786516854 0.2365
0 0.9188202247191011 0.133 0.16207865168539326 0.266
0 0.8342696629213483 0.7995 0.17837078651685392 0.3735
0 0.5873595505617978 0.8065 0.16292134831460675 0.337
0 0.4404494382022472 0.8065 0.12275280898876405 0.3505