0 0.2608440797186401 0.583768267223382 0.05861664712778429 0.24269311064718163
0 0.16471277842907386 0.6539665970772442 0.06330597889800703 0.11169102296450939
0 0.6228018757327081 0.555062630480167 0.05568581477139507 0.23225469728601253
0 0.5934935521688159 0.4337160751565762 0.05275498241500586 0.2453027139874739
0 0.21395076201641267 0.11534446764091857 0.05568581477139507 0.1409185803757829
0 0.30158264947245017 0.6811064718162839 0.0615474794841735 0.05741127348643006
0 0.41031652989449 0.622651356993737 0.07033997655334115 0.174321503131524
0 0.4843200468933177 0.16753653444676408 0.05715123094958968 0.20876826722338204
0 0.41691090269636577 0.1296972860125261 0.05715123094958968 0.22703549060542796
0 0.3604923798358734 0.09968684759916492 0.043962485345838215 0.19832985386221294
0 0.32825322391559203 0.09394572025052192 0.05275498241500586 0.18789144050104384
0 0.28839390386869873 0.08350730688935282 0.05275498241500586 0.16701461377870563
0 0.2842907385697538 0.25626304801670147 0.05568581477139507 0.2244258872651357
0 0.2659730363423212 0.18971816283924844 0.04835873388042204 0.18528183716075156
0 0.049091441969519346 0.2536534446764092 0.05715123094958968 0.2139874739039666
0 0.03590269636576788 0.09577244258872651 0.045427901524032824 0.18528183716075156
0 0.07825322391559203 0.07045929018789145 0.0369284876905041 0.1409185803757829
0 0.6644196951934349 0.049582463465553235 0.04865181711606096 0.09916492693110647
0 0.34495896834701056 0.8549060542797495 0.6899179366940211 0.29018789144050106