0 0.3464864864864865 0.5745192307692307 0.05405405405405406 0.18942307692307692
0 0.2578378378378378 0.6370192307692307 0.05837837837837838 0.06442307692307692
0 0.30324324324324325 0.16009615384615383 0.051351351351351354 0.12980769230769232
0 0.4843243243243243 0.6081730769230769 0.06486486486486487 0.12211538461538461
0 0.5525675675675675 0.20817307692307693 0.052702702702702706 0.19230769230769232
0 0.4904054054054054 0.1733173076923077 0.052702702702702706 0.2091346153846154
0 0.4383783783783784 0.14567307692307693 0.04054054054054054 0.18269230769230768
0 0.40864864864864864 0.13846153846153847 0.04864864864864865 0.1778846153846154
0 0.37216216216216214 0.11923076923076924 0.04864864864864865 0.1778846153846154
0 0.3681081081081081 0.2899038461538462 0.051351351351351354 0.20673076923076922
0 0.35121621621621624 0.22860576923076922 0.0445945945945946 0.17067307692307693
0 0.48027027027027025 0.014903846153846155 0.03513513513513514 0.02980769230769231
0 0.4167567567567568 0.01875 0.04864864864864865 0.0375
0 0.15121621621621623 0.2875 0.052702702702702706 0.1971153846153846
0 0.13905405405405405 0.1420673076923077 0.041891891891891894 0.17067307692307693
0 0.17824324324324325 0.09519230769230769 0.033783783783783786 0.1778846153846154
0 0.08405405405405406 0.08846153846153847 0.04594594594594595 0.17692307692307693
0 0.11648648648648649 0.011538461538461539 0.04054054054054054 0.023076923076923078
0 0.7410810810810811 0.5096153846153846 0.32216216216216215 0.3173076923076923
0 0.2891891891891892 0.8274038461538461 0.5781081081081081 0.2875
0 0.2745945945945946 0.8120192307692308 0.42243243243243245 0.14951923076923077
0 0.7694594594594595 0.8480769230769231 0.37891891891891893 0.3019230769230769