0 0.5123705408515535 0.5363729508196722 0.061565017261219795 0.14651639344262296
0 0.06300345224395858 0.4208504098360656 0.05466052934407365 0.22797131147540983
0 0.09177215189873418 0.30174180327868855 0.05178365937859609 0.24077868852459017
0 0.4640391254315305 0.02920081967213115 0.05466052934407365 0.0584016393442623
0 0.16858457997698503 0.04047131147540984 0.05293440736478711 0.08094262295081968
0 0.24424626006904487 0.12115778688524591 0.06329113924050633 0.2382172131147541
0 0.4456271576524741 0.14677254098360656 0.043153049482163405 0.21260245901639344
0 0.4116800920598389 0.09938524590163934 0.047756041426927506 0.1987704918032787
0 0.3075373993095512 0.06762295081967214 0.043153049482163405 0.13524590163934427
0 0.3483889528193326 0.06608606557377049 0.04200230149597238 0.13217213114754098
0 0.6144994246260069 0.07120901639344263 0.010356731875719217 0.14241803278688525
0 0.29531070195627157 0.3952356557377049 0.06472957422324511 0.24334016393442623
0 0.38521288837744533 0.5107581967213115 0.06041426927502877 0.19774590163934427
0 0.3729861910241657 0.43109631147540983 0.056098964326812426 0.2074795081967213
0 0.7848101265822784 0.38114754098360654 0.02531645569620253 0.1168032786885246
0 0.9551208285385501 0.4067622950819672 0.0333716915995397 0.10450819672131148
0 0.7163406214039125 0.3765368852459016 0.02761795166858458 0.11577868852459017
0 0.8964326812428078 0.39344262295081966 0.02531645569620253 0.10860655737704918
0 0.6708860759493671 0.382172131147541 0.02531645569620253 0.10655737704918032
0 0.7626582278481012 0.3831967213114754 0.020138089758342925 0.10450819672131148
0 0.6444188722669736 0.3801229508196721 0.028768699654775604 0.10655737704918032
0 0.8414844649021864 0.39139344262295084 0.03279631760644419 0.10040983606557377
0 0.8682393555811277 0.39549180327868855 0.02531645569620253 0.10040983606557377
0 0.8118527042577676 0.38575819672131145 0.028768699654775604 0.11168032786885246
0 0.6245684695051784 0.36885245901639346 0.009781357882623706 0.125
0 0.740506329113924 0.3760245901639344 0.026467203682393557 0.11475409836065574
0 0.6941887226697353 0.3785860655737705 0.023590333716915997 0.10553278688524591
0 0.872554660529344 0.3125 0.023590333716915997 0.1168032786885246
0 0.8475258918296893 0.2894467213114754 0.028768699654775604 0.08504098360655737
0 0.7922899884925202 0.2817622950819672 0.026467203682393557 0.09016393442622951
0 0.8170310701956272 0.29149590163934425 0.024165707710011506 0.07889344262295082
0 0.7379171461449943 0.2761270491803279 0.03049482163406214 0.09118852459016394
0 0.7051208285385501 0.30327868852459017 0.023590333716915997 0.07991803278688525
0 0.7658227848101266 0.29047131147540983 0.026467203682393557 0.08504098360655737
0 0.6392405063291139 0.26588114754098363 0.0333716915995397 0.0932377049180328
0 0.6754890678941312 0.3109631147540984 0.026467203682393557 0.10758196721311475
0 0.6458573072497124 0.32274590163934425 0.03394706559263521 0.08401639344262295
0 0.9223245109321059 0.39702868852459017 0.02991944764096663 0.1096311475409836