0 0.26052631578947366 0.23735955056179775 0.05 0.12640449438202248
0 0.48368421052631577 0.28370786516853935 0.01263157894736842 0.18726591760299627
0 0.44276315789473686 0.25023408239700373 0.05131578947368421 0.20365168539325842
0 0.39210526315789473 0.22331460674157302 0.039473684210526314 0.17790262172284643
0 0.3631578947368421 0.21629213483146068 0.04736842105263158 0.17322097378277154
0 0.32763157894736844 0.19756554307116106 0.04736842105263158 0.17322097378277154
0 0.3236842105263158 0.3637640449438202 0.05 0.20131086142322097
0 0.30723684210526314 0.30407303370786515 0.04342105263157895 0.16619850187265917
0 0.4328947368421053 0.0552434456928839 0.034210526315789476 0.1104868913857678
0 0.40578947368421053 0.05196629213483146 0.04105263157894737 0.10393258426966293
0 0.37105263157894736 0.05898876404494382 0.04736842105263158 0.11797752808988764
0 0.1125 0.36142322097378277 0.05131578947368421 0.19194756554307116
0 0.1006578947368421 0.21980337078651685 0.04078947368421053 0.16619850187265917
0 0.1388157894736842 0.17415730337078653 0.03289473684210526 0.17322097378277154
0 0.04736842105263158 0.16713483146067415 0.04473684210526316 0.17322097378277154
0 0.10842105263157895 0.04119850187265917 0.035789473684210524 0.08239700374531835
0 0.1394736842105263 0.04728464419475655 0.031578947368421054 0.0945692883895131
0 0.07894736842105263 0.05360486891385768 0.039473684210526314 0.10065543071161048
0 0.75 0.4747191011235955 0.056842105263157895 0.149812734082397
0 0.7939473684210526 0.0149812734082397 0.05 0.0299625468164794
0 0.9255263157894736 0.020599250936329586 0.039473684210526314 0.04119850187265917
0 0.8571052631578947 0.09691011235955056 0.05 0.19382022471910113
0 0.8407894736842105 0.05805243445692884 0.04368421052631579 0.11610486891385768
0 0.5 0.21114232209737827 0.02 0.20880149812734083
0 0.6460526315789473 0.09316479400749064 0.05105263157894737 0.18632958801498128
0 0.9626315789473684 0.4220505617977528 0.060526315789473685 0.20365168539325842
0 0.8152631578947368 0.37874531835205993 0.05 0.23876404494382023
0 0.9407894736842105 0.5028089887640449 0.0668421052631579 0.09363295880149813
0 0.8802631578947369 0.46629213483146065 0.05947368421052632 0.16666666666666666
0 0.9786842105263158 0.06647940074906367 0.04263157894736842 0.13295880149812733
0 0.05368421052631579 0.7050561797752809 0.10736842105263159 0.31086142322097376
0 0.21078947368421053 0.7205056179775281 0.14789473684210527 0.34176029962546817
0 0.35 0.774812734082397 0.09473684210526316 0.450374531835206
0 0.39131578947368423 0.726123595505618 0.06789473684210526 0.3529962546816479
0 0.2905263157894737 0.6942883895131086 0.08421052631578947 0.2893258426966292
0 0.15657894736842104 0.7162921348314607 0.11 0.3333333333333333