0 0.13253697383390217 0.35526315789473684 0.06143344709897611 0.048582995951417005
0 0.5770762229806599 0.277834008097166 0.0540386803185438 0.2034412955465587
0 0.5486348122866894 0.1715587044534413 0.051194539249146756 0.23785425101214575
0 0.2027872582480091 0.2793522267206478 0.0540386803185438 0.20040485829959515
0 0.3478384527872582 0.2818825910931174 0.06541524459613197 0.19534412955465588
0 0.2775881683731513 0.3157894736842105 0.05802047781569966 0.12753036437246965
0 0.01962457337883959 0.08704453441295547 0.03924914675767918 0.17408906882591094
0 0.39761092150170646 0.05516194331983806 0.06257110352673492 0.11032388663967611
0 0.19880546075085323 0.06174089068825911 0.042662116040955635 0.12348178137651822
0 0.23208191126279865 0.034919028340080975 0.04664391353811149 0.06983805668016195
0 0.29266211604095566 0.3410931174089069 0.07110352673492605 0.07692307692307693
0 0.9712741751990899 0.20521255060728744 0.0540386803185438 0.22520242914979757
0 0.9425483503981797 0.10323886639676114 0.051194539249146756 0.20647773279352227
0 0.6518771331058021 0.2813765182186235 0.023890784982935155 0.19635627530364372
0 0.6604095563139932 0.21002024291497975 0.040955631399317405 0.25
0 0.7387656427758816 0.145748987854251 0.058304891922639365 0.23785425101214575
0 0.7997724687144482 0.051113360323886636 0.055745164960182024 0.10222672064777327
0 0.295221843003413 0.6052631578947368 0.3654721274175199 0.20445344129554655
0 0.6948236632536974 0.8744939271255061 0.08674630261660979 0.25101214574898784