0 0.17803030303030304 0.3482883817427386 0.05536130536130536 0.2308091286307054
0 0.20716783216783216 0.22769709543568464 0.05244755244755245 0.2437759336099585
0 0.4932983682983683 0.5072614107883817 0.05303030303030303 0.12448132780082988
0 0.38723776223776224 0.5435684647302904 0.07983682983682984 0.05186721991701245
0 0.38927738927738925 0.4491701244813278 0.06993006993006994 0.24066390041493776
0 0.3155594405594406 0.03319502074688797 0.05652680652680653 0.06639004149377593
0 0.5032051282051282 0.08143153526970955 0.033216783216783216 0.1628630705394191
0 0.0168997668997669 0.09284232365145229 0.0337995337995338 0.18568464730290457
0 0.4737762237762238 0.7131742738589212 0.09207459207459208 0.21265560165975103
0 0.3991841491841492 0.6820539419087137 0.10839160839160839 0.1275933609958506
0 0.2202797202797203 0.7059128630705395 0.1048951048951049 0.14159751037344398
0 0.16958041958041958 0.7359958506224067 0.15268065268065267 0.16493775933609958
0 0.07051282051282051 0.7634854771784232 0.14102564102564102 0.2204356846473029
0 0.45454545454545453 0.7847510373443983 0.13053613053613053 0.43049792531120334
0 0.8138111888111889 0.8713692946058091 0.19376456876456877 0.2572614107883817
0 0.9347319347319347 0.8573651452282157 0.10431235431235432 0.28526970954356845
0 0.9682400932400932 0.8469917012448133 0.06351981351981352 0.30601659751037347
0 0.916083916083916 0.7448132780082988 0.10984848484848485 0.14107883817427386
0 0.8653846153846154 0.7375518672199171 0.06031468531468531 0.13226141078838174
0 0.782051282051282 0.7515560165975104 0.10431235431235432 0.1716804979253112
0 0.6346153846153846 0.8008298755186722 0.13898601398601398 0.20383817427385892
0 0.5745920745920746 0.8646265560165975 0.10955710955710955 0.27074688796680496