0 0.18342245989304812 0.4838403041825095 0.057754010695187166 0.09125475285171103
0 0.5927807486631016 0.3987642585551331 0.033689839572192515 0.21197718631178708
0 0.5745989304812834 0.2884980988593156 0.0481283422459893 0.22338403041825095
0 0.22807486631016044 0.03136882129277566 0.05080213903743316 0.06273764258555133
0 0.4748663101604278 0.07034220532319392 0.052406417112299465 0.14068441064638784
0 0.41336898395721927 0.05750950570342205 0.052406417112299465 0.1150190114068441
0 0.36176470588235293 0.0370722433460076 0.040106951871657755 0.0741444866920152
0 0.332620320855615 0.03231939163498099 0.0481283422459893 0.06463878326996197
0 0.2962566844919786 0.022813688212927757 0.0481283422459893 0.045627376425855515
0 0.29251336898395724 0.12690114068441063 0.05080213903743316 0.20437262357414449
0 0.275668449197861 0.07509505703422054 0.04438502673796792 0.15019011406844107
0 0.07794117647058824 0.12452471482889733 0.05213903743315508 0.19486692015209126
0 0.06577540106951872 0.03231939163498099 0.04171122994652406 0.06463878326996197
0 0.3991978609625668 0.44344106463878324 0.06149732620320856 0.1720532319391635
0 0.3090909090909091 0.48716730038022815 0.05454545454545454 0.08460076045627377
0 0.24946524064171122 0.41254752851711024 0.05080213903743316 0.2338403041825095
0 0.7473262032085561 0.1449619771863118 0.06042780748663101 0.19866920152091255
0 0.9545454545454546 0.15019011406844107 0.040641711229946524 0.16159695817490494
0 0.8620320855614974 0.16064638783269963 0.05454545454545454 0.22053231939163498
0 0.6580213903743316 0.16634980988593157 0.08288770053475936 0.20152091254752852
0 0.7045454545454546 0.16920152091254753 0.046524064171122995 0.18250950570342206
0 0.9807486631016042 0.17490494296577946 0.038502673796791446 0.13498098859315588
0 0.7911764705882353 0.18488593155893537 0.051871657754010696 0.21958174904942965
0 0.9155080213903743 0.21197718631178708 0.05668449197860963 0.27756653992395436
0 0.8820855614973262 0.33365019011406843 0.08074866310160428 0.38783269961977185
0 0.8200534759358289 0.3288973384030418 0.07540106951871657 0.4011406844106464
0 0.7537433155080214 0.3602661596958175 0.07112299465240642 0.3060836501901141
0 0.9852941176470589 0.36311787072243346 0.029411764705882353 0.2870722433460076
0 0.9302139037433155 0.36359315589353614 0.052941176470588235 0.30133079847908745
0 0.9743315508021391 0.3678707224334601 0.051336898395721926 0.30988593155893535
0 0.6395721925133689 0.3688212927756654 0.059893048128342244 0.32129277566539927
0 0.6975935828877006 0.37690114068441066 0.0786096256684492 0.3051330798479088
0 0.36122994652406415 0.6801330798479087 0.012566844919786097 0.021863117870722433
0 0.9540106951871657 0.9424904942965779 0.0481283422459893 0.1150190114068441
0 0.8959893048128342 0.5750950570342205 0.04973262032085562 0.09125475285171103
0 0.6213903743315508 0.7067490494296578 0.023529411764705882 0.12832699619771862
0 0.8546791443850268 0.754277566539924 0.05213903743315508 0.19011406844106463
0 0.7931818181818182 0.719819391634981 0.05213903743315508 0.2067490494296578
0 0.741711229946524 0.6924904942965779 0.040106951871657755 0.1806083650190114
0 0.7122994652406417 0.685361216730038 0.0481283422459893 0.1758555133079848
0 0.6762032085561497 0.6663498098859315 0.0481283422459893 0.1758555133079848
0 0.672192513368984 0.8350760456273765 0.05080213903743316 0.20437262357414449
0 0.6554812834224599 0.7744771863117871 0.04411764705882353 0.16872623574144488
0 0.7831550802139038 0.5537072243346007 0.034759358288770054 0.04847908745247148
0 0.7556149732620321 0.5503802281368821 0.04171122994652406 0.04182509505703422
0 0.7203208556149733 0.5575095057034221 0.0481283422459893 0.05608365019011407