0 0.08260869565217391 0.4323017408123791 0.04891304347826087 0.11411992263056092
0 0.024456521739130436 0.05319148936170213 0.04891304347826087 0.10638297872340426
0 0.025815217391304348 0.014506769825918761 0.051630434782608696 0.029013539651837523
0 0.14320652173913043 0.045938104448742745 0.04728260869565217 0.09187620889748549
0 0.15421195652173914 0.15401353965183753 0.04483695652173913 0.15232108317214701
0 0.21807065217391305 0.11774661508704062 0.03940217391304348 0.15715667311411993
0 0.26358695652173914 0.1733558994197292 0.043478260869565216 0.19100580270793036
0 0.26902173913043476 0.07906189555125726 0.03804347826086957 0.11363636363636363
0 0.30095108695652173 0.1576402321083172 0.036684782608695655 0.16924564796905223
0 0.3179347826086957 0.1165377176015474 0.035326086956521736 0.17408123791102514
0 0.2967391304347826 0.38733075435203096 0.0391304347826087 0.20406189555125726
0 0.32663043478260867 0.3994197292069632 0.02608695652173913 0.17988394584139264
0 0.328804347826087 0.2625725338491296 0.021739130434782608 0.13829787234042554
0 0.017663043478260868 0.19100580270793036 0.035326086956521736 0.17891682785299806
0 0.8141304347826087 0.16876208897485492 0.11847826086956521 0.05319148936170213
0 0.6554347826086957 0.23210831721470018 0.07880434782608696 0.09719535783365571
0 0.2388586956521739 0.7446808510638298 0.19483695652173913 0.5106382978723404
0 0.9101902173913043 0.6382978723404256 0.050271739130434784 0.22243713733075435
0 0.9373641304347826 0.7579787234042553 0.05570652173913043 0.2441972920696325
0 0.5133152173913044 0.8999032882011605 0.05271739130434783 0.20019342359767892
0 0.6383152173913044 0.5203094777562862 0.05597826086956522 0.061895551257253385
0 0.5929347826086957 0.7676499032882012 0.051630434782608696 0.2393617021276596
0 0.8619565217391304 0.9700193423597679 0.07608695652173914 0.059961315280464215
0 0.6478260869565218 0.9327852998065764 0.06956521739130435 0.1344294003868472
0 0.7464673913043478 0.965183752417795 0.07336956521739131 0.06963249516441006
0 0.7471467391304348 0.866779497098646 0.06657608695652174 0.23452611218568664