0 0.3849726775956284 0.28932038834951457 0.07868852459016394 0.36456310679611653
0 0.3081967213114754 0.30145631067961165 0.09153005464480875 0.47378640776699027
0 0.15846994535519127 0.3339805825242718 0.14153005464480875 0.566990291262136
0 0.04890710382513661 0.29854368932038833 0.07021857923497268 0.42330097087378643
0 0.8693989071038252 0.5553398058252427 0.0546448087431694 0.16893203883495145
0 0.5319672131147541 0.5441747572815534 0.05191256830601093 0.1912621359223301
0 0.5592896174863388 0.4441747572815534 0.04918032786885246 0.22815533980582525
0 0.6185792349726776 0.030097087378640777 0.05027322404371585 0.06019417475728155
0 0.9131147540983606 0.14805825242718446 0.05191256830601093 0.13106796116504854
0 0.7300546448087432 0.5893203883495146 0.06557377049180328 0.10097087378640776
0 0.6610655737704918 0.1966019417475728 0.05327868852459016 0.1941747572815534
0 0.7239071038251366 0.16140776699029127 0.05327868852459016 0.2111650485436893
0 0.7765027322404372 0.13349514563106796 0.040983606557377046 0.18446601941747573
0 0.8065573770491803 0.1262135922330097 0.04918032786885246 0.1796116504854369
0 0.8434426229508196 0.10679611650485436 0.04918032786885246 0.1796116504854369
0 0.8475409836065574 0.279126213592233 0.05191256830601093 0.2087378640776699
0 0.8646174863387979 0.21723300970873785 0.045081967213114756 0.17233009708737865
0 0.492896174863388 0.06650485436893204 0.04480874316939891 0.13300970873786408
0 0.49836065573770494 0.022815533980582524 0.048087431693989074 0.04563106796116505