0 0.11047120418848168 0.5749534450651769 0.05654450261780105 0.14990689013035383
0 0.5196335078534031 0.4615921787709497 0.049738219895287955 0.20716945996275604
0 0.49345549738219896 0.35335195530726254 0.04712041884816754 0.21880819366852886
0 0.1544502617801047 0.06936685288640596 0.049738219895287955 0.12569832402234637
0 0.2850785340314136 0.07169459962756052 0.03926701570680628 0.14338919925512103
0 0.25654450261780104 0.0670391061452514 0.04712041884816754 0.1340782122905028
0 0.22094240837696336 0.05772811918063315 0.04712041884816754 0.1154562383612663
0 0.007853403141361256 0.0670391061452514 0.015706806282722512 0.1340782122905028
0 0.03324607329842932 0.046089385474860335 0.032984293193717276 0.09217877094972067
0 0.17539267015706805 0.4790502793296089 0.049738219895287955 0.23743016759776536
0 0.33965968586387435 0.13221601489757914 0.04581151832460733 0.2048417132216015
0 0.20418848167539266 0.1403631284916201 0.049738219895287955 0.22113594040968343
0 0.19633507853403143 0.20554003724394787 0.05759162303664921 0.22113594040968343
0 0.005759162303664921 0.09497206703910614 0.011518324607329843 0.15828677839851024
0 0.5620418848167539 0.0521415270018622 0.043455497382198956 0.1042830540037244
0 0.6235602094240837 0.03584729981378026 0.03769633507853403 0.07169459962756052
0 0.4232984293193717 0.07635009310986965 0.04869109947643979 0.1527001862197393
0 0.3089005235602094 0.4813780260707635 0.060209424083769635 0.23277467411545624
0 0.27015706806282724 0.5796089385474861 0.061780104712041886 0.14059590316573556
0 0.24397905759162303 0.5386405959031657 0.05340314136125655 0.22253258845437615
0 0.012303664921465968 0.25558659217877094 0.024607329842931937 0.20018621973929238
0 0.8251308900523561 0.3552141527001862 0.02198952879581152 0.12756052141527002
0 0.1806282722513089 0.8305400372439479 0.29450261780104714 0.3263500931098696
0 0.9701570680628272 0.8291433891992551 0.05968586387434555 0.34171322160148976
0 0.9164921465968586 0.8891992551210428 0.06753926701570681 0.22160148975791433
0 0.8209424083769633 0.8971135940409684 0.061780104712041886 0.20577281191806332
0 0.7617801047120419 0.8938547486033519 0.07958115183246073 0.2122905027932961
0 0.6947643979057592 0.888733705772812 0.07329842931937172 0.22253258845437615
0 0.8607329842931937 0.8905959031657356 0.05549738219895288 0.21880819366852886
0 0.8717277486910995 0.7895716945996276 0.03664921465968586 0.1303538175046555
0 0.8154450261780105 0.7956238361266295 0.05602094240837696 0.14059590316573556
0 0.7657068062827225 0.7867783985102421 0.15759162303664923 0.15456238361266295
0 0.6667539267015706 0.7900372439478585 0.034031413612565446 0.12383612662942271
0 0.7293193717277487 0.8063314711359404 0.04397905759162304 0.12104283054003724
0 0.6672774869109948 0.8645251396648045 0.03507853403141361 0.2709497206703911
0 0.7282722513089005 0.866852886405959 0.04293193717277487 0.24208566108007448
0 0.919109947643979 0.8314711359404097 0.07172774869109948 0.22346368715083798
0 0.7654450261780105 0.8012104283054003 0.07643979057591622 0.11266294227188083