0 0.22070534698521047 0.4089068825910931 0.051194539249146756 0.06072874493927125
0 0.282707622298066 0.048582995951417005 0.05233219567690557 0.09716599190283401
0 0.575938566552901 0.1887651821862348 0.027872582480091012 0.13663967611336034
0 0.32693401592719 0.23937246963562753 0.05546075085324232 0.20242914979757085
0 0.392349260523322 0.20268218623481782 0.05546075085324232 0.2201417004048583
0 0.447098976109215 0.173582995951417 0.042662116040955635 0.19230769230769232
0 0.47838452787258245 0.1659919028340081 0.051194539249146756 0.18724696356275303
0 0.5167804323094426 0.145748987854251 0.051194539249146756 0.18724696356275303
0 0.5210466439135382 0.32540485829959515 0.0540386803185438 0.21761133603238866
0 0.5388225255972696 0.2608805668016194 0.04692832764505119 0.17965587044534412
0 0.04678612059158134 0.1014676113360324 0.044084186575654154 0.19483805668016194
0 0.013083048919226393 0.09463562753036438 0.026166097838452786 0.15688259109311742
0 0.004550625711035267 0.3491902834008097 0.009101251422070534 0.18016194331983806
0 0.025881683731513082 0.3340080971659919 0.051763367463026164 0.21052631578947367
0 0.013651877133105802 0.20242914979757085 0.027303754266211604 0.15991902834008098
0 0.40301478953356085 0.025809716599190284 0.036973833902161544 0.05161943319838057
0 0.4323094425483504 0.022267206477732792 0.04436860068259386 0.044534412955465584
0 0.46985210466439137 0.0298582995951417 0.051194539249146756 0.0597165991902834
0 0.1520193401592719 0.09767206477732794 0.04692832764505119 0.15182186234817813
0 0.15784982935153583 0.040991902834008095 0.04948805460750853 0.08198380566801619
0 0.08219567690557451 0.07388663967611336 0.04152445961319681 0.14777327935222673
0 0.23919226393629123 0.7813765182186235 0.016211604095563138 0.1270242914979757
0 0.22866894197952217 0.77834008097166 0.016496018202502846 0.11740890688259109
0 0.20620022753128556 0.7844129554655871 0.015073947667804323 0.15030364372469635
0 0.18742889647326508 0.7844129554655871 0.01678043230944255 0.14726720647773278