0 0.3054607508532423 0.4225708502024291 0.06143344709897611 0.11437246963562753
0 0.4050056882821388 0.05212550607287449 0.04664391353811149 0.10425101214574899
0 0.3710182025028441 0.35020242914979755 0.05261660978384528 0.2125506072874494
0 0.3799772468714448 0.07894736842105263 0.03981797497155859 0.15789473684210525
0 0.17832764505119453 0.10020242914979757 0.0540386803185438 0.20040485829959515
0 0.19027303754266212 0.020748987854251014 0.047212741751990896 0.04149797570850203
0 0.8199658703071673 0.11285425101214575 0.10295790671217292 0.2257085020242915
0 0.979806598407281 0.23987854251012145 0.040386803185438 0.4797570850202429
0 0.5213310580204779 0.15435222672064777 0.18373151308304891 0.30870445344129555
0 0.965301478953356 0.1417004048582996 0.06939704209328783 0.2834008097165992
0 0.7323663253697383 0.29605263157894735 0.1416382252559727 0.3674089068825911
0 0.6584186575654153 0.23987854251012145 0.26905574516496017 0.4797570850202429
0 0.5804891922639362 0.16396761133603238 0.19283276450511946 0.32793522267206476
0 0.3267918088737201 0.756578947368421 0.20534698521046643 0.34058704453441296
0 0.10210466439135381 0.7358299595141701 0.20420932878270762 0.31781376518218624
0 0.25455062571103526 0.7520242914979757 0.0947098976109215 0.2889676113360324
0 0.23435722411831628 0.6244939271255061 0.09015927189988623 0.1887651821862348
0 0.11063708759954494 0.6027327935222672 0.035551763367463025 0.1675101214574899
0 0.1222980659840728 0.6153846153846154 0.05716723549488054 0.17054655870445345
0 0.2912400455062571 0.6766194331983806 0.03270762229806599 0.08653846153846154
0 0.1820250284414107 0.6700404858299596 0.024459613196814563 0.08805668016194332
0 0.14249146757679182 0.7039473684210527 0.035551763367463025 0.08046558704453441
0 0.5278725824800911 0.638663967611336 0.10466439135381114 0.25101214574898784
0 0.6106370875995449 0.6022267206477733 0.11575654152445962 0.1508097165991903
0 0.8020477815699659 0.6305668016194332 0.11205915813424346 0.1675101214574899
0 0.8560864618885097 0.6654858299595142 0.1632536973833902 0.19483805668016194
0 0.9431171786120591 0.6978744939271255 0.11376564277588168 0.2601214574898785
0 0.5253128555176336 0.7398785425101214 0.19169510807736065 0.520242914979757