0 0.3967013888888889 0.02109053497942387 0.05381944444444445 0.04218106995884774
0 0.08506944444444445 0.1352880658436214 0.05497685185185185 0.1388888888888889
0 0.22974537037037038 0.1198559670781893 0.043402777777777776 0.19547325102880658
0 0.19791666666666666 0.11213991769547325 0.052083333333333336 0.19032921810699588
0 0.15856481481481483 0.09310699588477367 0.052083333333333336 0.18621399176954734
0 0.28978587962962965 0.20473251028806586 0.05063657407407408 0.22633744855967078
0 0.1400462962962963 0.21373456790123457 0.05497685185185185 0.24434156378600824
0 0.13136574074074073 0.2767489711934156 0.06365740740740741 0.22633744855967078
0 0.3823784722222222 0.13271604938271606 0.053530092592592594 0.19032921810699588
0 0.8515625 0.2273662551440329 0.296875 0.25977366255144035
0 0.5740740740740741 0.21141975308641975 0.20833333333333334 0.2417695473251029
0 0.7413194444444444 0.22376543209876543 0.1189236111111111 0.22067901234567902
0 0.7161458333333334 0.12654320987654322 0.11313657407407407 0.1440329218106996
0 0.5604745370370371 0.11008230452674897 0.044849537037037035 0.12757201646090535
0 0.5752314814814815 0.11934156378600823 0.07175925925925926 0.1301440329218107
0 0.7873263888888888 0.16666666666666666 0.041087962962962965 0.06635802469135803
0 0.9881365740740741 0.14660493827160495 0.0234375 0.03806584362139918
0 0.6501736111111112 0.16152263374485595 0.030671296296296297 0.06738683127572016
0 0.6006944444444444 0.18724279835390947 0.044849537037037035 0.06172839506172839
0 0.2309027777777778 0.7037037037037037 0.4618055555555556 0.5679012345679012
0 0.19791666666666666 0.6733539094650206 0.36747685185185186 0.2957818930041152
0 0.7271412037037037 0.8055555555555556 0.18200231481481483 0.3888888888888889
0 0.6493055555555556 0.581275720164609 0.2421875 0.2361111111111111