0 0.3287760416666667 0.7916666666666666 0.055989583333333336 0.21296296296296297
0 0.7356770833333334 0.6469907407407407 0.049479166666666664 0.20601851851851852
0 0.7096354166666666 0.5393518518518519 0.046875 0.2175925925925926
0 0.6529947916666666 0.1087962962962963 0.048177083333333336 0.12962962962962962
0 0.654296875 0.04976851851851852 0.05078125 0.09953703703703703
0 0.3723958333333333 0.2569444444444444 0.049479166666666664 0.125
0 0.6399739583333334 0.25462962962962965 0.048177083333333336 0.1712962962962963
0 0.21223958333333334 0.44212962962962965 0.0625 0.19907407407407407
0 0.5716145833333334 0.3761574074074074 0.057291666666666664 0.2152777777777778
0 0.3893229166666667 0.3993055555555556 0.0390625 0.19212962962962962
0 0.419921875 0.33449074074074076 0.04296875 0.22453703703703703
0 0.4225260416666667 0.21180555555555555 0.04296875 0.12731481481481483
0 0.5143229166666666 0.30787037037037035 0.0390625 0.16203703703703703
0 0.4772135416666667 0.2962962962962963 0.037760416666666664 0.18055555555555555
0 0.5540364583333334 0.11689814814814815 0.037760416666666664 0.14583333333333334
0 0.5182291666666666 0.10532407407407407 0.03125 0.15046296296296297
0 0.4895833333333333 0.11342592592592593 0.033854166666666664 0.16203703703703703
0 0.224609375 0.30787037037037035 0.032552083333333336 0.17592592592592593
0 0.20638020833333334 0.2534722222222222 0.037760416666666664 0.1550925925925926
0 0.18098958333333334 0.23032407407407407 0.03125 0.17824074074074073
0 0.16015625 0.19328703703703703 0.028645833333333332 0.16898148148148148
0 0.19075520833333334 0.1099537037037037 0.02734375 0.09490740740740741
0 0.224609375 0.14814814814814814 0.03515625 0.13425925925925927
0 0.2584635416666667 0.15162037037037038 0.032552083333333336 0.1736111111111111
0 0.19401041666666666 0.07175925925925926 0.028645833333333332 0.08333333333333333
0 0.787109375 0.05324074074074074 0.02734375 0.10648148148148148
0 0.7623697916666666 0.059027777777777776 0.040364583333333336 0.11805555555555555
0 0.9010416666666666 0.17592592592592593 0.033854166666666664 0.1111111111111111
0 0.916015625 0.14583333333333334 0.03515625 0.13425925925925927
0 0.083984375 0.38310185185185186 0.045572916666666664 0.19212962962962962
0 0.4225260416666667 0.07060185185185185 0.037760416666666664 0.1412037037037037
0 0.3899739583333333 0.06944444444444445 0.037760416666666664 0.1388888888888889
0 0.8333333333333334 0.06481481481481481 0.033854166666666664 0.12962962962962962
0 0.525390625 0.6238425925925926 0.05859375 0.2199074074074074
0 0.8639322916666666 0.21412037037037038 0.03515625 0.15046296296296297
0 0.91015625 0.27662037037037035 0.041666666666666664 0.17824074074074073
0 0.9440104166666666 0.25578703703703703 0.036458333333333336 0.16898148148148148
0 0.9381510416666666 0.5150462962962963 0.05078125 0.2199074074074074
0 0.9772135416666666 0.5266203703703703 0.04296875 0.2152777777777778
0 0.9720052083333334 0.4201388888888889 0.037760416666666664 0.09953703703703703
0 0.8001302083333334 0.26157407407407407 0.04296875 0.14814814814814814
0 0.4440104166666667 0.7615740740740741 0.0546875 0.24537037037037038
0 0.455078125 0.65625 0.05078125 0.1875
0 0.7942708333333334 0.125 0.033854166666666664 0.11574074074074074