0 0.28248663101604277 0.1720532319391635 0.05748663101604278 0.21863117870722434
0 0.7002673796791444 0.06463878326996197 0.05080213903743316 0.12927756653992395
0 0.4168449197860963 0.08365019011406843 0.05614973262032086 0.16730038022813687
0 0.40949197860962566 0.16135931558935362 0.05748663101604278 0.2637832699619772
0 0.4842245989304813 0.05608365019011407 0.06042780748663101 0.11216730038022814
0 0.8248663101604278 0.27138783269961975 0.05080213903743316 0.1967680608365019
0 0.7981283422459893 0.16872623574144488 0.0481283422459893 0.22338403041825095
0 0.9270053475935829 0.016634980988593156 0.04438502673796792 0.03326996197718631
0 0.29518716577540105 0.7309885931558935 0.10053475935828877 0.24572243346007605
0 0.7919786096256685 0.5641634980988594 0.05080213903743316 0.12832699619771862
0 0.8407754010695188 0.6437737642585551 0.04411764705882353 0.2305133079847909
0 0.8434491978609626 0.5178231939163498 0.04411764705882353 0.13070342205323193
0 0.8433155080213903 0.407319391634981 0.038502673796791446 0.07509505703422054
0 0.8098930481283423 0.4063688212927757 0.039037433155080216 0.07319391634980989
0 0.7886363636363637 0.7115019011406845 0.04679144385026738 0.19486692015209126
0 0.7970588235294118 0.9543726235741445 0.040106951871657755 0.09125475285171103
0 0.8473262032085561 0.971958174904943 0.0572192513368984 0.05608365019011407
0 0.8660427807486631 0.9258555133079848 0.051871657754010696 0.1482889733840304
0 0.9462566844919786 0.8982889733840305 0.05508021390374331 0.20342205323193915
0 0.9887700534759358 0.7538022813688213 0.022459893048128343 0.22813688212927757
0 0.9377005347593583 0.6485266159695817 0.0427807486631016 0.17347908745247148
0 0.8962566844919786 0.6354562737642585 0.0374331550802139 0.19011406844106463
0 0.9748663101604278 0.3873574144486692 0.03208556149732621 0.03517110266159696
0 0.9788770053475936 0.45009505703422054 0.04224598930481283 0.16064638783269963
0 0.9475935828877006 0.38022813688212925 0.03636363636363636 0.02091254752851711
0 0.9449197860962567 0.4443916349809886 0.04171122994652406 0.14923954372623574
0 0.9155080213903743 0.4515209125475285 0.038502673796791446 0.1634980988593156