0 0.02043010752688172 0.49235181644359466 0.04086021505376344 0.1147227533460803
0 0.04220430107526882 0.4306883365200765 0.04838709677419355 0.22466539196940727
0 0.10053763440860215 0.026290630975143402 0.04946236559139785 0.052581261950286805
0 0.3903225806451613 0.13910133843212238 0.051075268817204304 0.12906309751434034
0 0.11411290322580646 0.1367112810707457 0.04973118279569892 0.17686424474187382
0 0.5513440860215054 0.3303059273422562 0.056451612903225805 0.2055449330783939
0 0.18467741935483872 0.26218929254302104 0.05913978494623656 0.2222753346080306
0 0.3728494623655914 0.2860898661567878 0.04032258064516129 0.19837476099426385
0 0.34126344086021504 0.21916826003824091 0.04435483870967742 0.23183556405353728
0 0.3385752688172043 0.09249521988527724 0.04435483870967742 0.13145315487571702
0 0.24381720430107526 0.19168260038240917 0.04032258064516129 0.16730401529636713
0 0.2821236559139785 0.17973231357552583 0.038978494623655914 0.1864244741873805
0 0.20268817204301076 0.03489483747609943 0.03870967741935484 0.06978967495219886
0 0.23978494623655913 0.03011472275334608 0.03225806451612903 0.06022944550669216
0 0.26908602150537636 0.0372848948374761 0.03494623655913978 0.0745697896749522
0 0.5428763440860215 0.19168260038240917 0.033602150537634407 0.18164435946462715
0 0.560752688172043 0.13527724665391969 0.03763440860215054 0.15965583173996176
0 0.5755376344086022 0.11137667304015296 0.008064516129032258 0.18451242829827916
0 0.571505376344086 0.018164435946462717 0.016129032258064516 0.036328871892925434
0 0.542741935483871 0.04780114722753346 0.03602150537634408 0.09560229445506692
0 0.5077956989247312 0.05975143403441682 0.03387096774193549 0.11950286806883365
0 0.23225806451612904 0.4770554493307839 0.060215053763440864 0.14531548757170173
0 0.30483870967741933 0.5019120458891013 0.05268817204301075 0.09560229445506692
0 0.9096774193548387 0.3389101338432122 0.18037634408602152 0.4216061185468451
0 0.8056451612903226 0.3565965583173996 0.2747311827956989 0.3862332695984704
0 0.2701612903225806 0.7815487571701721 0.3758064516129032 0.43690248565965584
0 0.31048387096774194 0.9096558317399618 0.35161290322580646 0.1806883365200765