0 0.45257867132867136 0.15967365967365968 0.03791520979020979 0.04297785547785548
0 0.17711975524475523 0.13039044289044288 0.03343531468531469 0.041666666666666664
0 0.1948208041958042 0.10868298368298368 0.031687062937062936 0.043997668997669
0 0.2330638111888112 0.02156177156177156 0.03256118881118881 0.026223776223776224
0 0.23229895104895104 0.009761072261072262 0.034527972027972025 0.019522144522144524
0 0.4230769230769231 0.051573426573426576 0.03343531468531469 0.025203962703962704
0 0.3348994755244755 0.048805361305361304 0.026442307692307692 0.035547785547785545
0 0.35423951048951047 0.04734848484848485 0.031687062937062936 0.03467365967365967
0 0.3780594405594406 0.043560606060606064 0.031687062937062936 0.03467365967365967
0 0.3806818181818182 0.07677738927738928 0.03343531468531469 0.04020979020979021
0 0.39171765734265734 0.06483100233100234 0.029064685314685316 0.033216783216783216
0 0.6331949300699301 0.10052447552447552 0.039663461538461536 0.041666666666666664
0 0.029501748251748252 0.04079254079254079 0.027316433566433568 0.030885780885780884
0 0.307583041958042 0.013111888111888112 0.022945804195804196 0.026223776223776224
0 0.3256118881118881 0.012383449883449884 0.027534965034965036 0.024766899766899768
0 0.34899475524475526 0.01384032634032634 0.031687062937062936 0.02768065268065268
0 0.5221809440559441 0.07634032634032634 0.034418706293706296 0.038315850815850816
0 0.5301573426573427 0.04807692307692308 0.027316433566433568 0.033216783216783216
0 0.5045891608391608 0.0388986013986014 0.02207167832167832 0.03467365967365967
0 0.565777972027972 0.037587412587412584 0.029938811188811188 0.03467365967365967
0 0.5248033216783217 0.012092074592074592 0.023819930069930068 0.017336829836829836
0 0.5041520979020979 0.01150932400932401 0.021197552447552448 0.02301864801864802
0 0.5446896853146853 0.01486013986013986 0.026442307692307692 0.020104895104895104
0 0.15198863636363635 0.03467365967365967 0.029064685314685316 0.028117715617715616
0 0.1555944055944056 0.017191142191142192 0.030812937062937064 0.029428904428904428
0 0.10882867132867133 0.028409090909090908 0.02556818181818182 0.031322843822843824
0 0.3102054195804196 0.14262820512820512 0.040537587412587416 0.040646853146853144
0 0.40898164335664333 0.1338869463869464 0.03343531468531469 0.047785547785547784
0 0.32484702797202797 0.17453379953379952 0.04479895104895105 0.050699300699300696
0 0.36527534965034963 0.15923659673659674 0.039663461538461536 0.048659673659673656
0 0.24857954545454544 0.05623543123543123 0.03343531468531469 0.03467365967365967
0 0.056818181818181816 0.04312354312354312 0.020323426573426572 0.037441724941724944
0 0.07801573426573427 0.04414335664335664 0.030812937062937064 0.036567599067599064
0 0.07757867132867133 0.030303030303030304 0.026442307692307692 0.030448717948717948
0 0.06566870629370629 0.08741258741258741 0.030812937062937064 0.041666666666666664
0 0.03791520979020979 0.08784965034965035 0.02819055944055944 0.03598484848484849
0 0.04403409090909091 0.07473776223776224 0.026442307692307692 0.028554778554778556
0 0.039663461538461536 0.06133449883449883 0.026442307692307692 0.024329836829836828
0 0.016717657342657344 0.07852564102564102 0.026442307692307692 0.040646853146853144
0 0.29829545454545453 0.06424825174825174 0.030812937062937064 0.04122960372960373
0 0.8633085664335665 0.125 0.02250874125874126 0.04836829836829837
0 0.7749125874125874 0.1030011655011655 0.015734265734265736 0.058857808857808856
0 0.36811625874125875 0.5706585081585082 0.15865384615384615 0.5269522144522144
0 0.8047421328671329 0.5722610722610723 0.10172639860139861 0.3945221445221445