0 0.3093085106382979 0.21053875236294897 0.05053191489361702 0.21030245746691872
0 0.2824468085106383 0.10586011342155009 0.047872340425531915 0.21172022684310018
0 0.043351063829787234 0.3676748582230624 0.06648936170212766 0.2882797731568998
0 0.027659574468085105 0.24716446124763705 0.05531914893617021 0.21266540642722118
0 0.0925531914893617 0.2081758034026465 0.06382978723404255 0.2339319470699433
0 0.7832446808510638 0.6965973534971645 0.05053191489361702 0.09073724007561437
0 0.8414893617021276 0.724952741020794 0.06808510638297872 0.11578449905482041
0 0.6885638297872341 0.7263705103969754 0.061436170212765956 0.1280718336483932
0 0.7404255319148936 0.7263705103969754 0.05851063829787234 0.11862003780718336
0 0.6316489361702128 0.7268431001890359 0.06063829787234042 0.13468809073724008
0 0.5829787234042553 0.748109640831758 0.04920212765957447 0.1342155009451796
0 0.46622340425531916 0.7972589792060492 0.10638297872340426 0.3832703213610586
0 0.5356382978723404 0.8227788279773157 0.07845744680851063 0.31899810964083175
0 0.8957446808510638 0.8284499054820416 0.09281914893617021 0.3284499054820416
0 0.8170212765957446 0.8596408317580341 0.11515957446808511 0.27882797731569
0 0.6672872340425532 0.8690926275992439 0.06675531914893618 0.252835538752363
0 0.7287234042553191 0.8705103969754253 0.08324468085106383 0.24669187145557656
0 0.6037234042553191 0.8719281663516069 0.08803191489361702 0.2556710775047259