0 0.5158854166666667 0.45092592592592595 0.05572916666666667 0.19814814814814816
0 0.10911458333333333 0.3136574074074074 0.049479166666666664 0.20601851851851852
0 0.13515625 0.20601851851851852 0.046875 0.2175925925925926
0 0.40963541666666664 0.07407407407407407 0.049479166666666664 0.14814814814814814
0 0.42604166666666665 0.03564814814814815 0.042708333333333334 0.0712962962962963
0 0.4515625 0.33101851851851855 0.049479166666666664 0.2361111111111111
0 0.38697916666666665 0.4425925925925926 0.058333333333333334 0.21481481481481482
0 0.28802083333333334 0.04398148148148148 0.04583333333333333 0.08796296296296297
0 0.33151041666666664 0.4671296296296296 0.06510416666666667 0.16574074074074074
0 0.312890625 0.36921296296296297 0.055989583333333336 0.24768518518518517
0 0.7979166666666667 0.2773148148148148 0.39427083333333335 0.5453703703703704
0 0.7497395833333333 0.3236111111111111 0.0703125 0.19212962962962962
0 0.8565104166666667 0.9032407407407408 0.11927083333333334 0.19074074074074074
0 0.8911458333333333 0.6648148148148149 0.03046875 0.06481481481481481