0 0.023153575615474795 0.0965553235908142 0.04630715123094959 0.1931106471816284
0 0.19783118405627198 0.024530271398747392 0.056858147713950764 0.049060542797494784
0 0.9835873388042204 0.06419624217118998 0.032825322391559206 0.12839248434237996
0 0.9835873388042204 0.02244258872651357 0.032825322391559206 0.04488517745302714
0 0.6784876905041032 0.17588726513569938 0.05568581477139507 0.04697286012526096
0 0.8815943728018757 0.16127348643006262 0.05744431418522861 0.07620041753653445
0 0.8250293083235639 0.1534446764091858 0.043962485345838215 0.0918580375782881
0 0.7930832356389215 0.15083507306889352 0.05275498241500586 0.09707724425887265
0 0.7532239155920282 0.1403966597077244 0.05275498241500586 0.11795407098121086
0 0.8707502930832356 0.0407098121085595 0.038100820633059786 0.081419624217119
0 0.8405627198124267 0.037056367432150315 0.04572098475967175 0.07411273486430063
0 0.8018757327080891 0.04488517745302714 0.05275498241500586 0.08977035490605428
0 0.5005861664712778 0.15501043841336118 0.04572098475967175 0.08872651356993737
0 0.5430832356389215 0.12734864300626306 0.0369284876905041 0.1440501043841336
0 0.44109026963657677 0.12369519832985386 0.049824150058616644 0.151356993736952
0 0.5093786635404455 0.025052192066805846 0.03985932004689332 0.05010438413361169
0 0.5439624853458382 0.031837160751565764 0.035169988276670575 0.06367432150313153
0 0.4762602579132474 0.037056367432150315 0.043962485345838215 0.07411273486430063
0 0.12250879249706917 0.651356993736952 0.09495896834701055 0.6967640918580376
0 0.6808323563892146 0.5876826722338204 0.15357561547479484 0.4102296450939457