0 0.5367822966507177 0.032446808510638296 0.025717703349282296 0.06489361702127659
0 0.22966507177033493 0.16117021276595744 0.056818181818181816 0.14361702127659576
0 0.5293062200956937 0.15478723404255318 0.04066985645933014 0.19042553191489361
0 0.458133971291866 0.21223404255319148 0.06578947368421052 0.07553191489361702
0 0.2840909090909091 0.18563829787234043 0.04904306220095694 0.12872340425531914
0 0.28723086124401914 0.10930851063829787 0.049342105263157895 0.14627659574468085
0 0.39264354066985646 0.18829787234042553 0.04485645933014354 0.12340425531914893
0 0.3498803827751196 0.17606382978723403 0.0430622009569378 0.1478723404255319
0 0.43809808612440193 0.04202127659574468 0.04366028708133971 0.08404255319148936
0 0.39712918660287083 0.036702127659574466 0.03588516746411483 0.07340425531914893
0 0.3639354066985646 0.04468085106382979 0.038875598086124404 0.08936170212765958
0 0.05980861244019139 0.18404255319148935 0.03708133971291866 0.13191489361702127
0 0.03902511961722488 0.15718085106382979 0.04336124401913875 0.17819148936170212
0 0.01375598086124402 0.13031914893617022 0.02751196172248804 0.2053191489361702
0 0.020933014354066987 0.023404255319148935 0.03110047846889952 0.04680851063829787
0 0.05980861244019139 0.05638297872340425 0.04066985645933014 0.1127659574468085
0 0.09868421052631579 0.06968085106382979 0.03708133971291866 0.13936170212765958
0 0.28708133971291866 0.013829787234042552 0.0430622009569378 0.027659574468085105
0 0.24970095693779903 0.01276595744680851 0.04366028708133971 0.02553191489361702
0 0.02900717703349282 0.49946808510638296 0.05801435406698564 0.4372340425531915
0 0.1444377990430622 0.6601063829787234 0.2000598086124402 0.5079787234042553
0 0.21411483253588517 0.574468085106383 0.06848086124401914 0.47127659574468084
0 0.472188995215311 0.6712765957446809 0.15490430622009568 0.5936170212765958