0 0.09090909090909091 0.26383196721311475 0.05466052934407365 0.13831967213114754
0 0.021576524741081703 0.2197745901639344 0.043153049482163405 0.18954918032786885
0 0.024453394706559262 0.3406762295081967 0.048906789413118525 0.09733606557377049
0 0.039700805523590336 0.3176229508196721 0.047180667433831994 0.14344262295081966
0 0.2525891829689298 0.3417008196721312 0.05638665132336018 0.09528688524590163
0 0.2656789413118527 0.24462090163934427 0.04459148446490219 0.18186475409836064
0 0.2239643268124281 0.19467213114754098 0.035960874568469504 0.18954918032786885
0 0.3239355581127733 0.1869877049180328 0.048906789413118525 0.18954918032786885
0 0.25704833141542005 0.047387295081967214 0.03883774453394707 0.09477459016393443
0 0.22324510932105868 0.053790983606557374 0.03452243958573072 0.10758196721311475
0 0.2894131185270426 0.0627561475409836 0.043153049482163405 0.11014344262295082
0 0.7367663981588032 0.21209016393442623 0.08918296892980437 0.08504098360655737