0 0.5132131147540983 0.21363106796116502 0.03926775956284135 0.16470873786407775
0 0.5681693989071038 0.19044660194174753 0.02407103825136622 0.15068932038834956
0 0.5498032786885245 0.17591262135922336 0.02116393442622952 0.13727184466019404
0 0.486344262295082 0.16537864077669906 0.01467759562841537 0.05201941747572809
0 0.9745901639344262 0.36650485436893204 0.05081967213114754 0.22427184466019418
0 0.9308743169398908 0.2854368932038835 0.07213114754098361 0.258252427184466
0 0.8775956284153006 0.23106796116504855 0.06120218579234973 0.19514563106796118
0 0.76775956284153 0.16116504854368932 0.06174863387978142 0.3048543689320388
0 0.8109289617486338 0.47572815533980584 0.08743169398907104 0.22718446601941747
0 0.73224043715847 0.42766990291262136 0.08087431693989071 0.3233009708737864
0 0.8275956284153005 0.9393203883495146 0.05191256830601093 0.12135922330097088
0 0.8549180327868853 0.8742718446601941 0.04918032786885246 0.22815533980582525
0 0.9278688524590164 0.6271844660194175 0.05027322404371585 0.07572815533980583