0 0.051483613817537646 0.493202416918429 0.04760850310008857 0.17371601208459214
0 0.3974756421612046 0.37518882175226587 0.0420726306465899 0.16805135951661632
0 0.3753321523472099 0.2873867069486405 0.03985828166519043 0.17749244712990936
0 0.08857395925597875 0.05702416918429003 0.0420726306465899 0.10196374622356495
0 0.1990699734278122 0.05853474320241692 0.033215234720992026 0.11706948640483383
0 0.17493356953055803 0.0547583081570997 0.03985828166519043 0.1095166163141994
0 0.14481842338352524 0.04720543806646526 0.03985828166519043 0.09441087613293052
0 0.141718334809566 0.15898791540785498 0.0420726306465899 0.1623867069486405
0 0.1278786536758193 0.11083836858006042 0.03653675819309123 0.13406344410876134
0 0.42891939769707704 0.022658610271903322 0.03675819309123118 0.045317220543806644
0 0.48317094774136404 0.013217522658610271 0.03188662533215235 0.026435045317220542
0 0.10628875110717449 0.38935045317220546 0.0420726306465899 0.19259818731117825
0 0.16109388839681132 0.49131419939577037 0.04982285208148804 0.19637462235649547
0 0.3077945084145261 0.07590634441087614 0.0420726306465899 0.13972809667673716
0 0.24523914968999114 0.10800604229607251 0.0387511071744907 0.1661631419939577
0 0.2079273693534101 0.5211480362537765 0.05535872453498671 0.17673716012084592
0 0.2242028343666962 0.4205060422960725 0.04760850310008857 0.2020392749244713
0 0.29162976085031 0.8829305135951662 0.009300265721877768 0.061933534743202415
0 0.3649247121346324 0.9543051359516617 0.010628875110717449 0.0702416918429003
0 0.34743135518157664 0.9535498489425982 0.011957484499557131 0.06722054380664652
0 0.25110717449069975 0.8651812688821753 0.010628875110717449 0.06722054380664652
0 0.2305137289636847 0.8965256797583081 0.009300265721877768 0.07099697885196375
0 0.38861824623560676 0.8587613293051359 0.009300265721877768 0.06646525679758308
0 0.46811337466784764 0.9882930513595166 0.010628875110717449 0.023413897280966767
0 0.07661647475642161 0.9301359516616314 0.0141718334809566 0.05362537764350453
0 0.3142161204605846 0.9637462235649547 0.012843224092116917 0.07250755287009064
0 0.33724534986713905 0.8965256797583081 0.010186005314437556 0.06042296072507553
0 0.09244464127546502 0.9352492447129909 0.014393268379096545 0.045687311178247744
0 0.36337466784765277 0.6801359516616314 0.00841452612931798 0.04758308157099698
0 0.3830823737821081 0.8595166163141994 0.010628875110717449 0.06797583081570997
0 0.18046944198405668 0.8772658610271903 0.011071744906997343 0.05664652567975831
0 0.2121346324180691 0.8561178247734139 0.00974313551815766 0.06419939577039276
0 0.354295837023915 0.8625377643504532 0.00974313551815766 0.06042296072507553
0 0.41784765279007974 0.6918429003021148 0.007528786536758193 0.04984894259818731
0 0.38108945969884855 0.6850453172205438 0.010186005314437556 0.04682779456193353
0 0.45837023914969 0.699773413897281 0.011514614703277236 0.05664652567975831
0 0.015057573073516387 0.8678247734138973 0.00974313551815766 0.045317220543806644
0 0.41275465013286095 0.6899546827794562 0.008857395925597875 0.05211480362537765
0 0.491585473870682 0.9875377643504532 0.010628875110717449 0.024924471299093656
0 0.3492028343666962 0.899546827794562 0.010186005314437556 0.0649546827794562
0 0.4030115146147033 0.6895770392749244 0.007971656333038087 0.04833836858006042
0 0.30070859167404784 0.8825528700906344 0.00974313551815766 0.05966767371601209
0 0.48361381753764393 0.9452416918429003 0.010186005314437556 0.06873111782477341
0 0.30026572187776795 0.9588368580060423 0.010628875110717449 0.07477341389728097
0 0.3795394154118689 0.918821752265861 0.010186005314437556 0.06419939577039276
0 0.4315766164747564 0.6948640483383686 0.00841452612931798 0.04984894259818731
0 0.006421612046058458 0.9648791540785498 0.012843224092116917 0.05211480362537765
0 0.02059344552701506 0.9924471299093656 0.017271922054915855 0.015105740181268883
0 0.4211691762621789 0.834214501510574 0.0070859167404783 0.05362537764350453
0 0.3622674933569531 0.8598942598187311 0.007971656333038087 0.06419939577039276
0 0.2734720992028344 0.8270392749244713 0.00841452612931798 0.0513595166163142
0 0.0141718334809566 0.9554380664652568 0.015057573073516387 0.04833836858006042
0 0.23693091231178035 0.8289350453172205 0.007528786536758193 0.04833836858006042
0 0.4426483613817538 0.6978851963746223 0.009300265721877768 0.052870090634441085
0 0.040332152347209944 0.9257099697885195 0.012134632418069127 0.023617824773413884
0 0.026275465013286113 0.9519712990936555 0.009707705934455302 0.02932024169184285
0 0.16329937998228522 0.9030362537764349 0.00917626217891931 0.028134441087613295
0 0.15023472099202836 0.9138066465256799 0.013166519043401248 0.03154078549848942
0 0.14237821080602303 0.8454154078549848 0.009853852967227635 0.03071752265861024
0 0.19109831709477412 0.8473187311178247 0.012519929140832588 0.028481873111782505
0 0.20493356953055802 0.8429758308157099 0.01096102745792737 0.03490181268882178
0 0.22308680248007087 0.8412839879154079 0.009180690876882204 0.04963746223564957
0 0.08418069087688217 0.9077794561933535 0.00949069973427805 0.03006042296072504
0 0.4849424269264836 0.9739425981873112 0.0141718334809566 0.05211480362537765
0 0.47984942426926486 0.9920694864048338 0.019929140832595216 0.015861027190332326
0 0.03432240921169176 0.9879154078549849 0.017271922054915855 0.02416918429003021
0 0.025686448184233834 0.9947129909365559 0.02037201062887511 0.010574018126888218
0 0.09521257750221435 0.9602567975830817 0.015606731620903357 0.038345921450151046
0 0.3566474756421612 0.9526963746223565 0.009689991142604123 0.07457703927492448
0 0.4294021257750221 0.8267069486404833 0.009052258635961052 0.044652567975830816
0 0.0753100088573959 0.6695770392749245 0.0065013286093887675 0.047243202416918394
0 0.08373782108060226 0.6695543806646526 0.012542072630646663 0.04539274924471301
0 0.2521877767936227 0.6693957703927492 0.00736492471213468 0.042394259818731114
0 0.25984942426926483 0.6652643504531721 0.008830823737821104 0.045022658610271916
0 0.3956953055801594 0.6912386706948641 0.007165633303808608 0.04575528700906348
0 0.4942426926483614 0.722809667673716 0.011514614703277236 0.04984894259818731
0 0.343237378210806 0.8571752265861028 0.009074402125774926 0.04908610271903324
0 0.7239813994685562 0.8714123867069486 0.04317980513728964 0.17560422960725075
0 0.7887511071744907 0.758119335347432 0.0420726306465899 0.18693353474320243
0 0.9884853852967228 0.9463746223564955 0.023029229406554472 0.10725075528700906
0 0.5081930912311781 0.6774924471299094 0.016386182462356066 0.13595166163141995
0 0.83348095659876 0.9172960725075529 0.0566873339238264 0.16540785498489427
0 0.9138618246235607 0.9425981873111783 0.05978742249778565 0.1148036253776435
0 0.9144154118689105 0.835536253776435 0.05425155004428698 0.18315709969788518