0 0.6525139664804469 0.23906560636182903 0.034636871508379886 0.23359840954274355
0 0.32094972067039107 0.3230616302186879 0.05307262569832402 0.15308151093439365
0 0.4963687150837989 0.05616302186878728 0.04860335195530726 0.11232604373757456
0 0.3516759776536313 0.06461232604373758 0.05307262569832402 0.12922465208747516
0 0.3435754189944134 0.09940357852882704 0.061452513966480445 0.1988071570576541
0 0.12625698324022347 0.02385685884691849 0.04022346368715084 0.04771371769383698
0 0.4634078212290503 0.32554671968190857 0.06424581005586592 0.1481113320079523
0 0.394413407821229 0.3588469184890656 0.05698324022346369 0.08151093439363817
0 0.1270949720670391 0.13469184890656064 0.0670391061452514 0.21371769383697814
0 0.7483240223463687 0.25198807157057657 0.1569832402234637 0.2952286282306163
0 0.838268156424581 0.2668986083499006 0.22625698324022347 0.2654075546719682
0 0.3715083798882682 0.7708747514910537 0.19217877094972066 0.45825049701789267
0 0.8527932960893855 0.7708747514910537 0.0946927374301676 0.45825049701789267