0 0.14207244655581946 0.08403805496828752 0.05492874109263658 0.14799154334038056
0 0.14073634204275534 0.03646934460887949 0.05819477434679335 0.07293868921775898
0 0.46199524940617576 0.25317124735729385 0.05641330166270784 0.1427061310782241
0 0.31353919239904987 0.23731501057082452 0.04453681710213777 0.20084566596194503
0 0.34619952494061756 0.22938689217758984 0.05344418052256532 0.19556025369978858
0 0.38628266033254155 0.20824524312896406 0.05344418052256532 0.19556025369978858
0 0.3904394299287411 0.37579281183932345 0.05641330166270784 0.18710359408033828
0 0.40929334916864607 0.32848837209302323 0.04899049881235154 0.1876321353065539
0 0.26751781472684083 0.05496828752642706 0.03859857482185273 0.10993657505285412
0 0.2980997624703088 0.051268498942917545 0.04631828978622328 0.10253699788583509
0 0.33729216152019004 0.05919661733615222 0.05344418052256532 0.11839323467230443
0 0.014845605700712588 0.15750528541226216 0.029691211401425176 0.15856236786469344
0 0.018705463182897862 0.0708245243128964 0.037410926365795724 0.1416490486257928
0 0.1680522565320665 0.2795983086680761 0.05641330166270784 0.19556025369978858
0 0.25192992874109266 0.32452431289640593 0.05195961995249406 0.23255813953488372
0 0.25475059382422804 0.7346723044397463 0.5095011876484561 0.5306553911205074
0 0.8248218527315915 0.735200845665962 0.3147268408551069 0.5295983086680761