0 0.198828125 0.40555555555555556 0.055989583333333336 0.21296296296296297
0 0.134375 0.27824074074074073 0.049479166666666664 0.2361111111111111
0 0.10546875 0.02546296296296296 0.049479166666666664 0.05092592592592592
0 0.11354166666666667 0.05787037037037037 0.057291666666666664 0.11574074074074074
0 0.015625 0.28055555555555556 0.03125 0.23148148148148148
0 0.03984375 0.42407407407407405 0.0609375 0.23148148148148148
0 0.066015625 0.3523148148148148 0.053385416666666664 0.25
0 0.3151041666666667 0.07777777777777778 0.0625 0.15555555555555556
0 0.6716145833333333 0.29583333333333334 0.14583333333333334 0.45046296296296295
0 0.73828125 0.31296296296296294 0.14895833333333333 0.4388888888888889
0 0.5596354166666667 0.3574074074074074 0.13177083333333334 0.18703703703703703
0 0.5942708333333333 0.25277777777777777 0.16328125 0.4925925925925926
0 0.221875 0.8541666666666666 0.17864583333333334 0.2912037037037037
0 0.5760416666666667 0.762962962962963 0.08489583333333334 0.3439814814814815
0 0.5127604166666667 0.7810185185185186 0.0703125 0.3282407407407407
0 0.64375 0.8199074074074074 0.06901041666666667 0.2740740740740741
0 0.9296875 0.7648148148148148 0.07473958333333333 0.3490740740740741
0 0.7705729166666667 0.8143518518518519 0.06692708333333333 0.2722222222222222
0 0.83046875 0.8097222222222222 0.06614583333333333 0.2814814814814815
0 0.7075520833333333 0.8111111111111111 0.06744791666666666 0.27870370370370373
0 0.89375 0.8175925925925925 0.06901041666666667 0.27314814814814814
0 0.64296875 0.6805555555555556 0.06171875 0.11805555555555555
0 0.7005208333333334 0.6675925925925926 0.0546875 0.1111111111111111
0 0.75859375 0.6712962962962963 0.06614583333333333 0.11805555555555555
0 0.8125 0.6777777777777778 0.04609375 0.10740740740740741
0 0.8700520833333333 0.7763888888888889 0.0546875 0.30416666666666664
0 0.8700520833333333 0.6773148148148148 0.0546875 0.10833333333333334