0 0.2609375 0.3819444444444444 0.05625 0.09537037037037037
0 0.66796875 0.29606481481481484 0.049479166666666664 0.20601851851851852
0 0.6419270833333334 0.1884259259259259 0.046875 0.2175925925925926
0 0.32526041666666666 0.3125 0.049479166666666664 0.23425925925925925
0 0.45807291666666666 0.3148148148148148 0.059895833333333336 0.22962962962962963
0 0.39375 0.3458333333333333 0.053125 0.1675925925925926
0 0.14427083333333332 0.09537037037037037 0.0625 0.19074074074074074
0 0.5036458333333333 0.06620370370370371 0.057291666666666664 0.13240740740740742
0 0.3216145833333333 0.07222222222222222 0.0390625 0.14444444444444443
0 0.35208333333333336 0.047685185185185185 0.042708333333333334 0.09537037037037037
0 0.4466145833333333 0.01898148148148148 0.0390625 0.03796296296296296
0 0.15677083333333333 0.022222222222222223 0.03229166666666667 0.044444444444444446
0 0.4075520833333333 0.36898148148148147 0.06510416666666667 0.12129629629629629
0 0.8622395833333333 0.26851851851851855 0.08463541666666667 0.3199074074074074
0 0.9575520833333333 0.2351851851851852 0.07057291666666667 0.3861111111111111
0 0.9471354166666667 0.7314814814814815 0.015625 0.04675925925925926
0 0.9174479166666667 0.7416666666666667 0.028125 0.10601851851851851
0 0.9708333333333333 0.7444444444444445 0.016666666666666666 0.09814814814814815
0 0.9916666666666667 0.7513888888888889 0.0140625 0.08935185185185185
0 0.8635416666666667 0.7680555555555556 0.014583333333333334 0.06296296296296296
0 0.8260416666666667 0.7828703703703703 0.010416666666666666 0.05185185185185185
0 0.8317708333333333 0.7819444444444444 0.009635416666666667 0.05694444444444444