0 0.22747252747252747 0.353515625 0.05934065934065934 0.15234375
0 0.11895604395604395 0.02734375 0.053296703296703295 0.0546875
0 0.2956043956043956 0.25537109375 0.0521978021978022 0.2490234375
0 0.4217032967032967 0.37060546875 0.06868131868131869 0.1181640625
0 0.4418956043956044 0.295654296875 0.059065934065934064 0.26123046875
0 0.31758241758241756 0.0419921875 0.06043956043956044 0.083984375
0 0.36153846153846153 0.330078125 0.054945054945054944 0.19921875
0 0.6796703296703297 0.3447265625 0.04285714285714286 0.169921875
0 0.7555879120879121 0.31298828125 0.033197802197802176 0.09024414062499997
0 0.7282967032967033 0.3701171875 0.08296703296703296 0.119140625
0 0.8231373626373627 0.30462890625 0.025439560439560416 0.07223632812500003
0 0.3222527472527473 0.6328125 0.14917582417582417 0.34423828125
0 0.8793956043956044 0.85546875 0.10494505494505495 0.2890625
0 0.7958791208791208 0.85791015625 0.17637362637362639 0.2841796875