0 0.538031914893617 0.4229678638941399 0.056914893617021275 0.1332703213610586
0 0.12260638297872341 0.31734404536862004 0.05053191489361702 0.21030245746691872
0 0.14920212765957447 0.20746691871455578 0.047872340425531915 0.222117202268431
0 0.4295212765957447 0.07419659735349717 0.05053191489361702 0.14839319470699433
0 0.44627659574468087 0.03497164461247637 0.043617021276595745 0.06994328922495274
0 0.6382978723404256 0.07041587901701324 0.0425531914893617 0.14083175803402648
0 0.32340425531914896 0.3787807183364839 0.061170212765957445 0.2055765595463138
0 0.4723404255319149 0.33506616257088845 0.05053191489361702 0.24102079395085066
0 0.34547872340425534 0.45132325141776936 0.0675531914893617 0.07655954631379962
0 0.40638297872340423 0.41446124763705106 0.059574468085106386 0.1502835538752363
0 0.30531914893617024 0.043478260869565216 0.04680851063829787 0.08695652173913043
0 0.902127659574468 0.2585066162570889 0.14920212765957447 0.41776937618147447
0 0.4093085106382979 0.7386578449905482 0.3045212765957447 0.3998109640831758