0 0.3986033519553073 0.3489065606361829 0.05977653631284916 0.20079522862823063
0 0.007541899441340782 0.10437375745526839 0.015083798882681564 0.20874751491053678
0 0.3553072625698324 0.022365805168986085 0.049162011173184354 0.04473161033797217
0 0.3463687150837989 0.2634194831013916 0.04189944134078212 0.2286282306163022
0 0.10810055865921787 0.11182902584493042 0.05418994413407821 0.22365805168986083
0 0.5019553072625699 0.03578528827037773 0.05418994413407821 0.07157057654075547
0 0.4860335195530726 0.13916500994035785 0.04748603351955307 0.2286282306163022
0 0.17318435754189945 0.08300198807157058 0.05027932960893855 0.16600397614314116
0 0.28128491620111734 0.10536779324055666 0.04860335195530726 0.21073558648111332
0 0.6402234636871509 0.04771371769383698 0.05139664804469274 0.09542743538767395
0 0.9413407821229051 0.18538767395626243 0.05307262569832402 0.1341948310139165
0 0.8903631284916201 0.26863817097415504 0.046089385474860335 0.24105367793240556
0 0.8875698324022346 0.13692842942345926 0.046089385474860335 0.13667992047713717
0 0.9448324022346368 0.3394632206759443 0.04888268156424581 0.20377733598409542
0 0.7891061452513967 0.2736083499005964 0.0446927374301676 0.18141153081510936
0 0.8324022346368715 0.2599403578528827 0.03910614525139665 0.1988071570576541
0 0.7812849162011173 0.06908548707753479 0.043016759776536316 0.13817097415506957
0 0.8120111731843576 0.07654075546719682 0.04078212290502793 0.15308151093439365
0 0.9131284916201118 0.05168986083499006 0.04189944134078212 0.10337972166998012
0 0.8650837988826816 0.060139165009940355 0.043016759776536316 0.12027833001988071
0 0.6974860335195531 0.40308151093439365 0.05418994413407821 0.09244532803180915
0 0.7283519553072626 0.12947316103379722 0.03770949720670391 0.176441351888668
0 0.7198324022346368 0.04771371769383698 0.037430167597765365 0.09542743538767395
0 0.7625698324022346 0.3941351888667992 0.05027932960893855 0.110337972166998
0 0.8706703910614525 0.4165009940357853 0.04860335195530726 0.06560636182902585
0 0.8022346368715084 0.8464214711729622 0.0553072625698324 0.3036779324055666
0 0.705586592178771 0.8409542743538767 0.046089385474860335 0.31809145129224653
0 0.7335195530726257 0.8250497017892644 0.04022346368715084 0.3499005964214712
0 0.9974860335195531 0.76441351888668 0.005027932960893855 0.055168986083499