0 0.05748663101604278 0.26806083650190116 0.05080213903743316 0.20342205323193915
0 0.08422459893048129 0.16207224334600762 0.0481283422459893 0.22338403041825095
0 0.22566844919786097 0.05228136882129278 0.058823529411764705 0.10456273764258556
0 0.40641711229946526 0.05846007604562738 0.026737967914438502 0.11692015209125475
0 0.3815508021390374 0.03326996197718631 0.04438502673796792 0.06653992395437262
0 0.2733957219251337 0.24881178707224336 0.06016042780748663 0.22576045627376426
0 0.356951871657754 0.31701520912547526 0.05614973262032086 0.10551330798479087
0 0.34545454545454546 0.27756653992395436 0.052406417112299465 0.1844106463878327
0 0.4874331550802139 0.21007604562737642 0.09786096256684491 0.2067490494296578
0 0.7053475935828877 0.2115019011406844 0.07914438502673797 0.20389733840304183
0 0.9318181818181818 0.21435361216730037 0.09893048128342247 0.20247148288973385
0 0.7804812834224599 0.2115019011406844 0.08048128342245989 0.20389733840304183
0 0.8497326203208556 0.21007604562737642 0.07700534759358289 0.20484790874524714
0 0.5748663101604278 0.20389733840304183 0.08609625668449197 0.21292775665399238
0 0.6371657754010696 0.21435361216730037 0.07112299465240642 0.1943916349809886
0 0.711764705882353 0.09125475285171103 0.08048128342245989 0.1326045627376426
0 0.645187165775401 0.09838403041825095 0.07566844919786096 0.14211026615969582
0 0.8566844919786096 0.1002851711026616 0.09331550802139038 0.1211977186311787
0 0.7820855614973262 0.09173003802281368 0.07700534759358289 0.12547528517110265
0 0.56951871657754 0.09220532319391635 0.09438502673796792 0.12452471482889733
0 0.29064171122994653 0.7461977186311787 0.25828877005347595 0.5071292775665399
0 0.1339572192513369 0.7324144486692015 0.2676470588235294 0.535171102661597