0 0.21216753022452509 0.12330275229357796 0.012996545768566455 0.04503440366972475
0 0.18132987910189985 0.13714449541284401 0.019516407599309074 0.06634174311926608
0 0.653713298791019 0.2907110091743119 0.17012089810017272 0.5584862385321101
0 0.8341968911917098 0.31422018348623854 0.21459412780656303 0.510894495412844
0 0.06735751295336788 0.8377293577981652 0.13471502590673576 0.32454128440366975
0 0.11269430051813471 0.8279816513761468 0.09671848013816926 0.3434633027522936
0 0.17184801381692574 0.7872706422018348 0.09326424870466321 0.28727064220183485
0 0.19991364421416236 0.7368119266055045 0.15198618307426598 0.23394495412844038
0 0.44905008635578586 0.845756880733945 0.14162348877374784 0.3084862385321101
0 0.4261658031088083 0.7740825688073395 0.08376511226252159 0.20756880733944955
0 0.39335060449050085 0.7385321100917431 0.06217616580310881 0.18176605504587157
0 0.7944732297063903 0.7849770642201835 0.4110535405872193 0.43004587155963303