0 0.20334928229665072 0.5148936170212766 0.0645933014354067 0.08936170212765958
0 0.2532894736842105 0.025 0.056818181818181816 0.05
0 0.06967703349282296 0.19095744680851065 0.07177033492822966 0.22872340425531915
0 0.2730263157894737 0.14175531914893616 0.04485645933014354 0.22074468085106383
0 0.30651913875598086 0.09787234042553192 0.046052631578947366 0.19574468085106383
0 0.08373205741626795 0.06861702127659575 0.03708133971291866 0.1372340425531915
0 0.06279904306220095 0.03138297872340425 0.0430622009569378 0.0627659574468085
0 0.03349282296650718 0.025 0.03588516746411483 0.05
0 0.31698564593301437 0.48829787234042554 0.025119617224880382 0.1425531914893617
0 0.8316387559808612 0.21968085106382979 0.14533492822966507 0.25372340425531914
0 0.18929425837320574 0.8058510638297872 0.037679425837320576 0.2797872340425532
0 0.3241626794258373 0.7356382978723405 0.01076555023923445 0.21382978723404256
0 0.8349282296650717 0.9 0.11602870813397129 0.2