0 0.4343220338983051 0.43762575452716296 0.06073446327683616 0.23138832997987926
0 0.009887005649717515 0.28018108651911466 0.01977401129943503 0.2243460764587525
0 0.023163841807909605 0.16348088531187122 0.04632768361581921 0.23641851106639838
0 0.33531073446327686 0.03118712273641851 0.04689265536723164 0.06237424547283702
0 0.3903954802259887 0.057847082494969816 0.04971751412429379 0.11569416498993963
0 0.3813559322033898 0.33702213279678067 0.0423728813559322 0.23138832997987926
0 0.5392655367231638 0.025150905432595575 0.0423728813559322 0.05030181086519115
0 0.2327683615819209 0.018611670020120725 0.04519774011299435 0.03722334004024145
0 0.3142655367231638 0.25025150905432597 0.06073446327683616 0.23893360160965796
0 0.2245762711864407 0.19240442655935613 0.059322033898305086 0.22887323943661972
0 0.15451977401129943 0.12173038229376258 0.05254237288135593 0.24346076458752516
0 0.5317796610169492 0.14336016096579476 0.05508474576271186 0.23641851106639838
0 0.3601694915254237 0.36971830985915494 0.05649717514124294 0.26156941649899396
0 0.8048022598870056 0.2937625754527163 0.07429378531073447 0.2137826961770624
0 0.11186440677966102 0.9119718309859155 0.10621468926553672 0.176056338028169
0 0.2211864406779661 0.8797786720321932 0.12146892655367232 0.24044265593561368
0 0.4655367231638418 0.9421529175050302 0.12316384180790961 0.11569416498993963
0 0.3559322033898305 0.8988933601609658 0.1638418079096045 0.2022132796780684
0 0.9612994350282486 0.6031187122736419 0.05367231638418079 0.047283702213279676
0 0.9098870056497175 0.6720321931589537 0.04689265536723164 0.1851106639839034
0 0.9651129943502825 0.7147887323943662 0.04943502824858757 0.2062374245472837
0 0.9556497175141243 0.9617706237424547 0.0423728813559322 0.07645875251509054
0 0.8073446327683615 0.6594567404426559 0.04519774011299435 0.15995975855130784
0 0.8514124293785311 0.6569416498993964 0.03954802259887006 0.15492957746478872
0 0.8887005649717514 0.9164989939637826 0.061016949152542375 0.16700201207243462
0 0.7991525423728814 0.8898390342052314 0.059322033898305086 0.22032193158953722
0 0.7292372881355932 0.8204225352112676 0.052259887005649715 0.2515090543259557
0 0.9344632768361582 0.9703219315895373 0.05649717514124294 0.059356136820925554