0 0.19907407407407407 0.6131687242798354 0.0625 0.13168724279835392
0 0.24768518518518517 0.07150205761316872 0.05497685185185185 0.1388888888888889
0 0.30049189814814814 0.15766460905349794 0.04774305555555555 0.24948559670781892
0 0.30324074074074076 0.045781893004115226 0.047453703703703706 0.09156378600823045
0 0.24406828703703703 0.2309670781893004 0.05063657407407408 0.2109053497942387
0 0.25318287037037035 0.5617283950617284 0.043402777777777776 0.2345679012345679
0 0.028356481481481483 0.047325102880658436 0.03587962962962963 0.09465020576131687
0 0.4053819444444444 0.16280864197530864 0.046296296296296294 0.18775720164609053
0 0.3605324074074074 0.14866255144032922 0.04050925925925926 0.205761316872428
0 0.38136574074074076 0.01903292181069959 0.041666666666666664 0.03806584362139918
0 0.48582175925925924 0.3852880658436214 0.028356481481481483 0.2726337448559671
0 0.013888888888888888 0.09362139917695474 0.027777777777777776 0.18724279835390947
0 0.12152777777777778 0.05606995884773663 0.034722222222222224 0.11213991769547325
0 0.0798611111111111 0.044753086419753084 0.046296296296296294 0.08950617283950617
0 0.07407407407407407 0.14094650205761317 0.046296296296296294 0.1697530864197531
0 0.09215856481481481 0.2772633744855967 0.05642361111111111 0.1748971193415638
0 0.1087962962962963 0.43415637860082307 0.04918981481481482 0.2366255144032922
0 0.4681712962962963 0.05246913580246913 0.03935185185185185 0.10493827160493827
0 0.43287037037037035 0.34670781893004116 0.052083333333333336 0.23148148148148148
0 0.3207465277777778 0.39300411522633744 0.05063657407407408 0.23148148148148148
0 0.6576967592592593 0.5005144032921811 0.08217592592592593 0.23919753086419754
0 0.6655092592592593 0.9156378600823045 0.08449074074074074 0.16872427983539096
0 0.8020833333333334 0.8966049382716049 0.1021412037037037 0.20627572016460904
0 0.9100115740740741 0.9176954732510288 0.08883101851851852 0.08384773662551441
0 0.9788773148148148 0.8996913580246914 0.04224537037037037 0.047839506172839504
0 0.9482060185185185 0.8935185185185185 0.03443287037037037 0.04681069958847737
0 0.9366319444444444 0.8899176954732511 0.01765046296296296 0.035493827160493825
0 0.9632523148148148 0.9161522633744856 0.05555555555555555 0.05709876543209876