0 0.3078125 0.4736111111111111 0.05625 0.05277777777777778
0 0.35130208333333335 0.040740740740740744 0.049479166666666664 0.08148148148148149
0 0.39895833333333336 0.10416666666666667 0.042708333333333334 0.20833333333333334
0 0.4015625 0.018518518518518517 0.042708333333333334 0.037037037037037035
0 0.3483072916666667 0.1625 0.045572916666666664 0.18981481481481483
0 0.35651041666666666 0.4273148148148148 0.0390625 0.14537037037037037
0 0.15416666666666667 0.01990740740740741 0.03229166666666667 0.03981481481481482
0 0.18411458333333333 0.06157407407407407 0.034895833333333334 0.12314814814814815
0 0.2109375 0.10925925925925926 0.0390625 0.17592592592592593
0 0.4934895833333333 0.1011574074074074 0.041666666666666664 0.16898148148148148
0 0.453125 0.09027777777777778 0.036458333333333336 0.18055555555555555
0 0.21809895833333334 0.2828703703703704 0.05078125 0.2175925925925926
0 0.5787760416666666 0.3013888888888889 0.05078125 0.24537037037037038
0 0.5078125 0.2898148148148148 0.057291666666666664 0.20833333333333334
0 0.419921875 0.34305555555555556 0.055989583333333336 0.21296296296296297
0 0.09700520833333333 0.11157407407407408 0.045572916666666664 0.18518518518518517
0 0.11041666666666666 0.06018518518518518 0.046875 0.12037037037037036
0 0.3065104166666667 0.9148148148148149 0.08020833333333334 0.12037037037037036