0 0.302168815943728 0.5080897703549061 0.05568581477139507 0.23225469728601253
0 0.2728604923798359 0.38674321503131526 0.05275498241500586 0.2453027139874739
0 0.1943141852286049 0.08089770354906055 0.05451348182883939 0.1617954070981211
0 0.1175263774912075 0.2027661795407098 0.06447831184056271 0.24269311064718163
0 0.053048065650644786 0.12578288100208768 0.043962485345838215 0.1826722338204593
0 0.01611957796014068 0.11221294363256785 0.03223915592028136 0.2035490605427975
0 0.4742086752637749 0.019832985386221295 0.010550996483001172 0.03966597077244259
0 0.06550410316529895 0.4819937369519833 0.06594372801875732 0.24791231732776617
0 0.44636576787807736 0.05219206680584551 0.03927315357561548 0.10438413361169102
0 0.3745603751465416 0.07828810020876827 0.04806565064478312 0.15657620041753653
0 0.007327080890973036 0.5182672233820459 0.014654161781946073 0.21189979123173278
0 0.746189917936694 0.29123173277661796 0.12075029308323564 0.5824634655532359
0 0.3455451348182884 0.982776617954071 0.06037514654161782 0.03444676409185804