0 0.01668584579976985 0.524077868852459 0.0333716915995397 0.24077868852459017
0 0.07048331415420023 0.05942622950819672 0.053509781357882626 0.11885245901639344
0 0.06904487917146145 0.018442622950819672 0.05638665132336018 0.036885245901639344
0 0.32163406214039125 0.29713114754098363 0.03567318757192175 0.24795081967213115
0 0.3201956271576525 0.16137295081967212 0.03855005753739931 0.1403688524590164
0 0.321921749136939 0.04149590163934426 0.035097813578826235 0.08299180327868852
0 0.31444188722669736 0.6603483606557377 0.05005753739930955 0.07889344262295082
0 0.3003452243958573 0.610655737704918 0.05638665132336018 0.17827868852459017
0 0.2140391254315305 0.5809426229508197 0.05868814729574223 0.23770491803278687
0 0.15233026467203684 0.41649590163934425 0.056098964326812426 0.2459016393442623
0 0.03725546605293441 0.1872438524590164 0.04746835443037975 0.1869877049180328
0 0.22353279631760645 0.30251024590163933 0.04602991944764097 0.1869877049180328
0 0.2681242807825086 0.288422131147541 0.04027617951668585 0.20491803278688525
0 0.18354430379746836 0.019979508196721313 0.03452243958573072 0.039959016393442626
0 0.17807825086306098 0.08760245901639344 0.047756041426927506 0.17520491803278687
0 0.21288837744533948 0.012295081967213115 0.039125431530494824 0.02459016393442623
0 0.21576524741081704 0.08145491803278689 0.04487917146144994 0.16290983606557377
0 0.2474108170310702 0.08913934426229508 0.04142692750287687 0.17827868852459017
0 0.21605293440736478 0.9748975409836066 0.05466052934407365 0.050204918032786885
0 0.24453394706559264 0.9123975409836066 0.05178365937859609 0.17520491803278687
0 0.10586881472957423 0.7494877049180327 0.047180667433831994 0.09938524590163934
0 0.5969505178365938 0.733094262295082 0.05466052934407365 0.06659836065573771
0 0.9738204833141542 0.7510245901639344 0.0523590333716916 0.10245901639344263
0 0.8282508630609896 0.7510245901639344 0.0661680092059839 0.10245901639344263
0 0.8709723820483314 0.8496413934426229 0.06760644418872266 0.2894467213114754
0 0.8995972382048332 0.795594262295082 0.059263521288837745 0.1915983606557377