0 0.22421052631578947 0.23735955056179775 0.05 0.12640449438202248
0 0.27210526315789474 0.31086142322097376 0.0431578947368421 0.21722846441947566
0 0.2748684210526316 0.19171348314606743 0.04342105263157895 0.12874531835205993
0 0.07605263157894737 0.026217228464419477 0.027894736842105264 0.052434456928838954
0 0.22078947368421054 0.3529962546816479 0.045789473684210526 0.13295880149812733
0 0.024868421052631578 0.17649812734082396 0.03289473684210526 0.16385767790262173
0 0.3631578947368421 0.3202247191011236 0.03368421052631579 0.1704119850187266
0 0.3268421052631579 0.30758426966292135 0.03684210526315789 0.18726591760299627
0 0.36973684210526314 0.03323970037453183 0.020526315789473684 0.06647940074906367
0 0.3671052631578947 0.10955056179775281 0.025789473684210525 0.16666666666666666
0 0.34592105263157896 0.12148876404494383 0.038157894736842106 0.17088014981273408
0 0.04763157894736842 0.0449438202247191 0.02894736842105263 0.0898876404494382
0 0.10842105263157895 0.04119850187265917 0.031578947368421054 0.08239700374531835
0 0.25026315789473685 0.0800561797752809 0.039473684210526314 0.1601123595505618
0 0.295921052631579 0.09222846441947566 0.04078947368421053 0.16853932584269662
0 0.10973684210526316 0.19405430711610486 0.031578947368421054 0.16151685393258428
0 0.07157894736842105 0.1823501872659176 0.042105263157894736 0.14279026217228463
0 0.06631578947368422 0.300561797752809 0.042105263157894736 0.1544943820224719
0 0.08263157894736842 0.38202247191011235 0.05157894736842105 0.0749063670411985
0 0.017368421052631578 0.23595505617977527 0.034736842105263156 0.1797752808988764
0 0.6931578947368421 0.1352996254681648 0.02394736842105263 0.030430711610486893
0 0.7252631578947368 0.13342696629213482 0.02 0.03277153558052434
0 0.8494736842105263 0.8258426966292135 0.13815789473684212 0.23220973782771537
0 0.8173684210526316 0.7818352059925093 0.12921052631578947 0.33239700374531833
0 0.7760526315789473 0.6399812734082397 0.10921052631578948 0.2148876404494382
0 0.6836842105263158 0.7256554307116105 0.12552631578947368 0.18820224719101122
0 0.6894736842105263 0.7528089887640449 0.13921052631578948 0.375
0 0.628421052631579 0.7546816479400749 0.21842105263157896 0.4096441947565543
0 0.6228947368421053 0.774812734082397 0.36526315789473685 0.450374531835206