0 0.1976190476190476 0.3799435028248588 0.056613756613756616 0.1384180790960452
0 0.10502645502645502 0.03389830508474576 0.043915343915343914 0.06779661016949153
0 0.15661375661375662 0.05885122410546139 0.04656084656084656 0.11770244821092278
0 0.14814814814814814 0.3248587570621469 0.03968253968253968 0.21657250470809794
0 0.29603174603174603 0.02824858757062147 0.03968253968253968 0.05649717514124294
0 0.05026455026455026 0.01977401129943503 0.037037037037037035 0.03954802259887006
0 0.08531746031746032 0.24364406779661016 0.056878306878306875 0.2236346516007533
0 0.01455026455026455 0.18926553672316385 0.0291005291005291 0.21468926553672316
0 0.289021164021164 0.1435969868173258 0.051587301587301584 0.22128060263653485
0 0.12804232804232804 0.3408662900188324 0.05291005291005291 0.21657250470809794
0 0.10899470899470899 0.8427495291902072 0.21798941798941798 0.3145009416195857
0 0.19497354497354497 0.737758945386064 0.38994708994708993 0.524482109227872
0 0.06375661375661376 0.6101694915254238 0.12751322751322752 0.3220338983050847