0 0.12650273224043715 0.5427184466019418 0.05191256830601093 0.1145631067961165
0 0.15382513661202185 0.4810679611650485 0.04918032786885246 0.22815533980582525
0 0.21311475409836064 0.04854368932038835 0.05027322404371585 0.0970873786407767
0 0.21202185792349726 0.009708737864077669 0.053551912568306013 0.019417475728155338
0 0.5076502732240438 0.1849514563106796 0.05191256830601093 0.13106796116504854
0 0.45778688524590166 0.2662621359223301 0.045081967213114756 0.2354368932038835
0 0.4550546448087432 0.13762135922330096 0.045081967213114756 0.13349514563106796
0 0.6627049180327869 0.070873786407767 0.036885245901639344 0.1407766990291262
0 0.4551912568306011 0.03155339805825243 0.03934426229508197 0.06310679611650485
0 0.489344262295082 0.03058252427184466 0.03989071038251366 0.06116504854368932
0 0.5110655737704918 0.3354368932038835 0.04781420765027322 0.19902912621359223
0 0.5019125683060109 0.5684466019417476 0.040983606557377046 0.06310679611650485
0 0.18183060109289617 0.16189320388349515 0.045081967213114756 0.17718446601941748
0 0.7146174863387978 0.12184466019417475 0.03415300546448088 0.16990291262135923
0 0.6831967213114755 0.20679611650485438 0.036885245901639344 0.17475728155339806
0 0.6551912568306011 0.2796116504854369 0.040983606557377046 0.18446601941747573
0 0.3587431693989071 0.27111650485436894 0.04371584699453552 0.17718446601941748
0 0.4010928961748634 0.25776699029126215 0.03825136612021858 0.1941747572815534
0 0.3155737704918033 0.07524271844660194 0.0453551912568306 0.15048543689320387
0 0.3510928961748634 0.06941747572815533 0.04207650273224044 0.13883495145631067
0 0.38114754098360654 0.0766990291262136 0.03989071038251366 0.1533980582524272
0 0.08497267759562842 0.0354368932038835 0.03114754098360656 0.070873786407767
0 0.06174863387978142 0.02669902912621359 0.03169398907103825 0.05339805825242718
0 0.6338797814207651 0.07281553398058252 0.03715846994535519 0.14563106796116504
0 0.690983606557377 0.016019417475728156 0.030054644808743168 0.03203883495145631
0 0.4371584699453552 0.5247572815533981 0.05901639344262295 0.15048543689320387
0 0.3505464480874317 0.49902912621359224 0.05737704918032787 0.20194174757281552
0 0.28292349726775956 0.437378640776699 0.050546448087431695 0.24271844660194175
0 0.022131147540983605 0.2587378640776699 0.04426229508196721 0.1679611650485437
0 0.014754098360655738 0.03155339805825243 0.029508196721311476 0.06310679611650485
0 0.7467213114754099 0.23592233009708738 0.04644808743169399 0.1941747572815534
0 0.771311475409836 0.24174757281553397 0.016939890710382512 0.18640776699029127
0 0.6476775956284153 0.4616504854368932 0.05327868852459016 0.22815533980582525
0 0.30491803278688523 0.03300970873786408 0.03715846994535519 0.06601941747572816
0 0.6278688524590164 0.012135922330097087 0.03278688524590164 0.024271844660194174
0 0.39644808743169396 0.8213592233009709 0.23579234972677596 0.3572815533980582
0 0.5584699453551912 0.7402912621359223 0.09836065573770492 0.28058252427184466
0 0.9628415300546448 0.7805825242718447 0.027868852459016394 0.20388349514563106
0 0.9289617486338798 0.7669902912621359 0.027595628415300548 0.20436893203883494
0 0.9163934426229509 0.7776699029126214 0.038524590163934426 0.22281553398058251
0 0.8874316939890711 0.7572815533980582 0.03278688524590164 0.23349514563106796
0 0.8699453551912568 0.7733009708737864 0.04016393442622951 0.21601941747572814
0 0.8360655737704918 0.8315533980582525 0.08633879781420765 0.33689320388349514
0 0.8139344262295082 0.7757281553398059 0.05983606557377049 0.2407766990291262