0 0.3473820483314154 0.1444672131147541 0.06185270425776755 0.23565573770491804
0 0.2931530494821634 0.07991803278688525 0.043153049482163405 0.1598360655737705
0 0.22497123130034521 0.03739754098360656 0.06214039125431531 0.07479508196721311
0 0.2715765247410817 0.10399590163934426 0.05753739930955121 0.20799180327868852
0 0.8541426927502876 0.1757172131147541 0.29171461449942465 0.22848360655737704
0 0.6869965477560415 0.18596311475409835 0.4205983889528193 0.20799180327868852
0 0.015822784810126583 0.8283811475409836 0.03164556962025317 0.24077868852459017
0 0.06846950517836593 0.35655737704918034 0.05293440736478711 0.13319672131147542
0 0.06731875719217491 0.3155737704918033 0.05638665132336018 0.05122950819672131
0 0.37543153049482164 0.5158811475409836 0.048906789413118525 0.13831967213114754
0 0.32609321058688145 0.6016905737704918 0.04746835443037975 0.24846311475409835
0 0.3232163406214039 0.46593237704918034 0.04746835443037975 0.1408811475409836
0 0.3233601841196778 0.3386270491803279 0.04142692750287687 0.09733606557377049
0 0.3593210586881473 0.33760245901639346 0.04200230149597238 0.09528688524590163
0 0.3783084004602992 0.6746926229508197 0.043153049482163405 0.21004098360655737
0 0.37255466052934405 0.9436475409836066 0.043153049482163405 0.11270491803278689
0 0.3187571921749137 0.9626024590163934 0.06214039125431531 0.07479508196721311
0 0.29861910241657075 0.9129098360655737 0.05638665132336018 0.17418032786885246
0 0.21231300345224396 0.8831967213114754 0.05868814729574223 0.2336065573770492
0 0.1506041426927503 0.7207991803278688 0.056098964326812426 0.2459016393442623
0 0.03552934407364787 0.491547131147541 0.04746835443037975 0.1869877049180328
0 0.2218066743383199 0.6068135245901639 0.04602991944764097 0.1869877049180328
0 0.2663981588032221 0.5927254098360656 0.04027617951668585 0.20491803278688525
0 0.18181818181818182 0.3171106557377049 0.03452243958573072 0.05430327868852459
0 0.17649597238204834 0.3890881147540984 0.04746835443037975 0.18186475409836064
0 0.21116225546605294 0.3094262295081967 0.039125431530494824 0.0389344262295082
0 0.21375143843498273 0.3785860655737705 0.04430379746835443 0.17725409836065573
0 0.24554085155350977 0.3890881147540984 0.041714614499424624 0.1869877049180328