0 0.10679347826086956 0.5072533849129593 0.051630434782608696 0.12475822050290135
0 0.13396739130434782 0.44052224371373305 0.04891304347826087 0.22727272727272727
0 0.19293478260869565 0.029013539651837523 0.05 0.058027079303675046
0 0.48586956521739133 0.1455512572533849 0.051630434782608696 0.13056092843326886
0 0.4362771739130435 0.22654738878143132 0.04483695652173913 0.23452611218568664
0 0.43355978260869565 0.09840425531914894 0.04483695652173913 0.13297872340425532
0 0.43369565217391304 0.012088974854932301 0.0391304347826087 0.024177949709864602
0 0.4892663043478261 0.29545454545454547 0.04755434782608696 0.19825918762088976
0 0.4801630434782609 0.5328820116054158 0.04076086956521739 0.0735009671179884
0 0.3377717391304348 0.23138297872340424 0.043478260869565216 0.1764990328820116
0 0.3798913043478261 0.21808510638297873 0.03804347826086957 0.19342359767891681
0 0.29483695652173914 0.05560928433268859 0.045108695652173916 0.11121856866537717
0 0.33016304347826086 0.049806576402321084 0.04184782608695652 0.09961315280464217
0 0.360054347826087 0.05705996131528046 0.03967391304347826 0.11411992263056092
0 0.0654891304347826 0.015957446808510637 0.03097826086956522 0.031914893617021274
0 0.4157608695652174 0.48936170212765956 0.058695652173913045 0.16054158607350097
0 0.32961956521739133 0.4637330754352031 0.057065217391304345 0.21179883945841393
0 0.2623641304347826 0.3970019342359768 0.050271739130434784 0.24177949709864605
0 0.0125 0.2190522243713733 0.025 0.16731141199226304
0 0.4597826086956522 0.5411025145067698 0.05434782608695652 0.05705996131528046
0 0.2842391304347826 0.013539651837524178 0.03695652173913044 0.027079303675048357
0 0.11834239130434783 0.1008220502901354 0.03940217391304348 0.1764990328820116
0 0.4589673913043478 0.03288201160541586 0.04076086956521739 0.06576402321083172
0 0.36793478260869567 0.784816247582205 0.3032608695652174 0.43036750483558994
0 0.8076086956521739 0.745164410058027 0.07391304347826087 0.11702127659574468