0 0.4135359116022099 0.30353634577603145 0.052486187845303865 0.17288801571709234
0 0.38591160220994475 0.21267190569744598 0.049723756906077346 0.23084479371316308
0 0.07845303867403315 0.05697445972495088 0.045303867403314914 0.11394891944990176
0 0.024585635359116023 0.08300589390962672 0.04806629834254143 0.16601178781925344
0 0.03342541436464089 0.3295677799607073 0.04143646408839779 0.12082514734774066
0 0.17845303867403314 0.04469548133595285 0.04419889502762431 0.0893909626719057
0 0.13591160220994475 0.04223968565815324 0.03867403314917127 0.08447937131630648
0 0.2691988950276243 0.21267190569744598 0.05386740331491713 0.26031434184675833
0 0.19392265193370165 0.20039292730844793 0.06077348066298342 0.22102161100196463
0 0.10069060773480663 0.2568762278978389 0.05939226519337017 0.22593320235756384
0 0.5480662983425414 0.06434184675834971 0.04861878453038674 0.12868369351669942
0 0.7883977900552486 0.20677799607072692 0.19779005524861878 0.3462671905697446
0 0.86353591160221 0.7735756385068763 0.106353591160221 0.43320235756385067