0 0.3575675675675676 0.32764423076923077 0.051351351351351354 0.21394230769230768
0 0.33054054054054055 0.21586538461538463 0.04864864864864865 0.22596153846153846
0 0.02972972972972973 0.05961538461538462 0.04432432432432432 0.11923076923076924
0 0.03648648648648649 0.43317307692307694 0.05783783783783784 0.2528846153846154
0 0.05554054054054054 0.33245192307692306 0.052702702702702706 0.23798076923076922
0 0.13662162162162161 0.27115384615384613 0.05540540540540541 0.22596153846153846
0 0.1945945945945946 0.11490384615384615 0.05297297297297297 0.2298076923076923
0 0.12756756756756757 0.047596153846153844 0.043243243243243246 0.09519230769230769
0 0.08594594594594594 0.04519230769230769 0.03783783783783784 0.09038461538461538
0 0.3559459459459459 0.7798076923076923 0.2272972972972973 0.4403846153846154
0 0.8532432432432432 0.871875 0.051351351351351354 0.21394230769230768
0 0.8262162162162162 0.7600961538461538 0.04864864864864865 0.22596153846153846
0 0.6827027027027027 0.6307692307692307 0.05945945945945946 0.1423076923076923
0 0.5286486486486487 0.6115384615384616 0.03783783783783784 0.10384615384615385
0 0.6235135135135135 0.5817307692307693 0.04054054054054054 0.04423076923076923
0 0.5848648648648649 0.5802884615384616 0.03891891891891892 0.041346153846153845
0 0.635 0.8478365384615385 0.060810810810810814 0.2283653846153846
0 0.5505405405405406 0.9317307692307693 0.05675675675675676 0.13653846153846153
0 0.562027027027027 0.8814903846153846 0.052702702702702706 0.19471153846153846