0 0.6212365591397849 0.058795411089866155 0.037096774193548385 0.11759082217973231
0 0.6212365591397849 0.02055449330783939 0.037096774193548385 0.04110898661567878
0 0.3381720430107527 0.20411089866156787 0.051075268817204304 0.12906309751434034
0 0.6143817204301075 0.20172084130019122 0.04973118279569892 0.17686424474187382
0 0.17258064516129032 0.3159655831739962 0.06451612903225806 0.04684512428298279
0 0.5435483870967742 0.2777246653919694 0.05913978494623656 0.12332695984703633
0 0.3556451612903226 0.2954110898661568 0.04032258064516129 0.08795411089866156
0 0.3870967741935484 0.2538240917782027 0.04408602150537634 0.1711281070745698
0 0.38991935483870965 0.15750478011472274 0.04435483870967742 0.13145315487571702
0 0.4846774193548387 0.25621414913957935 0.04032258064516129 0.16634799235181644
0 0.44637096774193546 0.2447418738049713 0.038978494623655914 0.1864244741873805
0 0.5255376344086021 0.06739961759082218 0.03924731182795699 0.13479923518164436
0 0.48870967741935484 0.06261950286806883 0.03225806451612903 0.12523900573613767
0 0.4588709677419355 0.06978967495219886 0.03494623655913978 0.13957934990439771
0 0.18548387096774194 0.25239005736137665 0.03333333333333333 0.1739961759082218
0 0.1668010752688172 0.20052581261950286 0.038978494623655914 0.1601338432122371
0 0.14059139784946237 0.17662523900573615 0.03225806451612903 0.18403441682600383
0 0.11908602150537634 0.13838432122370936 0.02956989247311828 0.17447418738049714
0 0.15067204301075268 0.05234225621414914 0.028225806451612902 0.0979923518164436
0 0.18561827956989246 0.09177820267686425 0.036290322580645164 0.13862332695984703
0 0.22056451612903225 0.09536328871892925 0.033602150537634407 0.17925430210325047
0 0.15403225806451612 0.027724665391969407 0.02956989247311828 0.055449330783938815
0 0.3897849462365591 0.04206500956022945 0.03870967741935484 0.0841300191204589
0 0.35618279569892475 0.04110898661567878 0.03924731182795699 0.08221797323135756
0 0.04704301075268817 0.2729445506692161 0.04139784946236559 0.13288718929254303
0 0.1868279569892473 0.0076481835564053535 0.02849462365591398 0.015296367112810707
0 0.7803763440860215 0.19789674952198852 0.12150537634408602 0.24139579349904397
0 0.8623655913978494 0.1864244741873805 0.14946236559139786 0.30592734225621415