0 0.4311797752808989 0.28 0.05337078651685393 0.14
0 0.40308988764044945 0.2055 0.05056179775280899 0.235
0 0.09044943820224718 0.0525 0.046067415730337076 0.105
0 0.035674157303370785 0.079 0.04887640449438202 0.158
0 0.04466292134831461 0.3065 0.042134831460674156 0.087
0 0.11713483146067416 0.2765 0.05449438202247191 0.147
0 0.20140449438202246 0.2475 0.05786516853932584 0.205
0 0.26179775280898876 0.11 0.0550561797752809 0.22
0 0.19213483146067414 0.04 0.0449438202247191 0.08
0 0.14887640449438203 0.0375 0.03932584269662921 0.075
0 0.6438202247191012 0.195 0.012359550561797753 0.2
0 0.2300561797752809 0.734 0.3193820224719101 0.532
0 0.5466292134831461 0.543 0.046348314606741575 0.192
0 0.46292134831460674 0.545 0.025280898876404494 0.1075
0 0.4311797752808989 0.545 0.021067415730337078 0.099
0 0.4157303370786517 0.544 0.021067415730337078 0.097
0 0.47752808988764045 0.544 0.012640449438202247 0.076
0 0.39325842696629215 0.558 0.018258426966292134 0.116
0 0.375561797752809 0.5655 0.02247191011235955 0.114
0 0.5219101123595505 0.539 0.016853932584269662 0.112
0 0.5134831460674157 0.5335 0.016853932584269662 0.1015
0 0.49466292134831463 0.5315 0.01544943820224719 0.0885
0 0.8286516853932584 0.663 0.07528089887640449 0.3925
0 0.7632022471910113 0.7065 0.08314606741573034 0.529
0 0.8859550561797753 0.7275 0.08876404494382023 0.5105
0 0.9561797752808989 0.7335 0.056460674157303374 0.531
0 0.6783707865168539 0.743 0.056741573033707866 0.494
0 0.9067415730337078 0.7835 0.06853932584269663 0.4325
0 0.971629213483146 0.7815 0.056460674157303374 0.437
0 0.8101123595505618 0.7875 0.07191011235955057 0.425
0 0.7289325842696629 0.791 0.08230337078651685 0.418