0 0.25415676959619954 0.49365750528541225 0.06413301662707839 0.23255813953488372
0 0.2921615201900237 0.080338266384778 0.035629453681710214 0.160676532769556
0 0.2986935866983373 0.39323467230443976 0.022565320665083134 0.24312896405919662
0 0.14340855106888362 0.0459830866807611 0.04453681710213777 0.0919661733615222
0 0.15187054631828978 0.1897463002114165 0.057897862232779096 0.24841437632135308
0 0.01989311163895487 0.049682875264270614 0.03978622327790974 0.09936575052854123
0 0.6220308788598575 0.41120507399577166 0.09768408551068884 0.3974630021141649
0 0.7393111638954869 0.3144820295983087 0.16864608076009502 0.3974630021141649
0 0.2230819477434679 0.8407082452431289 0.030255344418052284 0.12243128964059202
0 0.25301068883610456 0.8899788583509514 0.03500000000000003 0.19983086680761095
0 0.8070071258907363 0.8430232558139535 0.18111638954869358 0.07610993657505286
0 0.7802850356294537 0.8525369978858351 0.05195961995249406 0.049682875264270614
0 0.6535035629453682 0.8477801268498943 0.07868171021377672 0.07135306553911205
0 0.5415676959619953 0.8953488372093024 0.11965558194774346 0.19978858350951373
0 0.9896080760095012 0.8493657505285412 0.020783847980997625 0.08350951374207188
0 0.9266627078384798 0.9133192389006343 0.14637767220902612 0.1733615221987315