0 0.10524861878453039 0.49214145383104124 0.052486187845303865 0.15520628683693516
0 0.13287292817679558 0.41011787819253437 0.049723756906077346 0.23084479371316308
0 0.34005524861878456 0.19769155206286837 0.04419889502762431 0.17927308447937132
0 0.3828729281767956 0.18418467583497053 0.03867403314917127 0.19646365422396855
0 0.2964088397790055 0.03781925343811395 0.04585635359116022 0.0756385068762279
0 0.33259668508287293 0.03192534381139489 0.0430939226519337 0.06385068762278978
0 0.36270718232044197 0.03929273084479371 0.04033149171270718 0.07858546168958742
0 0.011049723756906077 0.18516699410609036 0.022099447513812154 0.16994106090373282
0 0.11685082872928176 0.07711198428290766 0.04033149171270718 0.15422396856581533
0 0.24958563535911601 0.41011787819253437 0.05386740331491713 0.26031434184675833
0 0.32486187845303865 0.39783889980353637 0.06077348066298342 0.22102161100196463
0 0.40414364640883976 0.4538310412573674 0.03149171270718232 0.22593320235756384
0 0.7238011049723756 0.08206286836935166 0.01869060773480659 0.10256385068762282