0 0.3258426966292135 0.4005 0.060674157303370786 0.179
0 0.4241573033707865 0.0265 0.046067415730337076 0.053
0 0.3693820224719101 0.053 0.04887640449438202 0.106
0 0.37865168539325844 0.326 0.042134831460674156 0.23
0 0.6181179775280898 0.1535 0.054775280898876406 0.265
0 0.09213483146067415 0.0365 0.05056179775280899 0.073
0 0.22191011235955055 0.0665 0.0550561797752809 0.133
0 0.23820224719101124 0.201 0.047752808988764044 0.23
0 0.5528089887640449 0.116 0.05056179775280899 0.225
0 0.4439606741573034 0.161 0.04915730337078652 0.225
0 0.9292134831460674 0.245 0.0997191011235955 0.422
0 0.4300561797752809 0.757 0.13342696629213482 0.462
0 0.26741573033707866 0.7405 0.09803370786516855 0.4025
0 0.5435393258426966 0.7675 0.1356741573033708 0.441
0 0.6241573033707866 0.7725 0.11123595505617978 0.417
0 0.3441011235955056 0.7555 0.09803370786516855 0.425