0 0.4825136612021858 0.5466019417475728 0.034972677595628415 0.10679611650485436
0 0.06748633879781421 0.45315533980582523 0.05191256830601093 0.21601941747572814
0 0.09480874316939891 0.3402912621359223 0.04918032786885246 0.22815533980582525
0 0.4483606557377049 0.054854368932038836 0.05191256830601093 0.10970873786407767
0 0.39877049180327867 0.12548543689320388 0.045081967213114756 0.2354368932038835
0 0.3959016393442623 0.03155339805825243 0.0453551912568306 0.06310679611650485
0 0.45204918032786884 0.19466019417475727 0.04781420765027322 0.19902912621359223
0 0.442896174863388 0.4980582524271845 0.040983606557377046 0.20388349514563106
0 0.29972677595628416 0.1303398058252427 0.04371584699453552 0.17718446601941748
0 0.34207650273224044 0.11699029126213592 0.03825136612021858 0.1941747572815534
0 0.3782786885245902 0.42402912621359223 0.05874316939890711 0.23058252427184467
0 0.29153005464480874 0.36820388349514566 0.05737704918032787 0.220873786407767
0 0.22390710382513662 0.2966019417475728 0.050546448087431695 0.24271844660194175
0 0.42240437158469946 0.5063106796116504 0.0546448087431694 0.18737864077669902
0 0.07896174863387978 0.043689320388349516 0.03989071038251366 0.08737864077669903
0 0.5975409836065574 0.33859223300970875 0.05191256830601093 0.21601941747572814
0 0.6248633879781421 0.22572815533980584 0.04918032786885246 0.22815533980582525
0 0.7693989071038252 0.08349514563106795 0.060109289617486336 0.1669902912621359
0 0.9609289617486338 0.08980582524271845 0.040983606557377046 0.1796116504854369
0 0.9286885245901639 0.06407766990291262 0.0453551912568306 0.12815533980582525
0 0.8297814207650274 0.03398058252427184 0.040983606557377046 0.06796116504854369
0 0.8685792349726776 0.032524271844660196 0.03989071038251366 0.06504854368932039
0 0.8181693989071038 0.3143203883495146 0.06147540983606557 0.23058252427184467
0 0.903551912568306 0.4587378640776699 0.05737704918032787 0.25728155339805825
0 0.8919398907103825 0.3483009708737864 0.05327868852459016 0.1966019417475728
0 0.2994535519125683 0.795631067961165 0.050546448087431695 0.1558252427184466
0 0.35655737704918034 0.8796116504854369 0.08497267759562842 0.10145631067961165
0 0.37240437158469947 0.9504854368932039 0.10819672131147541 0.09854368932038834
0 0.23169398907103825 0.9354368932038835 0.1669398907103825 0.129126213592233
0 0.053005464480874315 0.8019417475728156 0.10601092896174863 0.2645631067961165
0 0.7459016393442623 0.8155339805825242 0.4412568306010929 0.36844660194174755
0 0.8387978142076503 0.8422330097087378 0.2174863387978142 0.3155339805825243