0 0.042391304347826085 0.46034816247582205 0.058695652173913045 0.09864603481624758
0 0.4671195652173913 0.3711315280464217 0.051630434782608696 0.21518375241779497
0 0.43994565217391307 0.2587040618955513 0.04891304347826087 0.22727272727272727
0 0.08777173913043479 0.014506769825918761 0.051630434782608696 0.029013539651837523
0 0.1375 0.08075435203094777 0.04456521739130435 0.16150870406189555
0 0.08464673913043479 0.11363636363636363 0.04755434782608696 0.19825918762088976
0 0.2358695652173913 0.06866537717601548 0.043478260869565216 0.13733075435203096
0 0.19402173913043477 0.06624758220502901 0.03804347826086957 0.13249516441005801
0 0.5826086956521739 0.08800773694390715 0.014130434782608696 0.1760154738878143
0 0.2619565217391304 0.22243713733075435 0.04891304347826087 0.21760154738878143
0 0.15665760869565218 0.26595744680851063 0.04755434782608696 0.21760154738878143
0 0.34619565217391307 0.34574468085106386 0.057065217391304345 0.2611218568665377
0 0.11168478260869565 0.41295938104448743 0.05271739130434783 0.19342359767891681
0 0.9005434782608696 0.31866537717601545 0.12717391304347825 0.3820116054158607
0 0.6801630434782608 0.25822050290135395 0.18097826086956523 0.5024177949709865
0 0.1565217391304348 0.6861702127659575 0.12228260869565218 0.10589941972920697
0 0.3059782608695652 0.6861702127659575 0.0983695652173913 0.07833655705996131
0 0.3472826086956522 0.8994197292069632 0.23804347826086958 0.1644100580270793
0 0.7271739130434782 0.7277562862669246 0.04701086956521739 0.1784332688588008