0 0.0848976109215017 0.3866396761133603 0.0611490329920364 0.23279352226720648
0 0.128839590443686 0.03137651821862348 0.04948805460750853 0.06275303643724696
0 0.13822525597269625 0.2854251012145749 0.042662116040955635 0.23279352226720648
0 0.007110352673492605 0.10475708502024292 0.01422070534698521 0.20951417004048584
0 0.20719567690557453 0.15637651821862347 0.0611490329920364 0.23279352226720648
0 0.4678612059158134 0.3557692307692308 0.3575085324232082 0.326417004048583
0 0.19738339021615472 0.9210526315789473 0.051194539249146756 0.15789473684210525
0 0.1356655290102389 0.5399797570850202 0.052901023890784986 0.04149797570850203
0 0.02901023890784983 0.5678137651821862 0.04664391353811149 0.09716599190283401
0 0.21387940841865757 0.6082995951417004 0.040955631399317405 0.17813765182186234
0 0.07736063708759955 0.9134615384615384 0.055745164960182024 0.17307692307692307
0 0.01564277588168373 0.917004048582996 0.03128555176336746 0.1659919028340081
0 0.767349260523322 0.6973684210526315 0.4653014789533561 0.305668016194332