0 0.29301075268817206 0.5310707456978967 0.05806451612903226 0.1577437858508604
0 0.3379032258064516 0.0372848948374761 0.051075268817204304 0.0745697896749522
0 0.3870967741935484 0.10277246653919694 0.04408602150537634 0.2055449330783939
0 0.3897849462365591 0.014340344168260038 0.04408602150537634 0.028680688336520075
0 0.33481182795698927 0.15822179732313577 0.04704301075268817 0.1959847036328872
0 0.3435483870967742 0.4665391969407266 0.04032258064516129 0.2198852772466539
0 0.16532258064516128 0.058795411089866155 0.03602150537634408 0.11759082217973231
0 0.19301075268817205 0.10325047801147227 0.04032258064516129 0.18164435946462715
0 0.4814516129032258 0.09464627151051626 0.037096774193548385 0.1739961759082218
0 0.443010752688172 0.08843212237093691 0.03763440860215054 0.17686424474187382
0 0.20040322580645162 0.28250478011472274 0.05241935483870968 0.22466539196940727
0 0.48494623655913977 0.2891969407265774 0.030107526881720432 0.21510516252390058
0 0.40873655913978496 0.34464627151051624 0.05779569892473118 0.2198852772466539
0 0.07540322580645162 0.10564053537284895 0.04704301075268817 0.19120458891013384
0 0.08924731182795699 0.05736137667304015 0.04838709677419355 0.1147227533460803
0 0.4274193548387097 0.9106118546845124 0.14516129032258066 0.17877629063097514
0 0.04408602150537634 0.8522944550669216 0.08817204301075268 0.11950286806883365
0 0.19811827956989247 0.8403441682600382 0.39623655913978495 0.3193116634799235
0 0.8580645161290322 0.8647227533460803 0.15806451612903225 0.18833652007648183
0 0.638978494623656 0.8938814531548758 0.2779569892473118 0.14961759082217974