0 0.19216216216216217 0.21802884615384616 0.051351351351351354 0.21394230769230768
0 0.21891891891891893 0.10961538461538461 0.04864864864864865 0.21923076923076923
0 0.4131081081081081 0.16153846153846155 0.05540540540540541 0.22596153846153846
0 0.35486486486486485 0.06009615384615385 0.05243243243243243 0.1201923076923077
0 0.6794594594594595 0.25721153846153844 0.033783783783783786 0.10913461538461539
0 0.737027027027027 0.2653846153846154 0.03864864864864865 0.14567307692307693
0 0.9097297297297298 0.36875 0.07432432432432433 0.3817307692307692
0 0.8427027027027028 0.3735576923076923 0.06594594594594595 0.3721153846153846
0 0.7964864864864865 0.37884615384615383 0.044864864864864865 0.35865384615384616
0 0.6443243243243243 0.37451923076923077 0.07081081081081081 0.3701923076923077
0 0.5564864864864865 0.3764423076923077 0.0945945945945946 0.3663461538461538
0 0.6078378378378378 0.38221153846153844 0.04378378378378378 0.3548076923076923
0 0.7024324324324325 0.3918269230769231 0.07702702702702703 0.3350961538461538
0 0.7762162162162162 0.39903846153846156 0.07567567567567568 0.3211538461538462
0 0.1245945945945946 0.8016826923076923 0.051351351351351354 0.21394230769230768
0 0.15162162162162163 0.6899038461538461 0.04864864864864865 0.22596153846153846
0 0.4618918918918919 0.8197115384615384 0.015675675675675675 0.24519230769230768
0 0.2945945945945946 0.5956730769230769 0.05945945945945946 0.07211538461538461
0 0.3948648648648649 0.9072115384615385 0.06756756756756757 0.18557692307692308
0 0.4110810810810811 0.8389423076923077 0.05675675675675676 0.21634615384615385
0 0.34486486486486484 0.7992788461538461 0.06486486486486487 0.23798076923076922
0 0.9251351351351351 0.8480769230769231 0.09135135135135135 0.3038461538461538
0 0.534054054054054 0.8572115384615384 0.08756756756756756 0.28557692307692306
0 0.5945945945945946 0.8668269230769231 0.06027027027027027 0.2658653846153846
0 0.8975675675675676 0.8788461538461538 0.07243243243243243 0.2423076923076923
0 0.6256756756756757 0.9048076923076923 0.08162162162162162 0.19038461538461537
0 0.7008108108108108 0.8966346153846154 0.09027027027027026 0.20673076923076922
0 0.8278378378378378 0.9028846153846154 0.09297297297297297 0.19423076923076923
0 0.764054054054054 0.8923076923076924 0.0981081081081081 0.20192307692307693
0 0.8467567567567568 0.7798076923076923 0.05162162162162162 0.11634615384615385
0 0.7275675675675676 0.7860576923076923 0.06972972972972973 0.11346153846153846
0 0.7886486486486487 0.7817307692307692 0.06972972972972973 0.13173076923076923
0 0.657027027027027 0.7932692307692307 0.07486486486486486 0.1389423076923077
0 0.9913513513513513 0.9192307692307692 0.017297297297297298 0.16105769230769232