0 0.056578947368421055 0.15332397003745318 0.05 0.20833333333333334
0 0.08263157894736842 0.07724719101123595 0.04736842105263158 0.1544943820224719
0 0.19394736842105262 0.08426966292134831 0.05105263157894737 0.16853932584269662
0 0.25526315789473686 0.05711610486891386 0.04736842105263158 0.11423220973782772
0 0.35710526315789476 0.07818352059925093 0.045789473684210526 0.15636704119850187
0 0.6968421052631579 0.14559925093632958 0.06394736842105263 0.16619850187265917
0 0.5142105263157895 0.24110486891385768 0.18078947368421053 0.19194756554307116
0 0.5236842105263158 0.2808988764044944 0.2623684210526316 0.24578651685393257
0 0.6428947368421053 0.2631086142322097 0.11921052631578948 0.23595505617977527
0 0.743421052631579 0.2663857677902622 0.10657894736842105 0.2799625468164794
0 0.8744736842105263 0.3160112359550562 0.23842105263157895 0.3061797752808989
0 0.4357894736842105 0.1999063670411985 0.06657894736842106 0.06975655430711611
0 0.47842105263157897 0.17322097378277154 0.03894736842105263 0.05664794007490637
0 0.9686842105263158 0.21769662921348315 0.022631578947368423 0.05102996254681648
0 0.8881578947368421 0.24531835205992508 0.2236842105263158 0.3408239700374532
0 0.21342105263157896 0.5978464419475655 0.02131578947368421 0.1198501872659176
0 0.27157894736842103 0.5641385767790262 0.015263157894736841 0.08052434456928839
0 0.17789473684210527 0.5678838951310862 0.019210526315789473 0.10674157303370786
0 0.05447368421052631 0.8431647940074907 0.031578947368421054 0.13576779026217228
0 0.8342105263157895 0.8071161048689138 0.13315789473684211 0.3857677902621723
0 0.7173684210526315 0.8010299625468165 0.13052631578947368 0.397940074906367
0 0.5952631578947368 0.8089887640449438 0.13921052631578948 0.3815543071161049
0 0.47710526315789475 0.8913857677902621 0.07631578947368421 0.21722846441947566
0 0.4126315789473684 0.8923220973782772 0.06526315789473684 0.2153558052434457
0 0.9147368421052632 0.8426966292134831 0.05763157894736842 0.13623595505617977