0 0.3003452243958573 0.2489754098360656 0.06214039125431531 0.10040983606557377
0 0.3541426927502877 0.19774590163934427 0.043153049482163405 0.2028688524590164
0 0.20109321058688148 0.06864754098360656 0.05581127733026467 0.13729508196721313
0 0.4240506329113924 0.10040983606557377 0.06214039125431531 0.20081967213114754
0 0.9116800920598389 0.20081967213114754 0.1314729574223245 0.13114754098360656
0 0.8811852704257768 0.1762295081967213 0.12313003452243959 0.1875
0 0.8414844649021864 0.09579918032786885 0.10385500575373993 0.12141393442622951
0 0.7537399309551208 0.1444672131147541 0.11939010356731876 0.10604508196721311
0 0.7592059838895282 0.1598360655737705 0.13262370540851554 0.21157786885245902
0 0.7010932105868815 0.16086065573770492 0.2079976985040276 0.23104508196721313
0 0.6959148446490219 0.1721311475409836 0.34781357882623704 0.2540983606557377
0 0.2669735327963176 0.7617827868852459 0.11219792865362485 0.4764344262295082
0 0.7986191024165707 0.5727459016393442 0.15420023014959724 0.5471311475409836