0 0.01076555023923445 0.46861702127659577 0.0215311004784689 0.14148936170212767
0 0.060107655502392346 0.05106382978723404 0.05562200956937799 0.10212765957446808
0 0.05861244019138756 0.00851063829787234 0.05861244019138756 0.01702127659574468
0 0.38217703349282295 0.19840425531914893 0.056818181818181816 0.14361702127659576
0 0.3276016746411483 0.2875 0.049342105263157895 0.2579787234042553
0 0.32461124401913877 0.14654255319148937 0.049342105263157895 0.14627659574468085
0 0.32476076555023925 0.032446808510638296 0.0430622009569378 0.06489361702127659
0 0.3859150717703349 0.36329787234042554 0.05233253588516747 0.21808510638297873
0 0.21919856459330145 0.2928191489361702 0.04784688995215311 0.19414893617021275
0 0.26555023923444976 0.2781914893617021 0.041866028708133975 0.2127659574468085
0 0.1722488038277512 0.08031914893617022 0.04904306220095694 0.16063829787234044
0 0.2111244019138756 0.07393617021276595 0.04665071770334928 0.1478723404255319
0 0.24401913875598086 0.08191489361702127 0.0430622009569378 0.16382978723404254
0 0.3050239234449761 0.5138297872340426 0.0645933014354067 0.05106382978723404
0 0.21022727272727273 0.4856382978723404 0.06279904306220095 0.1074468085106383
0 0.13606459330143542 0.44042553191489364 0.05562200956937799 0.19787234042553192
0 0.16028708133971292 0.03404255319148936 0.04066985645933014 0.06808510638297872
0 0.3525717703349282 0.05531914893617021 0.04485645933014354 0.11063829787234042
0 0.6728468899521531 0.4186170212765957 0.08163875598086125 0.16382978723404254
0 0.8914473684210527 0.9308510638297872 0.020035885167464115 0.11595744680851064
0 0.8717105263157895 0.9340425531914893 0.02541866028708134 0.1202127659574468
0 0.9509569377990431 0.9398936170212766 0.01854066985645933 0.1202127659574468
0 0.93122009569378 0.9404255319148936 0.026016746411483254 0.11914893617021277
0 0.9922248803827751 0.9452127659574469 0.01555023923444976 0.1074468085106383
0 0.6743421052631579 0.899468085106383 0.017045454545454544 0.06861702127659575
0 0.6270933014354066 0.8946808510638298 0.02332535885167464 0.07021276595744681
0 0.5894138755980861 0.9010638297872341 0.02063397129186603 0.08723404255319149
0 0.55622009569378 0.8952127659574468 0.019437799043062202 0.08723404255319149
0 0.534988038277512 0.8946808510638298 0.02332535885167464 0.09893617021276596
0 0.7455143540669856 0.901595744680851 0.014952153110047847 0.07819148936170213
0 0.7918660287081339 0.9069148936170213 0.01555023923444976 0.07553191489361702
0 0.819677033492823 0.9164893617021277 0.01674641148325359 0.0898936170212766