0 0.2364406779661017 0.3307344064386318 0.05367231638418079 0.2238430583501006
0 0.2646892655367232 0.2137826961770624 0.05084745762711865 0.23641851106639838
0 0.008192090395480226 0.2550301810865191 0.01638418079096045 0.23843058350100604
0 0.37824858757062146 0.2137826961770624 0.04350282485875706 0.2665995975855131
0 0.008757062146892656 0.06287726358148893 0.01751412429378531 0.12575452716297786
0 0.09858757062146893 0.06388329979879276 0.04915254237288136 0.12776659959758552
0 0.6587570621468927 0.4200201207243461 0.05084745762711865 0.059356136820925554
0 0.7206214689265537 0.05533199195171026 0.05254237288135593 0.11066398390342053
0 0.7192090395480226 0.015090543259557344 0.05536723163841808 0.030181086519114688
0 0.9733050847457627 0.28596579476861167 0.046610169491525424 0.24396378269617705
0 0.9704802259887005 0.15266599597585512 0.046610169491525424 0.13832997987927564
0 0.8709039548022599 0.29099597585513076 0.04519774011299435 0.1836016096579477
0 0.9146892655367231 0.27716297786720323 0.03954802259887006 0.2012072434607646
0 0.86045197740113 0.009054325955734407 0.0384180790960452 0.018108651911468814
0 0.8632768361581921 0.07696177062374246 0.04406779661016949 0.15392354124748492
0 0.8943502824858757 0.08450704225352113 0.04067796610169491 0.16901408450704225
0 0.5638418079096045 0.032696177062374245 0.0327683615819209 0.06539235412474849
0 0.9878531073446327 0.059356136820925554 0.024293785310734464 0.11871227364185111
0 0.9480225988700565 0.06790744466800805 0.04406779661016949 0.1358148893360161
0 0.6110169491525423 0.13254527162977867 0.0480225988700565 0.1886317907444668
0 0.4059322033898305 0.31740442655935613 0.011864406779661017 0.2062374245472837
0 0.4124293785310734 0.22535211267605634 0.024858757062146894 0.1891348088531187
0 0.49307909604519773 0.3312374245472837 0.04943502824858757 0.1836016096579477
0 0.8094632768361582 0.14512072434607645 0.038135593220338986 0.17857142857142858
0 0.8011299435028248 0.05533199195171026 0.0384180790960452 0.11066398390342053
0 0.8440677966101695 0.403420523138833 0.05084745762711865 0.0925553319919517
0 0.9533898305084746 0.426056338028169 0.04915254237288136 0.047283702213279676
0 0.4288135593220339 0.25075452716297786 0.0480225988700565 0.1886317907444668
0 0.49180790960451976 0.03420523138832998 0.03220338983050847 0.06841046277665996
0 0.47909604519774013 0.07042253521126761 0.0327683615819209 0.14084507042253522