0 0.41346153846153844 0.508298755186722 0.06235431235431235 0.12240663900414937
0 0.006701631701631702 0.2837136929460581 0.013403263403263404 0.2437759336099585
0 0.36451048951048953 0.01867219917012448 0.05536130536130536 0.03734439834024896
0 0.3114801864801865 0.08973029045643154 0.04836829836829837 0.17946058091286307
0 0.36844405594405594 0.12811203319502074 0.05099067599067599 0.21265560165975103
0 0.3586829836829837 0.45643153526970953 0.043706293706293704 0.22614107883817428
0 0.2057109557109557 0.07676348547717843 0.046620046620046623 0.15352697095435686
0 0.2511655011655012 0.0741701244813278 0.04079254079254079 0.1483402489626556
0 0.4927156177156177 0.2629668049792531 0.014568764568764568 0.2437759336099585
0 0.11057692307692307 0.2837136929460581 0.056818181818181816 0.274896265560166
0 0.18997668997668998 0.27074688796680496 0.0641025641025641 0.23340248962655602
0 0.2883158508158508 0.3303941908713693 0.06264568764568765 0.23858921161825727
0 0.5480769230769231 0.47977178423236516 0.05536130536130536 0.17946058091286307
0 0.5772144522144522 0.3853734439834025 0.05244755244755245 0.2437759336099585
0 0.9542540792540792 0.06950207468879668 0.05536130536130536 0.13900414937759337
0 0.9013694638694638 0.1558609958506224 0.04807692307692308 0.25155601659751037
0 0.8983100233100233 0.044605809128630707 0.04836829836829837 0.08921161825726141
0 0.9581876456876457 0.22977178423236513 0.05099067599067599 0.21265560165975103
0 0.9484265734265734 0.5072614107883817 0.043706293706293704 0.12448132780082988
0 0.7957459207459208 0.16104771784232366 0.046620046620046623 0.18931535269709543
0 0.8409090909090909 0.14678423236514523 0.04079254079254079 0.2074688796680498
0 0.8199300699300699 0.017634854771784232 0.04195804195804196 0.035269709543568464
0 0.7003205128205128 0.3853734439834025 0.056818181818181816 0.274896265560166
0 0.5276806526806527 0.04719917012448133 0.049533799533799536 0.09439834024896265
0 0.7322261072261073 0.05134854771784232 0.03904428904428905 0.10269709543568464
0 0.7680652680652681 0.34647302904564314 0.05244755244755245 0.23340248962655602
0 0.8809731934731935 0.39315352697095435 0.05099067599067599 0.23340248962655602
0 0.5262237762237763 0.7946058091286307 0.05215617715617716 0.4045643153526971
0 0.9781468531468531 0.7774896265560166 0.043706293706293704 0.40560165975103735
0 0.8924825174825175 0.7816390041493776 0.048659673659673656 0.32935684647302904
0 0.8403263403263403 0.7676348547717843 0.06876456876456877 0.36358921161825725
0 0.7814685314685315 0.7894190871369294 0.06439393939393939 0.3303941908713693
0 0.7389277389277389 0.7946058091286307 0.060897435897435896 0.33454356846473027
0 0.9405594405594405 0.7764522821576764 0.07022144522144522 0.379149377593361
0 0.5705128205128205 0.8070539419087137 0.06818181818181818 0.3822614107883817
0 0.6465617715617715 0.8070539419087137 0.05506993006993007 0.3698132780082988
0 0.6908508158508159 0.7889004149377593 0.04807692307692308 0.379149377593361
0 0.6078088578088578 0.7914937759336099 0.049533799533799536 0.3983402489626556
0 0.675990675990676 0.6493775933609959 0.0236013986013986 0.07105809128630705