0 0.18342541436464088 0.48428290766208254 0.05966850828729282 0.09037328094302555
0 0.22955801104972376 0.025540275049115914 0.052486187845303865 0.05108055009823183
0 0.28011049723756903 0.09282907662082515 0.045303867403314914 0.1856581532416503
0 0.22638121546961326 0.13703339882121807 0.04834254143646409 0.2013752455795678
0 0.23508287292817678 0.4351669941060904 0.04143646408839779 0.18860510805500982
0 0.28701657458563534 0.4533398821218075 0.05911602209944752 0.15225933202357564
0 0.30649171270718234 0.4034872298624754 0.05386740331491713 0.2431237721021611
0 0.3893646408839779 0.34086444007858546 0.05662983425414365 0.23084479371316308
0 0.4487569060773481 0.181237721021611 0.05386740331491713 0.2357563850687623
0 0.014640883977900553 0.04862475442043222 0.029281767955801105 0.09724950884086445
0 0.052209944751381215 0.04764243614931238 0.037016574585635356 0.09528487229862476
0 0.08038674033149171 0.0869351669941061 0.04143646408839779 0.1738703339882122
0 0.0744475138121547 0.24140471512770137 0.04834254143646409 0.22838899803536344
0 0.38011049723756907 0.08055009823182711 0.04419889502762431 0.16110019646365423
0 0.33756906077348064 0.07809430255402751 0.03867403314917127 0.15618860510805502
0 0.11132596685082873 0.7838899803536346 0.16353591160220995 0.3104125736738703
0 0.6767955801104972 0.7372298624754421 0.08121546961325966 0.05157170923379175
0 0.8729281767955801 0.7195481335952849 0.052209944751381215 0.09233791748526522
0 0.7215469613259669 0.6321218074656189 0.06049723756906077 0.07170923379174853