0 0.026256983240223464 0.4875745526838966 0.05251396648044693 0.2216699801192843
0 0.05391061452513966 0.37226640159045726 0.05027932960893855 0.23359840954274355
0 0.26340782122905027 0.15730616302186878 0.0446927374301676 0.18141153081510936
0 0.3067039106145251 0.14363817097415507 0.03910614525139665 0.1988071570576541
0 0.28631284916201116 0.018389662027833 0.04078212290502793 0.036779324055666
0 0.17192737430167598 0.37226640159045726 0.05446927374301676 0.2634194831013916
0 0.015083798882681564 0.04671968190854871 0.030167597765363128 0.09343936381709742
0 0.20251396648044692 0.05069582504970179 0.037430167597765365 0.10139165009940358
0 0.23687150837988827 0.3349900596421471 0.05027932960893855 0.22365805168986083
0 0.33016759776536314 0.37922465208747513 0.01899441340782123 0.22365805168986083
0 0.4360335195530726 0.6317097415506958 0.014245810055865922 0.05019880715705766
0 0.6776536312849162 0.8001988071570576 0.07234636871508379 0.10934393638170974
0 0.47150837988826816 0.8628230616302187 0.2041899441340782 0.12624254473161034
0 0.4849162011173184 0.8891650099403579 0.2905027932960894 0.16202783300198806
0 0.6167597765363129 0.8772365805168986 0.13463687150837989 0.1555666003976143
0 0.7301675977653631 0.8797216699801192 0.12039106145251396 0.18439363817097415
0 0.8717877094972067 0.9055666003976143 0.25642458100558657 0.18886679920477137
0 0.38296089385474863 0.8354870775347912 0.07513966480446928 0.04572564612326044
0 0.43100558659217875 0.8185884691848907 0.04385474860335196 0.037276341948310136
0 0.9843575418994414 0.8474155069582505 0.025418994413407822 0.033797216699801194
0 0.8837988826815643 0.8663021868787276 0.2324022346368715 0.22465208747514911