0 0.22087912087912087 0.27490234375 0.04945054945054945 0.1083984375
0 0.018406593406593407 0.1240234375 0.036813186813186814 0.177734375
0 0.0260989010989011 0.29052734375 0.0521978021978022 0.0771484375
0 0.0912087912087912 0.2490234375 0.05054945054945055 0.16015625
0 0.4085164835164835 0.056640625 0.0456043956043956 0.11328125
0 0.35370879120879123 0.112060546875 0.04532967032967033 0.16845703125
0 0.2368131868131868 0.04052734375 0.03956043956043956 0.0810546875
0 0.6969780219780219 0.0341796875 0.0510989010989011 0.068359375
0 0.4565934065934066 0.224609375 0.03406593406593406 0.208984375
0 0.45796703296703295 0.10888671875 0.036813186813186814 0.1337890625
0 0.5505494505494506 0.24169921875 0.04395604395604396 0.1748046875
0 0.5082417582417582 0.22998046875 0.038461538461538464 0.1953125
0 0.593956043956044 0.06103515625 0.045054945054945054 0.1220703125
0 0.5582417582417583 0.05517578125 0.04285714285714286 0.1103515625
0 0.528021978021978 0.0625 0.03956043956043956 0.125
0 0.9443681318681318 0.150634765625 0.04532967032967033 0.16357421875
0 0.8894230769230769 0.231201171875 0.04532967032967033 0.16845703125
0 0.6049450549450549 0.0185546875 0.03736263736263736 0.037109375
0 0.9868131868131869 0.150390625 0.026373626373626374 0.1640625
0 0.990934065934066 0.23046875 0.018131868131868133 0.197265625
0 0.7726648351648352 0.111572265625 0.03983516483516483 0.17822265625
0 0.9093406593406593 0.02587890625 0.03296703296703297 0.0517578125
0 0.9464285714285714 0.03076171875 0.04120879120879121 0.0615234375
0 0.4758241758241758 0.04638671875 0.04285714285714286 0.0927734375
0 0.20467032967032966 0.6943359375 0.22994505494505493 0.55810546875
0 0.3546703296703297 0.66650390625 0.1686813186813187 0.6669921875