0 0.2857142857142857 0.1275894538606403 0.05026455026455026 0.1271186440677966
0 0.2373015873015873 0.1906779661016949 0.043915343915343914 0.1967984934086629
0 0.2347883597883598 0.08168549905838042 0.04365079365079365 0.12947269303201506
0 0.4357142857142857 0.0423728813559322 0.035449735449735446 0.0847457627118644
0 0.28888888888888886 0.2330508474576271 0.04656084656084656 0.1120527306967985
0 0.4537037037037037 0.1487758945386064 0.032275132275132276 0.1694915254237288
0 0.4283068783068783 0.20951035781544255 0.03968253968253968 0.1591337099811676
0 0.14126984126984127 0.2071563088512241 0.042328042328042326 0.1638418079096045
0 0.18253968253968253 0.1963276836158192 0.037037037037037035 0.1854990583804143
0 0.09973544973544973 0.047080979284369114 0.043915343915343914 0.09416195856873823
0 0.13412698412698412 0.04143126177024482 0.040740740740740744 0.08286252354048965
0 0.16322751322751322 0.04849340866290019 0.038624338624338624 0.09698681732580038
0 0.40793650793650793 0.04472693032015066 0.03597883597883598 0.08945386064030132
0 0.258994708994709 0.02495291902071563 0.03968253968253968 0.04990583804143126
0 0.21349206349206348 0.03295668549905838 0.040740740740740744 0.06591337099811675
0 0.22724867724867726 0.7278719397363466 0.06693121693121692 0.21563088512241055