0 0.04073856975381008 0.027139874739039668 0.04865181711606096 0.054279749478079335
0 0.4114888628370457 0.021920668058455117 0.04572098475967175 0.04384133611691023
0 0.09788980070339977 0.054801670146137786 0.05158264947245018 0.10960334029227557
0 0.08821805392731535 0.29436325678496866 0.043962485345838215 0.15031315240083507
0 0.03341148886283705 0.3136743215031315 0.06330597889800703 0.11169102296450939
0 0.020808909730363423 0.2630480167014614 0.041617819460726846 0.21294363256784968
0 0.2523446658851114 0.020876826722338204 0.043962485345838215 0.04175365344467641
0 0.25908558030480655 0.1174321503131524 0.05158264947245018 0.2348643006263048
0 0.5665298944900352 0.15762004175365343 0.11635404454865182 0.24686847599164927
0 0.13276670574443142 0.6069937369519833 0.0847010550996483 0.18423799582463465
0 0.8259085580304807 0.7202505219206681 0.29308323563892147 0.48538622129436326
0 0.6207502930832356 0.7045929018789144 0.16266119577960142 0.42588726513569936