0 0.201668584579977 0.2151639344262295 0.061565017261219795 0.22950819672131148
0 0.14758342922899884 0.1168032786885246 0.043153049482163405 0.2336065573770492
0 0.07796317606444189 0.05122950819672131 0.061565017261219795 0.10245901639344263
0 0.6521864211737629 0.11629098360655737 0.06444188722669736 0.08709016393442623
0 0.22784810126582278 0.8017418032786885 0.1596662830840046 0.26588114754098363
0 0.38981588032220943 0.3744877049180328 0.020138089758342925 0.08913934426229508
0 0.6829689298043728 0.5117827868852459 0.05466052934407365 0.13831967213114754
0 0.6304660529344074 0.5975922131147541 0.04746835443037975 0.24846311475409835
0 0.6275891829689298 0.4618340163934426 0.04746835443037975 0.1408811475409836
0 0.8463751438434983 0.3975409836065574 0.039125431530494824 0.13524590163934427
0 0.6865650172612198 0.670594262295082 0.050345224395857306 0.21004098360655737
0 0.67692750287687 0.9415983606557377 0.043153049482163405 0.1168032786885246
0 0.900891829689298 0.4451844262295082 0.035960874568469504 0.17930327868852458
0 0.867807825086306 0.5348360655737705 0.03883774453394707 0.18442622950819673
0 0.8383199079401611 0.6116803278688525 0.043153049482163405 0.19467213114754098
0 0.5261795166858458 0.6027151639344263 0.04602991944764097 0.1869877049180328
0 0.570771001150748 0.5886270491803278 0.04027617951668585 0.20491803278688525
0 0.4810126582278481 0.4026639344262295 0.047180667433831994 0.14549180327868852
0 0.5184119677790564 0.39651639344262296 0.04487917146144994 0.13319672131147542
0 0.5500575373993095 0.4042008196721312 0.04142692750287687 0.14856557377049182
0 0.8161680092059839 0.40010245901639346 0.03855005753739931 0.1403688524590164
0 0.8760069044879172 0.3401639344262295 0.03164556962025317 0.020491803278688523
0 0.8304085155350979 0.8037909836065574 0.056098964326812426 0.24077868852459017
0 0.46950517836593786 0.35809426229508196 0.039125431530494824 0.05635245901639344
0 0.8095512082853855 0.3360655737704918 0.03452243958573072 0.012295081967213115
0 0.654487917146145 0.3785860655737705 0.043153049482163405 0.09733606557377049
0 0.6047180667433832 0.38729508196721313 0.04487917146144994 0.11475409836065574
0 0.4319620253164557 0.8242827868852459 0.056098964326812426 0.27151639344262296
0 0.5103567318757192 0.8114754098360656 0.06329113924050633 0.2305327868852459
0 0.6074510932105869 0.8703893442622951 0.06185270425776755 0.23565573770491804
0 0.9641829689298044 0.6142418032786885 0.050345224395857306 0.20491803278688525
0 0.9490794016110472 0.5348360655737705 0.05178365937859609 0.17930327868852458