0 0.2076086956521739 0.281431334622824 0.058695652173913045 0.195357833655706
0 0.12255434782608696 0.09429400386847195 0.04619565217391304 0.1885880077369439
0 0.42717391304347824 0.051740812379110254 0.04891304347826087 0.10348162475822051
0 0.3217391304347826 0.0735009671179884 0.04782608695652174 0.1470019342359768
0 0.2770380434782609 0.2079303675048356 0.05298913043478261 0.2369439071566731
0 0.5641304347826087 0.3351063829787234 0.12065217391304348 0.08800773694390715
0 0.9315217391304348 0.33123791102514505 0.13451086956521738 0.09574468085106383
0 0.8926630434782609 0.25338491295938104 0.16277173913043477 0.2514506769825919
0 0.7258152173913044 0.22098646034816247 0.20217391304347826 0.31576402321083175
0 0.558695652173913 0.22775628626692457 0.15706521739130436 0.26450676982591875
0 0.20923913043478262 0.7030947775628626 0.10869565217391304 0.3515473887814313
0 0.18559782608695652 0.49709864603481624 0.04619565217391304 0.11121856866537717
0 0.7692934782608696 0.6494197292069632 0.05923913043478261 0.2495164410058027