0 0.30223463687150837 0.46272365805168986 0.060335195530726256 0.21371769383697814
0 0.4 0.04970178926441352 0.04581005586592179 0.09940357852882704
0 0.04664804469273743 0.04473161033797217 0.043016759776536316 0.08946322067594434
0 0.3455307262569832 0.07604373757455268 0.04860335195530726 0.15208747514910537
0 0.3547486033519553 0.37077534791252487 0.04189944134078212 0.2286282306163022
0 0.40712290502793297 0.4316600397614314 0.06005586592178771 0.275844930417495
0 0.4195530726256983 0.3195825049701789 0.04022346368715084 0.24552683896620278
0 0.19804469273743017 0.0437375745526839 0.04189944134078212 0.0874751491053678
0 0.1920391061452514 0.1558151093439364 0.04888268156424581 0.23111332007952287
0 0.8069832402234637 0.7691351888667992 0.05307262569832402 0.22117296222664015
0 0.7787709497206704 0.6699801192842942 0.05027932960893855 0.20079522862823063
0 0.45279329608938546 0.7877733598409543 0.026256983240223464 0.25347912524850896
0 0.5276536312849162 0.8911530815109344 0.06983240223463687 0.21769383697813122
0 0.5108938547486034 0.8076540755467196 0.05865921787709497 0.22365805168986083
0 0.5793296089385475 0.7666500994035785 0.0670391061452514 0.24602385685884692