0 0.1765486725663717 0.22476340694006308 0.3530973451327434 0.44952681388012616
0 0.8362831858407079 0.13406940063091483 0.15221238938053097 0.26813880126182965
0 0.6039823008849557 0.13249211356466878 0.12831858407079647 0.26498422712933756
0 0.1407079646017699 0.7105678233438486 0.06017699115044248 0.23895899053627762
0 0.3070796460176991 0.48264984227129337 0.021238938053097345 0.06624605678233439
0 0.1747787610619469 0.6861198738170347 0.031415929203539826 0.11908517350157728
0 0.03938053097345133 0.8470031545741324 0.07831858407079646 0.18848580441640378
0 0.05088495575221239 0.7097791798107256 0.0420353982300885 0.19558359621451105
0 0.01592920353982301 0.7381703470031545 0.031415929203539826 0.09936908517350158
0 0.02654867256637168 0.6703470031545742 0.026106194690265486 0.1167192429022082
0 0.4331858407079646 0.6490536277602523 0.04424778761061947 0.13643533123028392
0 0.40309734513274337 0.637223974763407 0.049557522123893805 0.13485804416403785
0 0.7407079646017699 0.7247634069400631 0.40176991150442476 0.5504731861198738