0 0.5053672316384181 0.5211267605633803 0.05367231638418079 0.19718309859154928
0 0.47711864406779664 0.4180080482897384 0.05084745762711865 0.23641851106639838
0 0.11129943502824859 0.11116700201207244 0.05367231638418079 0.1358148893360161
0 0.16285310734463276 0.1954225352112676 0.046610169491525424 0.24396378269617705
0 0.1655367231638418 0.06539235412474849 0.04632768361581921 0.13078470824949698
0 0.10776836158192091 0.267102615694165 0.04943502824858757 0.2062374245472837
0 0.11666666666666667 0.5477867203219315 0.0423728813559322 0.14386317907444668
0 0.2652542372881356 0.20045271629778671 0.04519774011299435 0.1836016096579477
0 0.2214689265536723 0.18661971830985916 0.03954802259887006 0.2012072434607646
0 0.3096045197740113 0.03772635814889336 0.04632768361581921 0.07545271629778671
0 0.27288135593220336 0.03169014084507042 0.04406779661016949 0.06338028169014084
0 0.24180790960451978 0.039235412474849095 0.04067796610169491 0.07847082494969819
0 0.6819209039548022 0.02012072434607646 0.03954802259887006 0.04024144869215292
0 0.7545197740112994 0.1675050301810865 0.029943502824858758 0.21428571428571427
0 0.18389830508474575 0.5025150905432596 0.060451977401129946 0.23440643863179075
0 0.27372881355932205 0.44693158953722334 0.059322033898305086 0.22887323943661972
0 0.34364406779661016 0.3727364185110664 0.052259887005649715 0.2515090543259557
0 0.6699152542372881 0.10487927565392353 0.046610169491525424 0.16851106639839034
0 0.747457627118644 0.45925553319919515 0.04406779661016949 0.23843058350100604
0 0.6134180790960452 0.18787726358148893 0.046610169491525424 0.17354124748490946
0 0.13785310734463277 0.5563380281690141 0.05649717514124294 0.1267605633802817
0 0.723587570621469 0.10487927565392353 0.046610169491525424 0.16851106639839034
0 0.734180790960452 0.1903923541247485 0.05084745762711865 0.20875251509054327
0 0.49322033898305084 0.07796780684104627 0.04067796610169491 0.15593561368209255
0 0.8155367231638418 0.09783702213279678 0.04519774011299435 0.1836016096579477
0 0.7805084745762711 0.0920523138832998 0.022033898305084745 0.1841046277665996
0 0.9080508474576271 0.3153923541247485 0.05508474576271186 0.2665995975855131
0 0.8768361581920904 0.02062374245472837 0.0384180790960452 0.04124748490945674
0 0.8423728813559322 0.2776659959758551 0.05084745762711865 0.22635814889336017
0 0.6240112994350282 0.9491951710261569 0.05367231638418079 0.10160965794768612
0 0.5954802259887005 0.8878269617706237 0.05084745762711865 0.2243460764587525
0 0.22966101694915253 0.6373239436619719 0.05367231638418079 0.035211267605633804
0 0.28135593220338984 0.7062374245472837 0.04632768361581921 0.17303822937625754
0 0.22641242937853107 0.7429577464788732 0.04943502824858757 0.2062374245472837
0 0.38361581920903953 0.6936619718309859 0.04519774011299435 0.14788732394366197
0 0.34011299435028247 0.6911468812877264 0.03954802259887006 0.14285714285714285
0 0.7531073446327684 0.716297786720322 0.0327683615819209 0.18309859154929578
0 0.060451977401129946 0.6785714285714286 0.04519774011299435 0.11770623742454728
0 0.07810734463276836 0.7882293762575453 0.05508474576271186 0.1710261569416499
0 0.0940677966101695 0.9129778672032193 0.0480225988700565 0.17404426559356137
0 0.41073446327683616 0.8561368209255533 0.05084745762711865 0.22635814889336017
0 0.30112994350282485 0.8938631790744467 0.04971751412429379 0.21227364185110664
0 0.4980225988700565 0.9240442655935613 0.059322033898305086 0.15191146881287726
0 0.01327683615819209 0.6509054325955734 0.02655367231638418 0.06237424547283702
0 0.9638418079096045 0.7062374245472837 0.05536723163841808 0.17303822937625754
0 0.8870056497175142 0.6896378269617707 0.062146892655367235 0.1398390342052314
0 0.7957627118644067 0.7198189134808853 0.05254237288135593 0.20020120724346077