0 0.05621468926553672 0.4413983903420523 0.05367231638418079 0.2238430583501006
0 0.08446327683615819 0.3244466800804829 0.05084745762711865 0.23641851106639838
0 0.3974576271186441 0.11167002012072434 0.04463276836158192 0.22334004024144868
0 0.39576271186440676 0.018611670020120725 0.04689265536723164 0.03722334004024145
0 0.28714689265536725 0.3822937625754527 0.05790960451977401 0.23641851106639838
0 0.22641242937853107 0.21881287726358148 0.05508474576271186 0.2414486921529175
0 0.11327683615819209 0.04275653923541248 0.04689265536723164 0.08551307847082495
0 0.2963276836158192 0.1068913480885312 0.04519774011299435 0.1836016096579477
0 0.34011299435028247 0.096579476861167 0.03954802259887006 0.193158953722334
0 0.4053672316384181 0.5417505030181087 0.0288135593220339 0.2686116700201207
0 0.37754237288135595 0.41121730382293764 0.06073446327683616 0.23893360160965796
0 0.8155367231638418 0.6564386317907445 0.060451977401129946 0.12575452716297786
0 0.4641242937853107 0.018611670020120725 0.05254237288135593 0.03722334004024145
0 0.768361581920904 0.12826961770623743 0.05367231638418079 0.1358148893360161
0 0.4781073446327684 0.12575452716297786 0.052259887005649715 0.18611670020120724
0 0.942090395480226 0.32947686116700203 0.06779661016949153 0.21629778672032193
0 0.5522598870056498 0.2577967806841046 0.062146892655367235 0.23390342052313884
0 0.75 0.2829476861167002 0.0423728813559322 0.20875251509054327
0 0.7168079096045198 0.21252515090543259 0.046610169491525424 0.24396378269617705
0 0.7139830508474576 0.07922535211267606 0.046610169491525424 0.13832997987927564
0 0.614406779661017 0.1836016096579477 0.0423728813559322 0.176056338028169
0 0.6546610169491526 0.1710261569416499 0.04096045197740113 0.19617706237424548
0 0.5714689265536723 0.02766599597585513 0.04124293785310734 0.05533199195171026
0 0.6101694915254238 0.022635814889336015 0.03389830508474576 0.04527162977867203
0 0.6415254237288136 0.030181086519114688 0.03672316384180791 0.060362173038229376
0 0.9286723163841808 0.1836016096579477 0.03531073446327684 0.19114688128772636
0 0.9484463276836158 0.12449698189134809 0.04096045197740113 0.16851106639839034
0 0.9759887005649718 0.09934607645875251 0.03389830508474576 0.1936619718309859
0 0.9915254237288136 0.07545271629778671 0.01694915254237288 0.15090543259557343
0 0.9285310734463277 0.04124748490945674 0.03785310734463277 0.08249496981891348
0 0.8918079096045197 0.053822937625754526 0.03559322033898305 0.10764587525150905
0 0.6024011299435028 0.5269114688128773 0.0635593220338983 0.23893360160965796
0 0.690677966101695 0.6312877263581489 0.059322033898305086 0.176056338028169
0 0.6786723163841808 0.5621227364185111 0.05508474576271186 0.20372233400402415
0 0.25677966101694916 0.8958752515090543 0.11214689265536723 0.15593561368209255