0 0.08894736842105264 0.5032771535580525 0.04736842105263158 0.15262172284644196
0 0.14644736842105263 0.10159176029962547 0.04868421052631579 0.13108614232209737
0 0.14526315789473684 0.04588014981273408 0.05157894736842105 0.09176029962546817
0 0.43 0.25140449438202245 0.05 0.12640449438202248
0 0.3819736842105263 0.32982209737827717 0.04342105263157895 0.22705992509363296
0 0.37934210526315787 0.20575842696629212 0.04342105263157895 0.12874531835205993
0 0.4332894736842105 0.39653558052434457 0.046052631578947366 0.19194756554307116
0 0.28657894736842104 0.3345037453183521 0.042105263157894736 0.17088014981273408
0 0.3273684210526316 0.32162921348314605 0.03684210526315789 0.18726591760299627
0 0.2768421052631579 0.040262172284644196 0.035789473684210524 0.08052434456928839
0 0.2793421052631579 0.12382958801498127 0.04078947368421053 0.16619850187265917
0 0.3082894736842105 0.13553370786516855 0.038157894736842106 0.17088014981273408
0 0.007894736842105263 0.062265917602996254 0.015789473684210527 0.12453183520599251
0 0.4036842105263158 0.09222846441947566 0.039473684210526314 0.16385767790262173
0 0.35828947368421055 0.10627340823970037 0.04078947368421053 0.16853932584269662
0 0.20026315789473684 0.49625468164794007 0.05105263157894737 0.16666666666666666
0 0.04447368421052632 0.1870318352059925 0.04473684210526316 0.175561797752809
0 0.2293421052631579 0.19873595505617977 0.035526315789473684 0.16619850187265917
0 0.22144736842105264 0.09808052434456929 0.035526315789473684 0.13810861423220974
0 0.2615789473684211 0.48782771535580527 0.04736842105263158 0.18352059925093633
0 0.3634210526315789 0.5088951310861424 0.045789473684210526 0.14138576779026218
0 0.7197368421052631 0.300561797752809 0.07421052631578948 0.17181647940074907
0 0.14289473684210527 0.724250936329588 0.2836842105263158 0.24719101123595505
0 0.7655263157894737 0.849250936329588 0.030526315789473683 0.1198501872659176