0 0.36155913978494625 0.5329827915869981 0.057526881720430106 0.13288718929254303
0 0.3163978494623656 0.04445506692160612 0.051075268817204304 0.08891013384321224
0 0.2674731182795699 0.10994263862332695 0.044623655913978495 0.2198852772466539
0 0.2647849462365591 0.021510516252390057 0.044623655913978495 0.043021032504780114
0 0.3200268817204301 0.1725621414913958 0.04704301075268817 0.1959847036328872
0 0.31129032258064515 0.4808795411089866 0.04032258064516129 0.2198852772466539
0 0.260752688172043 0.502868068833652 0.05806451612903226 0.1931166347992352
0 0.24206989247311828 0.4318833652007648 0.05241935483870968 0.23661567877629064
0 0.1614247311827957 0.37093690248565964 0.05510752688172043 0.22466539196940727
0 0.10362903225806451 0.2155831739961759 0.05241935483870968 0.2294455066921606
0 0.00913978494623656 0.04445506692160612 0.01827956989247312 0.08891013384321224
0 0.4456989247311828 0.11759082217973231 0.008602150537634409 0.18164435946462715
0 0.17016129032258065 0.10922562141491396 0.043010752688172046 0.17447418738049714
0 0.2118279569892473 0.09608030592734225 0.03763440860215054 0.19120458891013384
0 0.4975806451612903 0.5262906309751434 0.051075268817204304 0.1462715105162524
0 0.5244623655913978 0.4488527724665392 0.04838709677419355 0.22466539196940727
0 0.5827956989247312 0.03537284894837476 0.04946236559139785 0.07074569789674952
0 0.8725806451612903 0.15726577437858508 0.051075268817204304 0.12906309751434034
0 0.8508064516129032 0.5277246653919694 0.051075268817204304 0.14340344168260039
0 0.5963709677419354 0.15487571701720843 0.04973118279569892 0.17686424474187382
0 0.7137096774193549 0.530114722753346 0.06182795698924731 0.13862332695984703
0 0.7803763440860215 0.5621414913957935 0.0553763440860215 0.0745697896749522
0 0.6669354838709678 0.28035372848948376 0.05913978494623656 0.2222753346080306
0 0.8551075268817204 0.3042543021032505 0.04032258064516129 0.19837476099426385
0 0.823521505376344 0.23733269598470363 0.04435483870967742 0.23183556405353728
0 0.8208333333333333 0.11065965583173996 0.04435483870967742 0.13145315487571702
0 0.7260752688172043 0.2098470363288719 0.04032258064516129 0.16730401529636713
0 0.7643817204301075 0.19789674952198852 0.038978494623655914 0.1864244741873805
0 0.6849462365591398 0.04397705544933078 0.03870967741935484 0.08795411089866156
0 0.7220430107526882 0.03919694072657744 0.03225806451612903 0.07839388145315487
0 0.7513440860215054 0.046367112810707455 0.03494623655913978 0.09273422562141491
0 0.9865591397849462 0.06883365200764818 0.026881720430107527 0.13766730401529637
0 0.4543010752688172 0.13766730401529637 0.008602150537634409 0.1338432122370937
0 0.4650537634408602 0.05927342256214149 0.030107526881720432 0.11854684512428298
0 0.7438172043010752 0.7997131931166348 0.3943548387096774 0.4005736137667304