0 0.5923728813559322 0.43913480885311873 0.03446327683615819 0.1398390342052314
0 0.5392655367231638 0.04476861167002012 0.05254237288135593 0.08953722334004025
0 0.23502824858757063 0.1805835010060362 0.05367231638418079 0.1358148893360161
0 0.2865819209039548 0.26483903420523136 0.046610169491525424 0.24396378269617705
0 0.28940677966101697 0.13153923541247484 0.046610169491525424 0.13832997987927564
0 0.07457627118644068 0.06740442655935613 0.0384180790960452 0.13480885311871227
0 0.28926553672316385 0.02716297786720322 0.04067796610169491 0.05432595573440644
0 0.23149717514124293 0.3365191146881288 0.04943502824858757 0.2062374245472837
0 0.021045197740112993 0.11519114688128773 0.03531073446327684 0.176056338028169
0 0.05353107344632768 0.20321931589537223 0.038135593220338986 0.18108651911468812
0 0.08248587570621468 0.27867203219315895 0.0423728813559322 0.19114688128772636
0 0.3889830508474576 0.2698692152917505 0.04519774011299435 0.1836016096579477
0 0.34519774011299437 0.2560362173038229 0.03954802259887006 0.2012072434607646
0 0.43333333333333335 0.07243460764587525 0.04632768361581921 0.1448692152917505
0 0.39661016949152544 0.06639839034205232 0.04406779661016949 0.13279678068410464
0 0.3655367231638418 0.07394366197183098 0.04067796610169491 0.14788732394366197
0 0.10423728813559321 0.0699195171026157 0.03785310734463277 0.1398390342052314
0 0.045480225988700565 0.011066398390342052 0.031073446327683617 0.022132796780684104
0 0.3076271186440678 0.4818913480885312 0.060451977401129946 0.05432595573440644
0 0.3974576271186441 0.4552313883299799 0.059322033898305086 0.10764587525150905
0 0.4672316384180791 0.4124748490945674 0.0519774011299435 0.193158953722334
0 0.005932203389830509 0.23340040241448692 0.011864406779661017 0.2012072434607646
0 0.09011299435028249 0.4290744466800805 0.05480225988700565 0.15995975855130784
0 0.44463276836158194 0.028672032193158954 0.0384180790960452 0.05734406438631791
0 0.6031073446327684 0.13380281690140844 0.012994350282485875 0.18309859154929578
0 0.26299435028248586 0.04879275653923541 0.0423728813559322 0.09758551307847083
0 0.3389830508474576 0.7676056338028169 0.4774011299435028 0.4642857142857143