0 0.2313888888888889 0.20825098814229248 0.05277777777777778 0.2198616600790514
0 0.2588888888888889 0.10474308300395258 0.05 0.20948616600790515
0 0.5455555555555556 0.25296442687747034 0.028888888888888888 0.1324110671936759
0 0.5372222222222223 0.20503952569169961 0.04555555555555556 0.22826086956521738
0 0.4584722222222222 0.15019762845849802 0.05694444444444444 0.23221343873517786
0 0.39861111111111114 0.053853754940711464 0.05388888888888889 0.10770750988142293
0 0.01361111111111111 0.09090909090909091 0.02722222222222222 0.18181818181818182
0 0.6533333333333333 0.10523715415019763 0.05277777777777778 0.13339920948616601
0 0.6026388888888888 0.18799407114624506 0.04583333333333333 0.23962450592885376
0 0.5997222222222223 0.06225296442687747 0.04611111111111111 0.12450592885375494
0 0.8108333333333333 0.030138339920948616 0.03722222222222222 0.06027667984189723
0 0.9540277777777778 0.20281620553359683 0.043055555555555555 0.19021739130434784
0 0.6566666666666666 0.2381422924901186 0.04888888888888889 0.16205533596837945
0 0.8636111111111111 0.06373517786561265 0.035 0.1274703557312253
0 0.8783333333333333 0.125 0.04722222222222222 0.18774703557312253
0 0.8318055555555556 0.1274703557312253 0.0375 0.17786561264822134
0 0.8033333333333333 0.2015810276679842 0.041666666666666664 0.18774703557312253
0 0.8094444444444444 0.283596837944664 0.04888888888888889 0.07114624505928854
0 0.7816666666666666 0.03260869565217391 0.03777777777777778 0.06521739130434782
0 0.2625 0.6595849802371542 0.35694444444444445 0.6808300395256917