0 0.18401592718998863 0.7049595141700404 0.0608646188850967 0.06983805668016195
0 0.13651877133105803 0.20192307692307693 0.0540386803185438 0.13663967611336034
0 0.084613196814562 0.2866902834008097 0.04692832764505119 0.24544534412955465
0 0.08176905574516496 0.15258097165991902 0.04692832764505119 0.13917004048582995
0 0.29792377701934014 0.08299595141700405 0.03839590443686007 0.14676113360323886
0 0.14007394766780432 0.35880566801619435 0.04977246871444824 0.2074898785425101
0 0.13054607508532423 0.6543522267206477 0.042662116040955635 0.17105263157894737
0 0.35196245733788395 0.1361336032388664 0.035551763367463025 0.1771255060728745
0 0.319254835039818 0.22469635627530365 0.03839590443686007 0.18218623481781376
0 0.2901023890784983 0.3006072874493927 0.042662116040955635 0.19230769230769232
0 0.025597269624573378 0.277834008097166 0.03981797497155859 0.20242914979757085
0 0.012798634812286689 0.08451417004048584 0.025597269624573378 0.16902834008097167
0 0.26820250284414104 0.08046558704453441 0.03811149032992037 0.16093117408906882
0 0.32736063708759955 0.02125506072874494 0.03128555176336746 0.04251012145748988
0 0.2822810011376564 0.49038461538461536 0.05546075085324232 0.23785425101214575
0 0.2616609783845279 0.01720647773279352 0.034129692832764506 0.03441295546558704
0 0.1083617747440273 0.05921052631578947 0.042662116040955635 0.11842105263157894
0 0.05915813424345848 0.06781376518218624 0.04436860068259386 0.13562753036437247
0 0.06186006825938566 0.5561740890688259 0.0611490329920364 0.23279352226720648
0 0.3996018202502844 0.3026315789473684 0.019908987485779295 0.20242914979757085
0 0.3916382252559727 0.2241902834008097 0.03583617747440273 0.1771255060728745
0 0.24687144482366324 0.9048582995951417 0.05546075085324232 0.1902834008097166
0 0.18031854379977247 0.8512145748987854 0.09556313993174062 0.16295546558704455
0 0.8876564277588168 0.8370445344129555 0.18742889647326508 0.14068825910931174
0 0.7133105802047781 0.8410931174089069 0.2167235494880546 0.20242914979757085
0 0.5728100113765643 0.8481781376518218 0.3265073947667804 0.2165991902834008