0 0.23305555555555554 0.45701581027667987 0.059444444444444446 0.20454545454545456
0 0.13583333333333333 0.04990118577075099 0.04611111111111111 0.09980237154150198
0 0.19 0.07608695652173914 0.04888888888888889 0.15217391304347827
0 0.1811111111111111 0.3695652173913043 0.041666666666666664 0.22727272727272727
0 0.02722222222222222 0.2554347826086957 0.05444444444444444 0.23221343873517786
0 0.3363888888888889 0.04397233201581028 0.041666666666666664 0.08794466403162056
0 0.34291666666666665 0.1558794466403162 0.04861111111111111 0.22974308300395258
0 0.035 0.037549407114624504 0.044444444444444446 0.07509881422924901
0 0.07833333333333334 0.03507905138339921 0.03888888888888889 0.07015810276679842
0 0.1498611111111111 0.412796442687747 0.043055555555555555 0.2643280632411067
0 0.11513888888888889 0.2843379446640316 0.059722222222222225 0.23468379446640317
0 0.7266666666666667 0.33053359683794464 0.15388888888888888 0.4575098814229249
0 0.5925 0.3606719367588933 0.14833333333333334 0.39723320158102765
0 0.8530555555555556 0.30978260869565216 0.15388888888888888 0.4990118577075099
0 0.5369444444444444 0.3132411067193676 0.12444444444444444 0.49209486166007904
0 0.9127777777777778 0.2984189723320158 0.1297222222222222 0.5212450592885376
0 0.71 0.14673913043478262 0.15388888888888888 0.2450592885375494
0 0.10555555555555556 0.7811264822134387 0.2111111111111111 0.35079051383399207
0 0.30416666666666664 0.79100790513834 0.18388888888888888 0.29446640316205536
0 0.01 0.75 0.02 0.11067193675889328
0 0.09194444444444444 0.716897233201581 0.04583333333333333 0.052865612648221344
0 0.41388888888888886 0.7218379446640316 0.03222222222222222 0.08053359683794467