0 0.25703399765533413 0.06732776617954071 0.05568581477139507 0.13465553235908143
0 0.5583235638921453 0.07881002087682672 0.05451348182883939 0.15762004175365343
0 0.07708089097303635 0.272964509394572 0.07033997655334115 0.2244258872651357
0 0.481535756154748 0.19859081419624217 0.06447831184056271 0.24269311064718163
0 0.27637749120750293 0.22468684759916493 0.043962485345838215 0.21659707724425886
0 0.3108147713950762 0.15161795407098122 0.04835873388042204 0.2531315240083507
0 0.31359906213364597 0.042275574112734866 0.04806565064478312 0.08455114822546973
0 0.41705744431418523 0.12160751565762004 0.043962485345838215 0.1826722338204593
0 0.3752930832356389 0.10855949895615867 0.04249706916764361 0.2035490605427975
0 0.09100234466588511 0.12160751565762004 0.036635404454865184 0.19832985386221294
0 0.07033997655334115 0.07359081419624217 0.04220398593200469 0.14718162839248433
0 0.041617819460726846 0.06732776617954071 0.035169988276670575 0.13465553235908143
0 0.01846424384525205 0.04384133611691023 0.03223915592028136 0.08768267223382047
0 0.12895662368112543 0.02139874739039666 0.03634232121922626 0.04279749478079332
0 0.42936694021101995 0.3815240083507307 0.06623681125439625 0.055323590814196244
0 0.6037514654161782 0.3387265135699374 0.02813599062133646 0.1409185803757829
0 0.9941383352872216 0.11325678496868476 0.011723329425556858 0.2265135699373695
0 0.6544548651817116 0.027139874739039668 0.043962485345838215 0.054279749478079335
0 0.7335873388042204 0.26565762004175364 0.0615474794841735 0.2348643006263048
0 0.7253810082063306 0.32045929018789143 0.0627198124267292 0.17745302713987474
0 0.807590855803048 0.19911273486430062 0.06594372801875732 0.24791231732776617