0 0.3093582887700535 0.5399239543726235 0.05080213903743316 0.1596958174904943
0 0.28262032085561495 0.45579847908745247 0.0481283422459893 0.22338403041825095
0 0.22433155080213904 0.039923954372623575 0.04973262032085562 0.07984790874524715
0 0.21109625668449197 0.1634980988593156 0.04946524064171123 0.1758555133079848
0 0.1409090909090909 0.28826045627376423 0.058823529411764705 0.22100760456273763
0 0.004812834224598931 0.11929657794676807 0.009625668449197862 0.13022813688212928
0 0.08208556149732621 0.21815589353612166 0.040106951871657755 0.16634980988593157
0 0.043983957219251336 0.20627376425855512 0.03877005347593583 0.18536121673003803
0 0.12272727272727273 0.04847908745247148 0.039037433155080216 0.09695817490494296
0 0.08609625668449197 0.043726235741444866 0.03208556149732621 0.08745247148288973
0 0.05641711229946524 0.05085551330798479 0.034759358288770054 0.10171102661596958
0 0.33663101604278073 0.011406844106463879 0.041176470588235294 0.022813688212927757
0 0.47914438502673795 0.08269961977186312 0.034759358288770054 0.11406844106463879
0 0.493048128342246 0.060361216730038025 0.033155080213903745 0.12072243346007605
0 0.4093582887700535 0.01758555133079848 0.034759358288770054 0.03517110266159696
0 0.09331550802139038 0.5247148288973384 0.06042780748663101 0.19011406844106463
0 0.4410427807486631 0.1219106463878327 0.03609625668449198 0.15446768060836502
0 0.48823529411764705 0.18583650190114068 0.0427807486631016 0.18346007604562736
0 0.5002673796791444 0.4306083650190114 0.01871657754010695 0.2262357414448669
0 0.3755347593582888 0.17062737642585551 0.04411764705882353 0.1520912547528517
0 0.023529411764705882 0.5494296577946768 0.047058823529411764 0.14068441064638784
0 0.36925133689839573 0.04467680608365019 0.034759358288770054 0.08935361216730038
0 0.8122994652406417 0.2305133079847909 0.04037433155080214 0.10503802281368821
0 0.5425133689839572 0.3288973384030418 0.019251336898395723 0.09553231939163498
0 0.5590909090909091 0.3231939163498099 0.01818181818181818 0.07652091254752852
0 0.6590909090909091 0.27043726235741444 0.02219251336898396 0.05180608365019011
0 0.2556149732620321 0.8141634980988594 0.5080213903743316 0.37167300380228135
0 0.6213903743315508 0.8098859315589354 0.2235294117647059 0.38022813688212925
0 0.7804812834224599 0.8098859315589354 0.15989304812834224 0.38022813688212925
0 0.9171122994652406 0.8098859315589354 0.1657754010695187 0.38022813688212925