0 0.9804945054945055 0.9267578125 0.03901098901098901 0.146484375
0 0.9262362637362638 0.51416015625 0.050824175824175824 0.13671875
0 0.9274725274725275 0.4619140625 0.05384615384615385 0.083984375
0 0.6302197802197802 0.67041015625 0.0521978021978022 0.1318359375
0 0.8836538461538461 0.71923828125 0.05357142857142857 0.1953125
0 0.8204670329670329 0.683837890625 0.05357142857142857 0.21240234375
0 0.7675824175824176 0.65576171875 0.04120879120879121 0.185546875
0 0.7373626373626374 0.6484375 0.04945054945054945 0.1806640625
0 0.7002747252747252 0.62890625 0.04945054945054945 0.1806640625
0 0.6961538461538461 0.80224609375 0.0521978021978022 0.2099609375
0 0.6789835164835165 0.739990234375 0.04532967032967033 0.17333984375
0 0.8101648351648352 0.47900390625 0.03571428571428571 0.1181640625
0 0.7818681318681319 0.4755859375 0.04285714285714286 0.111328125
0 0.7456043956043956 0.48291015625 0.04945054945054945 0.1259765625
0 0.47568681318681316 0.7998046875 0.05357142857142857 0.2001953125
0 0.46332417582417584 0.652099609375 0.042582417582417584 0.17333984375
0 0.5031593406593406 0.6044921875 0.034340659340659344 0.1806640625
0 0.42527472527472526 0.59716796875 0.01098901098901099 0.1806640625
0 0.4714285714285714 0.46435546875 0.03736263736263736 0.0888671875
0 0.5038461538461538 0.470703125 0.03296703296703297 0.1015625
0 0.44065934065934065 0.478759765625 0.04120879120879121 0.10498046875