0 0.3867057761732852 0.26058752997601925 0.05222021660649831 0.2521103117505995
0 0.5379061371841155 0.2979616306954436 0.1967509025270758 0.5431654676258992
0 0.3104693140794224 0.7050359712230215 0.11597472924187725 0.2577937649880096
0 0.858754512635379 0.8645083932853717 0.04151624548736462 0.11930455635491606
0 0.7639891696750902 0.9100719424460432 0.04918772563176895 0.09172661870503597
0 0.7423285198555957 0.8489208633093526 0.037454873646209384 0.11031175059952038
0 0.723826714801444 0.8531175059952039 0.03384476534296029 0.11031175059952038
0 0.6872743682310469 0.8531175059952039 0.03384476534296029 0.09172661870503597
0 0.6543321299638989 0.8471223021582733 0.0351985559566787 0.09592326139088729
0 0.6155234657039711 0.8447242206235012 0.0351985559566787 0.09832134292565947
0 0.5712996389891697 0.8381294964028777 0.037454873646209384 0.10071942446043165
0 0.5370036101083032 0.829736211031175 0.026173285198555957 0.09292565947242207