0 0.12070151306740028 0.26880733944954127 0.01730857404860156 0.09801223241590214
0 0.13342503438789546 0.2470948012232416 0.009857863365428703 0.05122324159021407
0 0.1433975240715268 0.2503058103975535 0.007221458046767538 0.044954128440366975
0 0.16655204034846402 0.23700305810397554 0.005502063273727648 0.02996941896024465
0 0.6673544245758827 0.22079510703363914 0.028312700596056856 0.11330275229357799
0 0.7342961944062357 0.04418960244648318 0.007909215955983494 0.03211009174311927
0 0.5356487849610271 0.1235474006116208 0.015933058230169647 0.048470948012232416
0 0.24243466299862448 0.7844036697247706 0.1310178817056396 0.38134556574923545
0 0.6916552040348464 0.9516819571865444 0.02200825309491059 0.09663608562691131
0 0.8860614397065566 0.9422018348623853 0.02109124254928932 0.11559633027522936
0 0.9068088033012379 0.9434250764525994 0.02728106373223292 0.11314984709480122
0 0.7323475469967905 0.8012232415902141 0.018569463548830812 0.08470948012232415
0 0.5850527281063732 0.7370030581039755 0.02911508482347547 0.024770642201834864
0 0.530949105914718 0.7477064220183486 0.038743695552498854 0.06697247706422019