0 0.331002331002331 0.3070539419087137 0.04836829836829837 0.09284232365145229
0 0.3886946386946387 0.3215767634854772 0.04079254079254079 0.08246887966804979
0 0.18065268065268064 0.29823651452282157 0.06993006993006994 0.36151452282157676
0 0.25757575757575757 0.25 0.11771561771561771 0.4149377593360996
0 0.6538461538461539 0.21473029045643152 0.2733100233100233 0.19553941908713693
0 0.2698135198135198 0.7785269709543569 0.1864801864801865 0.10425311203319503
0 0.12995337995337997 0.8065352697095436 0.13344988344988346 0.1441908713692946
0 0.04195804195804196 0.8438796680497925 0.08391608391608392 0.14782157676348548
0 0.9504662004662005 0.7028008298755186 0.09906759906759907 0.3869294605809129
0 0.803030303030303 0.671161825726141 0.17249417249417248 0.3236514522821577
0 0.5553613053613053 0.703838174273859 0.17365967365967366 0.38900414937759337
0 0.655011655011655 0.7645228215767634 0.28438228438228436 0.470954356846473
0 0.6777389277389277 0.5570539419087137 0.16666666666666666 0.0954356846473029