0 0.3728668941979522 0.22112462006079028 0.015358361774744027 0.05927051671732523
0 0.35494880546075086 0.21580547112462006 0.013651877133105802 0.06382978723404255
0 0.8890784982935154 0.46504559270516715 0.11476109215017065 0.4886018237082067
0 0.818259385665529 0.4627659574468085 0.06356655290102389 0.493161094224924
0 0.7811433447098977 0.47720364741641336 0.03839590443686007 0.43237082066869303
0 0.757679180887372 0.44984802431610943 0.02687713310580205 0.3594224924012158
0 0.7406143344709898 0.4065349544072948 0.01749146757679181 0.22112462006079028
0 0.7286689419795221 0.3768996960486322 0.014078498293515358 0.16185410334346503
0 0.5187713310580204 0.8525835866261399 0.20136518771331058 0.17249240121580547
0 0.3302047781569966 0.89209726443769 0.2883959044368601 0.21580547112462006
0 0.0947098976109215 0.8738601823708206 0.189419795221843 0.25227963525835867
0 0.1766211604095563 0.7796352583586627 0.10409556313993173 0.07750759878419453
0 0.2888225255972696 0.7712765957446809 0.07423208191126279 0.0364741641337386
0 0.9180887372013652 0.8206686930091185 0.042662116040955635 0.22188449848024316