0 0.22409326424870465 0.33384615384615385 0.0768566493955095 0.21307692307692308
0 0.3324697754749568 0.32769230769230767 0.09585492227979274 0.2423076923076923
0 0.43350604490500866 0.33 0.09110535405872193 0.2469230769230769
0 0.01079447322970639 0.2784615384615385 0.02158894645941278 0.16
0 0.05699481865284974 0.2753846153846154 0.0651986183074266 0.15846153846153846
0 0.16062176165803108 0.31076923076923074 0.07037996545768567 0.20461538461538462
0 0.11442141623488773 0.30153846153846153 0.057426597582038 0.2023076923076923
0 0.15500863557858377 0.16307692307692306 0.06390328151986183 0.09461538461538462
0 0.10103626943005181 0.17384615384615384 0.048791018998272886 0.07384615384615385
0 0.06476683937823834 0.2023076923076923 0.03454231433506045 0.10538461538461538
0 0.015544041450777202 0.21153846153846154 0.03065630397236615 0.0823076923076923
0 0.5207253886010362 0.3169230769230769 0.08333333333333333 0.2676923076923077
0 0.31001727115716754 0.18846153846153846 0.07167530224525043 0.08615384615384615
0 0.5284974093264249 0.85 0.16234887737478412 0.3
0 0.36701208981001726 0.8215384615384616 0.3842832469775475 0.35615384615384615
0 0.9887737478411054 0.8246153846153846 0.022020725388601035 0.10076923076923076