0 0.22097844112769485 0.4690265486725664 0.07628524046434494 0.28244837758112096
0 0.32794361525704807 0.46017699115044247 0.09535655058043117 0.3215339233038348
0 0.42827529021558874 0.4631268436578171 0.08996683250414594 0.3274336283185841
0 0.009950248756218905 0.3938053097345133 0.01990049751243781 0.21238938053097345
0 0.05514096185737977 0.39011799410029496 0.06467661691542288 0.21017699115044247
0 0.15796019900497513 0.43805309734513276 0.06965174129353234 0.2713864306784661
0 0.11235489220563848 0.42551622418879054 0.05721393034825871 0.26843657817109146
0 0.1521558872305141 0.24188790560471976 0.06343283582089553 0.1261061946902655
0 0.09908789386401327 0.2558997050147493 0.04809286898839138 0.09808259587020648
0 0.06260364842454395 0.2935103244837758 0.034411276948590384 0.140117994100295
0 0.01451077943615257 0.306047197640118 0.02902155887230514 0.10914454277286136
0 0.5145107794361525 0.44616519174041297 0.08250414593698176 0.3554572271386431
0 0.30597014925373134 0.275811209439528 0.0708955223880597 0.11504424778761062
0 0.1791044776119403 0.9033923303834809 0.09991708126036485 0.18952802359882007
0 0.42412935323383083 0.8864306784660767 0.09660033167495855 0.16224188790560473