0 0.10233393177737882 0.1597444089456869 0.09156193895870736 0.3194888178913738
0 0.00807899461400359 0.07188498402555911 0.01615798922800718 0.14376996805111822
0 0.03859964093357271 0.0439297124600639 0.05745062836624776 0.0878594249201278
0 0.19120287253141832 0.10303514376996806 0.06104129263913824 0.20607028753993611
0 0.36759425493716336 0.19249201277955272 0.02423698384201077 0.2539936102236422
0 0.24371633752244165 0.21964856230031948 0.07271095152603231 0.19968051118210864
0 0.33303411131059246 0.18849840255591055 0.05565529622980251 0.26198083067092653
0 0.16741472172351884 0.1597444089456869 0.05116696588868941 0.3194888178913738
0 0.37073608617594256 0.038338658146964855 0.017953321364452424 0.07667731629392971
0 0.22351885098743268 0.6285942492012779 0.1606822262118492 0.4736421725239617
0 0.6898563734290843 0.6597444089456869 0.6202872531418312 0.6805111821086262