0 0.18664965986394558 0.32215743440233235 0.07865646258503402 0.0728862973760933
0 0.3758503401360544 0.29664723032069973 0.050595238095238096 0.12973760932944606
0 0.23001700680272108 0.17346938775510204 0.058673469387755105 0.10131195335276968
0 0.5667517006802721 0.32798833819241985 0.13010204081632654 0.6559766763848397
0 0.05952380952380952 0.8498542274052479 0.11904761904761904 0.30029154518950435
0 0.2066326530612245 0.8498542274052479 0.13435374149659865 0.30029154518950435
0 0.46343537414965985 0.8498542274052479 0.07312925170068027 0.30029154518950435
0 0.31037414965986393 0.8498542274052479 0.1054421768707483 0.30029154518950435
0 0.15093537414965985 0.8498542274052479 0.125 0.30029154518950435
0 0.40773809523809523 0.8498542274052479 0.12329931972789115 0.30029154518950435
0 0.8558673469387755 0.8287172011661808 0.06164965986394558 0.0641399416909621
0 0.9638605442176871 0.8330903790087464 0.07227891156462585 0.06851311953352769
0 0.8715986394557823 0.9052478134110787 0.14030612244897958 0.17784256559766765
0 0.6862244897959183 0.8374635568513119 0.07610544217687075 0.08965014577259475
0 0.7465986394557823 0.827259475218659 0.07610544217687075 0.08673469387755102
0 0.6211734693877551 0.8425655976676385 0.09651360544217687 0.10568513119533528
0 0.5812074829931972 0.8943148688046647 0.16241496598639457 0.21137026239067055