0 0.4143356643356643 0.3094405594405594 0.04807692307692308 0.5
0 0.36451048951048953 0.32255244755244755 0.06381118881118882 0.4737762237762238
0 0.3068181818181818 0.3339160839160839 0.06468531468531469 0.45104895104895104
0 0.2403846153846154 0.3243006993006993 0.07342657342657342 0.3916083916083916
0 0.17220279720279721 0.2465034965034965 0.06905594405594405 0.30244755244755245
0 0.13898601398601398 0.2229020979020979 0.04807692307692308 0.20367132867132867
0 0.965034965034965 0.27972027972027974 0.06993006993006994 0.5594405594405595
0 0.8898601398601399 0.27972027972027974 0.13636363636363635 0.5594405594405595
0 0.7526223776223776 0.1486013986013986 0.18356643356643357 0.2972027972027972
0 0.6931818181818182 0.27972027972027974 0.2534965034965035 0.5594405594405595
0 0.07342657342657342 0.7797202797202797 0.14685314685314685 0.4405594405594406