0 0.03354978354978355 0.3432971014492754 0.0670995670995671 0.5896739130434783
0 0.09740259740259741 0.3523550724637681 0.07467532467532467 0.5471014492753623
0 0.1645021645021645 0.3686594202898551 0.07575757575757576 0.529891304347826
0 0.24134199134199133 0.35054347826086957 0.0854978354978355 0.44655797101449274
0 0.32142857142857145 0.2617753623188406 0.08008658008658008 0.3442028985507246
0 0.3593073593073593 0.2346014492753623 0.05627705627705628 0.2318840579710145
0 0.5963203463203464 0.08333333333333333 0.13636363636363635 0.16666666666666666
0 0.13852813852813853 0.8677536231884058 0.23809523809523808 0.19202898550724637
0 0.15692640692640691 0.7853260869565217 0.11471861471861472 0.1286231884057971
0 0.5541125541125541 0.8577898550724637 0.05194805194805195 0.1068840579710145
0 0.8365800865800865 0.8269927536231884 0.170995670995671 0.1721014492753623
0 0.9393939393939394 0.8161231884057971 0.12121212121212122 0.19384057971014493