0 0.8880368098159509 0.15720858895705522 0.22392638036809817 0.31441717791411045
0 0.13241308793456033 0.7193251533742331 0.2387525562372188 0.5605828220858896
0 0.3445807770961145 0.7124233128834356 0.20245398773006135 0.5751533742331288
0 0.6441717791411042 0.647239263803681 0.07566462167689161 0.3558282208588957
0 0.9253578732106339 0.7262269938650306 0.10224948875255624 0.4401840490797546
0 0.8399795501022495 0.6242331288343558 0.09304703476482618 0.26993865030674846
0 0.84560327198364 0.8358895705521472 0.1411042944785276 0.3282208588957055
0 0.75 0.8182515337423313 0.1032719836400818 0.33588957055214724
0 0.558282208588957 0.5720858895705522 0.07770961145194274 0.17177914110429449
0 0.7080777096114519 0.6664110429447853 0.05828220858895705 0.4003067484662577
0 0.48619631901840493 0.5728527607361963 0.0541922290388548 0.2469325153374233
0 0.7448875255623721 0.6602760736196319 0.0787321063394683 0.30214723926380366
0 0.799079754601227 0.6127300613496932 0.06441717791411043 0.26533742331288346