0 0.20416666666666666 0.22898706896551724 0.04666666666666667 0.052801724137931036
0 0.84125 0.1492456896551724 0.31416666666666665 0.2984913793103448
0 0.16166666666666665 0.6524784482758621 0.12125 0.4331896551724138
0 0.23 0.7580818965517241 0.09875 0.4800646551724138
0 0.28958333333333336 0.7807112068965517 0.07125 0.4353448275862069
0 0.37333333333333335 0.6573275862068966 0.06333333333333334 0.29310344827586204
0 0.3566666666666667 0.7133620689655172 0.10916666666666666 0.48760775862068967
0 0.9495833333333333 0.5942887931034483 0.10083333333333333 0.509698275862069
0 0.7841666666666667 0.6912715517241379 0.1 0.44288793103448276
0 0.86875 0.5775862068965517 0.11916666666666667 0.4676724137931034
0 0.6883333333333334 0.6939655172413793 0.1 0.44396551724137934
0 0.60375 0.6982758620689655 0.0825 0.40301724137931033
0 0.6458333333333334 0.46282327586206895 0.06166666666666667 0.21443965517241378
0 0.5720833333333334 0.4520474137931034 0.09583333333333334 0.23814655172413793
0 0.5433333333333333 0.6864224137931034 0.06666666666666667 0.40948275862068967
0 0.7016666666666667 0.4542025862068966 0.06666666666666667 0.20150862068965517
0 0.7716666666666666 0.4552801724137931 0.08166666666666667 0.20797413793103448
0 0.5220833333333333 0.45851293103448276 0.024166666666666666 0.2209051724137931