0 0.45218417945690675 0.6186974789915967 0.11688311688311688 0.04201680672268908
0 0.32792207792207795 0.6171218487394958 0.13134592680047225 0.045168067226890755
0 0.26239669421487605 0.38287815126050423 0.14787485242030696 0.17436974789915966
0 0.2579693034238489 0.8534663865546218 0.3807556080283353 0.23897058823529413
0 0.7621015348288076 0.7998949579831933 0.05608028335301062 0.14180672268907563
0 0.9433293978748524 0.9485294117647058 0.07083825265643448 0.10294117647058823
0 0.7429161747343566 0.9259453781512605 0.04427390791027155 0.148109243697479
0 0.7080873671782763 0.8802521008403361 0.048996458087367176 0.23949579831932774
0 0.7052833530106257 0.748686974789916 0.048701298701298704 0.14443277310924368
0 0.64728453364817 0.8440126050420168 0.03482880755608028 0.20483193277310924
0 0.6390200708382526 0.6843487394957983 0.01829988193624557 0.08928571428571429
0 0.9296044864226682 0.8576680672268907 0.03689492325855962 0.19957983193277312
0 0.9502656434474617 0.7959558823529411 0.04279811097992916 0.17594537815126052
0 0.9790436835891382 0.7696953781512605 0.03541912632821724 0.20220588235294118
0 0.9932113341204251 0.7316176470588235 0.01357733175914994 0.18382352941176472
0 0.967827626918536 0.6633403361344538 0.03128689492325856 0.04726890756302521
0 0.929456906729634 0.6959033613445378 0.03955135773317592 0.11239495798319328
0 0.891086186540732 0.7090336134453782 0.0371900826446281 0.13865546218487396