0 0.14111635220125787 0.2053072625698324 0.05738993710691824 0.164804469273743
0 0.18907232704402516 0.1829608938547486 0.07940251572327044 0.21368715083798884
0 0.23781446540880502 0.14804469273743018 0.036949685534591194 0.17807262569832402
0 0.14111635220125787 0.08519553072625698 0.036163522012578615 0.08310055865921788
0 0.5459905660377359 0.2360335195530726 0.042059748427672954 0.06075418994413408
0 0.5699685534591195 0.308659217877095 0.03380503144654088 0.1361731843575419
0 0.8604559748427673 0.6962290502793296 0.23231132075471697 0.18435754189944134
0 0.5062893081761006 0.797486033519553 0.17295597484276728 0.40502793296089384
0 0.6977201257861635 0.7702513966480447 0.5259433962264151 0.4594972067039106
0 0.9304245283018868 0.8170391061452514 0.13875786163522014 0.3638268156424581
0 0.9846698113207547 0.6885474860335196 0.025550314465408806 0.030726256983240222