0 0.6021739130434782 0.23941368078175895 0.06521739130434782 0.18241042345276873
0 0.8130434782608695 0.19055374592833876 0.3739130434782609 0.36807817589576547
0 0.058695652173913045 0.7850162866449512 0.041304347826086954 0.09527687296416938
0 0.6282608695652174 0.7728013029315961 0.03152173913043478 0.19462540716612378
0 0.6608695652173913 0.7899022801302932 0.030434782608695653 0.20765472312703584
0 0.6989130434782609 0.8086319218241043 0.03695652173913044 0.249185667752443
0 0.7119565217391305 0.741042345276873 0.04021739130434782 0.19462540716612378
0 0.7858695652173913 0.8811074918566775 0.03695652173913044 0.21416938110749187
0 0.8684782608695653 0.8965798045602605 0.04673913043478261 0.20684039087947884
0 0.9597826086956521 0.9030944625407166 0.04565217391304348 0.19381107491856678
0 0.9793478260869565 0.8037459283387622 0.04021739130434782 0.25732899022801303
0 0.8347826086956521 0.8135179153094463 0.0391304347826087 0.20928338762214985
0 0.8032608695652174 0.8053745928338762 0.034782608695652174 0.17263843648208468
0 0.9956521739130435 0.749185667752443 0.007608695652173913 0.10179153094462541