0 0.17889647326507394 0.4832995951417004 0.1746302616609784 0.3532388663967611
0 0.3449943117178612 0.4686234817813765 0.17007963594994313 0.3825910931174089
0 0.8250853242320819 0.3233805668016194 0.04379977246871445 0.152834008097166
0 0.6803185437997725 0.35374493927125505 0.03754266211604096 0.09615384615384616
0 0.9112627986348123 0.3643724696356275 0.06257110352673492 0.1902834008097166
0 0.9869169510807736 0.36639676113360325 0.026166097838452786 0.1882591093117409
0 0.9362912400455062 0.3674089068825911 0.026166097838452786 0.06275303643724696
0 0.7878270762229806 0.43724696356275305 0.11717861205915814 0.44534412955465585
0 0.7178612059158134 0.4660931174089069 0.12741751990898748 0.3876518218623482
0 0.6228668941979523 0.48582995951417 0.10580204778156997 0.3481781376518219
0 0.8663253697383391 0.48582995951417 0.08304891922639362 0.3481781376518219
0 0.9496587030716723 0.48785425101214575 0.10068259385665529 0.3441295546558704
0 0.28498293515358364 0.8522267206477733 0.5699658703071673 0.29554655870445345
0 0.8668941979522184 0.756578947368421 0.0540386803185438 0.13663967611336034
0 0.8149886234357224 0.8413461538461539 0.04692832764505119 0.24544534412955465
0 0.8120022753128555 0.7181174089068826 0.047212741751990896 0.11639676113360324
0 0.8703071672354948 0.9048582995951417 0.05005688282138794 0.1902834008097166
0 0.7118885096700797 0.8464068825910931 0.04550625711035267 0.1847165991902834
0 0.7559726962457338 0.8324898785425101 0.03981797497155859 0.20242914979757085
0 0.7042093287827076 0.6842105263157895 0.04436860068259386 0.048582995951417005
0 0.735494880546075 0.6918016194331984 0.040955631399317405 0.06376518218623482
0 0.7895335608646189 0.6751012145748988 0.04436860068259386 0.030364372469635626
0 0.6186006825938567 0.9655870445344129 0.055176336746302616 0.06882591093117409
0 0.9866325369738339 0.7282388663967612 0.026734926052332197 0.13663967611336034
0 0.6498862343572241 0.7246963562753036 0.03811149032992037 0.12955465587044535
0 0.6848691695108078 0.9564777327935222 0.051194539249146756 0.08704453441295547