0 0.35502958579881655 0.19838921761998685 0.34960552268244577 0.3719592373438527
0 0.28821499013806706 0.8256081525312294 0.05793885601577909 0.3185404339250493
0 0.16752958579881658 0.8321827744904668 0.041913214990138066 0.30752794214332674
0 0.32938856015779094 0.8356344510190664 0.06928007889546352 0.30851413543721234
0 0.08049802761341222 0.8387573964497042 0.06607495069033531 0.3185404339250493
0 0.4207347140039448 0.8387573964497042 0.06360946745562131 0.2943786982248521
0 0.2548076923076923 0.8407297830374754 0.0668145956607495 0.30243261012491784
0 0.13732741617357003 0.8427021696252466 0.0652120315581854 0.2984878369493754
0 0.1968688362919132 0.8487836949375411 0.0652120315581854 0.28846153846153844
0 0.7449457593688363 0.8469756738987508 0.013313609467455622 0.04667981591058514
0 0.7629437869822485 0.8487836949375411 0.02465483234714004 0.0430637738330046