0 0.8192307692307692 0.17138671875 0.056043956043956046 0.0966796875
0 0.8535714285714285 0.15673828125 0.04230769230769231 0.1259765625
0 0.8486263736263736 0.06396484375 0.0521978021978022 0.1279296875
0 0.9031593406593407 0.117431640625 0.03708791208791209 0.10498046875
0 0.771978021978022 0.07275390625 0.04395604395604396 0.1455078125
0 0.8068681318681319 0.07275390625 0.04010989010989011 0.1455078125
0 0.7065934065934066 0.0947265625 0.04835164835164835 0.189453125
0 0.6563186813186813 0.1435546875 0.046703296703296704 0.15234375
0 0.4835164835164835 0.0458984375 0.04395604395604396 0.091796875
0 0.08822527472527482 0.612490234375 0.03360989010989015 0.13773437499999996
0 0.529945054945055 0.62158203125 0.20714285714285716 0.66845703125
0 0.8060439560439561 0.60888671875 0.325 0.7490234375