0 0.04936305732484077 0.2865566037735849 0.06422505307855626 0.1733490566037736
0 0.4145435244161359 0.2983490566037736 0.09660297239915075 0.3231132075471698
0 0.3471337579617834 0.3007075471698113 0.04777070063694268 0.22169811320754718
0 0.31528662420382164 0.2783018867924528 0.02813163481953291 0.12264150943396226
0 0.2669851380042463 0.29952830188679247 0.03768577494692144 0.17452830188679244
0 0.22505307855626328 0.30778301886792453 0.05307855626326964 0.30424528301886794
0 0.14012738853503184 0.23938679245283018 0.12951167728237792 0.4410377358490566
0 0.6873673036093418 0.16273584905660377 0.11146496815286625 0.25
0 0.8412951167728238 0.3384433962264151 0.2961783439490446 0.2429245283018868
0 0.6613588110403397 0.357311320754717 0.267515923566879 0.20518867924528303
0 0.21790870488322717 0.704622641509434 0.07957537154989389 0.2447405660377358
0 0.042993630573248405 0.7759433962264151 0.08598726114649681 0.35377358490566035
0 0.6841825902335457 0.9316037735849056 0.09872611464968153 0.13679245283018868
0 0.9628450106157113 0.9221698113207547 0.07430997876857749 0.15566037735849056
0 0.5180467091295117 0.7806603773584906 0.016985138004246284 0.35377358490566035
0 0.5881104033970276 0.5825471698113207 0.14012738853503184 0.24528301886792453
0 0.5382165605095541 0.9304245283018868 0.05732484076433121 0.1391509433962264
0 0.6778131634819533 0.8183962264150944 0.08386411889596602 0.32075471698113206
0 0.5546709129511678 0.7959905660377359 0.08386411889596602 0.33726415094339623
0 0.6003184713375797 0.9327830188679245 0.08174097664543524 0.13443396226415094
0 0.6204883227176221 0.7924528301886793 0.07749469214437367 0.33490566037735847
0 0.8057324840764332 0.8042452830188679 0.08280254777070063 0.3915094339622642
0 0.9766454352441614 0.6167452830188679 0.04670912951167728 0.3136792452830189
0 0.964968152866242 0.8066037735849056 0.07006369426751592 0.33962264150943394
0 0.7377919320594479 0.7983490566037735 0.07218683651804671 0.4033018867924528
0 0.8800424628450106 0.8231132075471698 0.07643312101910828 0.35377358490566035
0 0.89171974522293 0.9280660377358491 0.07430997876857749 0.14386792452830188
0 0.779723991507431 0.9375 0.11358811040339703 0.125
0 0.6618895966029724 0.6415094339622641 0.054140127388535034 0.1792452830188679
0 0.9246284501061571 0.7889150943396226 0.06369426751592357 0.36556603773584906
0 0.7749469214437368 0.6367924528301887 0.044585987261146494 0.18867924528301888
0 0.8386411889596603 0.6745283018867925 0.04670912951167728 0.18396226415094338