0 0.34005524861878456 0.18909626719056974 0.07403314917127071 0.15275049115913555
0 0.29668508287292816 0.15913555992141454 0.08756906077348066 0.07170923379174853
0 0.2345303867403315 0.24656188605108054 0.15994475138121547 0.13899803536345776
0 0.09502762430939227 0.19793713163064833 0.06353591160220995 0.2224950884086444
0 0.15220994475138122 0.18271119842829076 0.05082872928176796 0.2131630648330059
0 0.1941988950276243 0.2175834970530452 0.07596685082872928 0.1674852652259332
0 0.6553867403314917 0.13163064833005894 0.05939226519337017 0.22593320235756384
0 0.8638121546961326 0.03487229862475442 0.062430939226519336 0.06974459724950884
0 0.7776243093922652 0.11493123772102161 0.058011049723756904 0.22986247544204322
0 0.7892265193370166 0.043713163064833006 0.05359116022099448 0.08742632612966601
0 0.18425414364640885 0.8406188605108055 0.052486187845303865 0.21856581532416502
0 0.15662983425414365 0.7264243614931237 0.049723756906077346 0.23084479371316308
0 0.08273480662983425 0.4243614931237721 0.05110497237569061 0.18172888015717092
0 0.02016574585635359 0.5530451866404715 0.04033149171270718 0.22789783889980353
0 0.35939226519337014 0.3644400785854617 0.03591160220994475 0.07072691552062868
0 0.37541436464088396 0.35461689587426326 0.037016574585635356 0.05108055009823183
0 0.3201657458563536 0.3948919449901768 0.037016574585635356 0.13163064833005894
0 0.3693370165745856 0.44769155206286837 0.04419889502762431 0.18909626719056974
0 0.40276243093922653 0.42534381139489197 0.03425414364640884 0.1787819253438114
0 0.3958563535911602 0.7003929273084479 0.04806629834254143 0.2337917485265226
0 0.41740331491712707 0.599705304518664 0.004972375690607734 0.10510805500982318
0 0.2526243093922652 0.4317288801571709 0.04558011049723757 0.15717092337917485
0 0.5011049723756906 0.887524557956778 0.05966850828729282 0.224950884086444
0 0.9328729281767956 0.7345284872298625 0.052486187845303865 0.21856581532416502
0 0.9052486187845303 0.6203339882121808 0.049723756906077346 0.23084479371316308
0 0.5472375690607735 0.3580550098231827 0.052486187845303865 0.05795677799607073
0 0.5977900552486188 0.42534381139489197 0.045303867403314914 0.1925343811394892
0 0.544060773480663 0.4729862475442043 0.04834254143646409 0.2013752455795678
0 0.5530386740331492 0.7897838899803536 0.04143646408839779 0.22593320235756384
0 0.6977900552486188 0.4130648330058939 0.04419889502762431 0.16797642436149313
0 0.6552486187845303 0.4106090373280943 0.03867403314917127 0.16306483300589392
0 0.6186464088397791 0.7050589390962672 0.05939226519337017 0.23330058939096268
0 0.706353591160221 0.6485756385068763 0.058011049723756904 0.22347740667976423
0 0.7747237569060773 0.5761296660117878 0.05110497237569061 0.2455795677799607
0 0.4262430939226519 0.6006876227897839 0.01270718232044199 0.23084479371316308
0 0.5737569060773481 0.8217092337917485 0.055248618784530384 0.2554027504911591