0 0.4120036101083033 0.29260450160771706 0.047382671480144405 0.18006430868167203
0 0.2364620938628159 0.3512861736334405 0.10649819494584838 0.1752411575562701
0 0.046028880866425995 0.17684887459807075 0.03790613718411552 0.2516077170418006
0 0.04783393501805054 0.22106109324758844 0.07942238267148015 0.11736334405144695
0 0.015342960288808664 0.15192926045016078 0.02572202166064982 0.1302250803858521
0 0.2098375451263538 0.2829581993569132 0.044675090252707585 0.10048231511254019
0 0.2111913357400722 0.14308681672025725 0.012184115523465704 0.06591639871382636
0 0.1759927797833935 0.14067524115755628 0.014891696750902527 0.07395498392282958
0 0.18953068592057762 0.14067524115755628 0.012184115523465704 0.06993569131832797
0 0.2003610108303249 0.13987138263665594 0.012184115523465704 0.07556270096463022
0 0.9196750902527075 0.08520900321543408 0.048736462093862815 0.17041800643086816
0 0.5753610108303249 0.1945337620578778 0.08393501805054152 0.19935691318327975
0 0.9557761732851986 0.06672025723472669 0.039711191335740074 0.13344051446945338
0 0.6850180505415162 0.6157556270096463 0.18546931407942238 0.3536977491961415