0 0.037601626016260166 0.25815217391304346 0.07520325203252033 0.22282608695652173
0 0.28252032520325204 0.10054347826086957 0.056910569105691054 0.20108695652173914
0 0.27947154471544716 0.08423913043478261 0.11991869918699187 0.16847826086956522
0 0.3282520325203252 0.03940217391304348 0.03861788617886179 0.07880434782608696
0 0.03556910569105691 0.17255434782608695 0.06707317073170732 0.14402173913043478
0 0.03353658536585366 0.009510869565217392 0.018292682926829267 0.019021739130434784
0 0.08638211382113821 0.010869565217391304 0.022357723577235773 0.021739130434782608
0 0.049796747967479675 0.010869565217391304 0.018292682926829267 0.021739130434782608
0 0.8800813008130082 0.23505434782608695 0.036585365853658534 0.09103260869565218
0 0.834349593495935 0.22826086956521738 0.028455284552845527 0.09510869565217392
0 0.8038617886178862 0.22282608695652173 0.03556910569105691 0.12635869565217392
0 0.7723577235772358 0.21739130434782608 0.014227642276422764 0.05298913043478261
0 0.665650406504065 0.22418478260869565 0.032520325203252036 0.11005434782608696
0 0.6300813008130082 0.23369565217391305 0.03048780487804878 0.10597826086956522
0 0.7073170731707317 0.23641304347826086 0.019308943089430895 0.08967391304347826
0 0.741869918699187 0.22418478260869565 0.018292682926829267 0.08559782608695653
0 0.7520325203252033 0.2078804347826087 0.009146341463414634 0.04755434782608696
0 0.725609756097561 0.2296195652173913 0.01524390243902439 0.08288043478260869
0 0.6961382113821138 0.1875 0.018292682926829267 0.02309782608695652
0 0.5284552845528455 0.23097826086956522 0.024390243902439025 0.09375
0 0.5701219512195121 0.22146739130434784 0.023373983739837397 0.06929347826086957
0 0.6077235772357723 0.2105978260869565 0.009146341463414634 0.033967391304347824
0 0.5 0.2296195652173913 0.02540650406504065 0.08695652173913043
0 0.241869918699187 0.7894021739130435 0.028455284552845527 0.08423913043478261
0 0.17784552845528456 0.7622282608695652 0.05894308943089431 0.1331521739130435
0 0.2266260162601626 0.7866847826086957 0.026422764227642278 0.057065217391304345
0 0.524390243902439 0.8777173913043478 0.21138211382113822 0.24456521739130435
0 0.5884146341463414 0.8274456521739131 0.3394308943089431 0.3451086956521739
0 0.44715447154471544 0.7567934782608695 0.056910569105691054 0.1983695652173913