0 0.3235827664399093 0.22959492140266022 0.05782312925170068 0.08509673518742443
0 0.6058956916099774 0.3675937122128174 0.02505668934240363 0.04579806529625151
0 0.4749433106575964 0.8547460701330108 0.10986394557823129 0.27524183796856105
0 0.5558956916099773 0.8428053204353083 0.013151927437641724 0.05804111245465538
0 0.6723356009070295 0.8270858524788391 0.012244897959183673 0.049879081015719466
0 0.6922902494331066 0.8329806529625151 0.022675736961451247 0.049879081015719466
0 0.5317460317460317 0.8304111245465539 0.0036281179138321997 0.056831922611850064
0 0.6594104308390023 0.8087968561064087 0.013378684807256236 0.041112454655380895
0 0.6742630385487528 0.80909915356711 0.015192743764172336 0.0402055622732769
0 0.834920634920635 0.8311668681983071 0.015646258503401362 0.05955259975816203
0 0.6969387755102041 0.7688935912938332 0.010430839002267574 0.049576783555018135
0 0.7090702947845805 0.7711608222490931 0.007029478458049887 0.04504232164449819
0 0.7209750566893424 0.7716142684401451 0.013378684807256236 0.04866989117291415