0 0.32 0.235 0.31333333333333335 0.47
0 0.1175 0.37916666666666665 0.235 0.18166666666666667
0 0.06916666666666667 0.8108333333333333 0.028333333333333332 0.075
0 0.5358333333333334 0.7991666666666667 0.09166666666666666 0.3516666666666667
0 0.9666666666666667 0.7808333333333334 0.06666666666666667 0.355
0 0.645 0.7983333333333333 0.08666666666666667 0.3333333333333333
0 0.9216666666666666 0.7775 0.10333333333333333 0.3416666666666667
0 0.795 0.7941666666666667 0.11 0.3516666666666667
0 0.72 0.7841666666666667 0.1 0.36833333333333335
0 0.8558333333333333 0.7925 0.06833333333333333 0.3283333333333333
0 0.5941666666666666 0.7808333333333334 0.07166666666666667 0.355