0 0.3083235638921454 0.32620041753653445 0.01201641266119578 0.0824634655532359
0 0.29718640093786636 0.3345511482254697 0.010550996483001172 0.07254697286012526
0 0.28487690504103164 0.3246346555323591 0.012895662368112544 0.07463465553235908
0 0.1488862837045721 0.6137787056367432 0.10550996483001172 0.10490605427974947
0 0.37280187573270807 0.6049060542797495 0.07033997655334115 0.07359081419624217
0 0.4317116060961313 0.6184759916492694 0.11547479484173505 0.10542797494780794
0 0.02403282532239156 0.7719206680584552 0.04806565064478312 0.2489561586638831
0 0.5140679953106683 0.5250521920668059 0.04689331770222743 0.031315240083507306
0 0.7422332942555686 0.769572025052192 0.0600820633059789 0.21659707724425886
0 0.7788686987104337 0.740866388308977 0.045427901524032824 0.22181628392484343
0 0.7734466588511137 0.5876826722338204 0.05568581477139507 0.15657620041753653
0 0.8316236811254396 0.6547494780793319 0.039566236811254395 0.11221294363256785
0 0.6219226260257913 0.5798538622129437 0.05744431418522861 0.1409185803757829
0 0.6162075029308324 0.75 0.06301289566236812 0.21920668058455114
0 0.9909144196951934 0.7353862212943633 0.01817116060961313 0.21189979123173278
0 0.936400937866354 0.5866388308977035 0.043962485345838215 0.1544885177453027
0 0.981242672919109 0.6163883089770354 0.03751465416178194 0.1931106471816284
0 0.9706916764361079 0.581419624217119 0.03048065650644783 0.1440501043841336
0 0.9909144196951934 0.5668058455114823 0.01817116060961313 0.11482254697286012
0 0.6916764361078547 0.5999478079331941 0.04689331770222743 0.16962421711899792
0 0.7288980070339977 0.5970772442588727 0.04279015240328253 0.17536534446764093