0 0.3930851063829787 0.35302457466918713 0.014361702127659574 0.08790170132325142
0 0.3800531914893617 0.3620037807183365 0.0125 0.07703213610586011
0 0.36542553191489363 0.3516068052930057 0.015425531914893617 0.07939508506616257
0 0.33297872340425533 0.780718336483932 0.23085106382978723 0.31616257088846883
0 0.6660904255319149 0.8728733459357277 0.04920212765957447 0.1937618147448015
0 0.7511968085106383 0.8527882797731569 0.05452127659574468 0.19612476370510398
0 0.7844414893617021 0.8267958412098299 0.041223404255319146 0.2008506616257089
0 0.7795212765957447 0.6791115311909263 0.05053191489361702 0.15973534971644612
0 0.7582446808510638 0.6639886578449905 0.034574468085106384 0.12948960302457466
0 0.7257978723404256 0.6687145557655955 0.038829787234042554 0.1389413988657845
0 0.6579787234042553 0.6602079395085066 0.036170212765957444 0.1219281663516068
0 0.832313829787234 0.7488185255198487 0.03590425531914894 0.10160680529300567
0 0.9140957446808511 0.7121928166351607 0.0425531914893617 0.16068052930056712
0 0.9772606382978724 0.7653591682419659 0.03856382978723404 0.1724952741020794
0 0.966622340425532 0.7169187145557656 0.03856382978723404 0.17013232514177692
0 0.9311170212765958 0.6460302457466919 0.0398936170212766 0.09357277882797732
0 0.9718085106382979 0.6403591682419659 0.036170212765957444 0.08223062381852551
0 0.9928191489361702 0.6483931947069943 0.014361702127659574 0.09829867674858223
0 0.9805851063829787 0.6176748582230623 0.034574468085106384 0.036862003780718335