0 0.2990115321252059 0.4904692082111437 0.02018121911037891 0.16715542521994134
0 0.2883031301482702 0.47287390029325516 0.013591433278418451 0.11950146627565983
0 0.6696869851729819 0.40982404692082114 0.17957166392092258 0.8196480938416423
0 0.8649093904448105 0.40982404692082114 0.2598846787479407 0.8196480938416423
0 0.01771004942339374 0.9230205278592375 0.03542009884678748 0.060117302052785926
0 0.008649093904448105 0.9134897360703812 0.01729818780889621 0.050586510263929615
0 0.039950576606260293 0.9105571847507331 0.047775947281713346 0.04618768328445748
0 0.17174629324546953 0.9134897360703812 0.057660626029654036 0.06598240469208211
0 0.21334431630971992 0.9208211143695014 0.06013179571663921 0.051319648093841645
0 0.2030477759472817 0.8922287390029325 0.029242174629324547 0.024193548387096774
0 0.5457166392092258 0.8841642228739003 0.04901153212520593 0.022727272727272728
0 0.5420098846787479 0.906158357771261 0.0757825370675453 0.022727272727272728
0 0.40362438220757824 0.9046920821114369 0.012355848434925865 0.05571847507331378
0 0.28459637561779244 0.8958944281524927 0.016062602965403624 0.051319648093841645
0 0.8179571663920923 0.9098240469208211 0.12685337726523888 0.18035190615835778