0 0.21613341204250294 0.09196428571428572 0.01860684769775678 0.10982142857142853
0 0.20637544273907912 0.08002100840336135 0.012709563164108602 0.07863445378151263
0 0.5073789846517119 0.1255252100840336 0.04427390791027155 0.1880252100840336
0 0.4712219598583235 0.12657563025210083 0.04279811097992916 0.17331932773109243
0 0.46531877213695394 0.08061974789915967 0.03689492325855962 0.16018907563025211
0 0.4433293978748524 0.06985294117647059 0.0070838252656434475 0.13970588235294118
0 0.9492325855962219 0.15441176470588236 0.0602125147579693 0.13025210084033614
0 0.9817001180637545 0.13865546218487396 0.03659976387249114 0.16176470588235295
0 0.9763872491145218 0.04726890756302521 0.047225501770956316 0.09453781512605042
0 0.9572018890200709 0.03046218487394958 0.03837072018890201 0.06092436974789916
0 0.9211924439197167 0.03571428571428571 0.04309327036599764 0.07142857142857142
0 0.8406139315230224 0.15073529411764705 0.0590318772136954 0.13760504201680673
0 0.8282172373081464 0.03939075630252101 0.05785123966942149 0.07878151260504201
0 0.7302243211334121 0.5493697478991597 0.11216056670602124 0.3713235294117647