0 0.3113157894736842 0.3080524344569288 0.013421052631578948 0.11282771535580524
0 0.32 0.3057116104868914 0.013421052631578948 0.10440074906367042
0 0.3381578947368421 0.3113295880149813 0.012368421052631579 0.13389513108614232
0 0.35342105263157897 0.31086142322097376 0.01368421052631579 0.13108614232209737
0 0.9260526315789473 0.4023876404494382 0.05 0.20833333333333334
0 0.8997368421052632 0.29353932584269665 0.04736842105263158 0.2200374531835206
0 0.5586842105263158 0.035580524344569285 0.05 0.07116104868913857
0 0.6902631578947368 0.04119850187265917 0.039473684210526314 0.08239700374531835
0 0.661578947368421 0.03651685393258427 0.04736842105263158 0.07303370786516854
0 0.6257894736842106 0.027153558052434457 0.04736842105263158 0.054307116104868915
0 0.6221052631578947 0.1343632958801498 0.05 0.20131086142322097
0 0.6055263157894737 0.07865168539325842 0.04368421052631579 0.15730337078651685
0 0.58 0.4199438202247191 0.05 0.23876404494382023
0 0.645 0.48174157303370785 0.05947368421052632 0.1151685393258427
0 0.8192105263157895 0.05898876404494382 0.05 0.11797752808988764
0 0.745 0.08707865168539326 0.045789473684210526 0.17415730337078653
0 0.7007894736842105 0.5065543071161048 0.06578947368421052 0.06554307116104868
0 0.72 0.4363295880149813 0.056842105263157895 0.20599250936329588
0 0.060526315789473685 0.778558052434457 0.12105263157894737 0.224250936329588
0 0.7402631578947368 0.8141385767790262 0.19131578947368422 0.3169475655430712