0 0.3083783783783784 0.37451923076923077 0.02216216216216216 0.1528846153846154
0 0.06486486486486487 0.6524038461538462 0.05810810810810811 0.11490384615384615
0 0.25756756756756755 0.8605769230769231 0.2845945945945946 0.27884615384615385
0 0.8445945945945946 0.9774038461538461 0.05783783783783784 0.04519230769230769
0 0.42405405405405405 0.9038461538461539 0.04810810810810811 0.19230769230769232
0 0.4494594594594595 0.8033653846153846 0.04864864864864865 0.22596153846153846
0 0.5216216216216216 0.5778846153846153 0.04972972972972973 0.03653846153846154
0 0.9656756756756757 0.7024038461538461 0.06486486486486487 0.20673076923076922
0 0.5924324324324325 0.6524038461538462 0.05945945945945946 0.18557692307692308
0 0.7818918918918919 0.6586538461538461 0.04054054054054054 0.19807692307692307
0 0.75 0.6331730769230769 0.044864864864864865 0.14711538461538462
0 0.6521621621621622 0.6033653846153846 0.04054054054054054 0.0875
0 0.6905405405405406 0.6019230769230769 0.03945945945945946 0.08461538461538462
0 0.9527027027027027 0.6067307692307692 0.03405405405405405 0.09423076923076923
0 0.6405405405405405 0.8884615384615384 0.06054054054054054 0.2230769230769231
0 0.7251351351351352 0.9533653846153847 0.05675675675675676 0.09326923076923077
0 0.7135135135135136 0.9134615384615384 0.05297297297297297 0.17307692307692307