0 0.5390450691655511 0.206424747174301 0.034582775546630966 0.09161213563355146
0 0.1537260151717983 0.18322427126710292 0.016175814368585454 0.044021415823914334
0 0.9080767514502455 0.25803093396787624 0.016175814368585454 0.07034503271861987
0 0.7904953145917001 0.21029149315883403 0.0142793395805444 0.06796549672813801
0 0.7980812137438643 0.1747471743010113 0.013498438197233379 0.07183224271267102
0 0.8143685854529228 0.03256989886972041 0.013944667559125391 0.04283164782867341
0 0.8140339134315038 0.014723378941106485 0.014725568942436412 0.029298036882807854
0 0.895470771976796 0.08149910767400356 0.0142793395805444 0.04119571683521713
0 0.8817492190986167 0.10707911957168352 0.012382864792503346 0.07406305770374777
0 0.8810798750557787 0.06662700773349196 0.012382864792503346 0.042088042831647826
0 0.9381972333779562 0.0455086258179655 0.010151717983043285 0.044318857822724565
0 0.8810798750557787 0.02156454491374182 0.010821062025881303 0.04312908982748364
0 0.9378625613565372 0.010559190957763236 0.008032128514056224 0.021118381915526473
0 0.8964747880410531 0.12879238548483046 0.013163766175814369 0.06261154074955384
0 0.894020526550647 0.22739440809042236 0.011267291387773316 0.07034503271861987
0 0.9525881302989737 0.06157049375371802 0.009370816599732263 0.05353955978584176
0 0.9438866577420795 0.0883402736466389 0.010151717983043285 0.055026769779892924
0 0.9361892012494422 0.11124330755502677 0.011267291387773316 0.05814991076740036
0 0.854529228023204 0.10856632956573468 0.012048192771084338 0.0557703747769185
0 0.8661311914323963 0.10440214158239143 0.010486390004462293 0.06112433075550268
0 0.8425925925925926 0.04357525282569899 0.012382864792503346 0.05428316478286734
0 0.8516287371709058 0.012790005948839975 0.010263275323516287 0.02558001189767995
0 0.8524096385542169 0.03985722784057109 0.011713520749665328 0.05428316478286734
0 0.8606648817492191 0.04357525282569899 0.010932619366354306 0.0557703747769185
0 0.7791164658634538 0.02275431290898275 0.00858991521642124 0.0455086258179655
0 0.7726461401160196 0.02007733491969066 0.008701472556894244 0.040005948839976206
0 0.7435296742525658 0.03524687685901249 0.010486390004462293 0.049672813801308745
0 0.9303882195448461 0.04283164782867341 0.010151717983043285 0.05279595478881618
0 0.9460062472110665 0.01665675193337299 0.00825524319500223 0.03331350386674598
0 0.7240071396697902 0.09860202260559191 0.008032128514056224 0.06513979773944081
0 0.8761713520749665 0.20107079119571683 0.016175814368585454 0.0725758477096966
0 0.8522980812137438 0.18352171326591316 0.015841142347166444 0.06960142772159429
0 0.8336680053547524 0.1609161213563355 0.013944667559125391 0.07644259369422962
0 0.7466532797858099 0.07956573468173705 0.012382864792503346 0.0511600237953599
0 0.7259036144578314 0.18709101725163593 0.011825078090138332 0.0725758477096966
0 0.7617135207496654 0.10484830458060679 0.012382864792503346 0.05279595478881618
0 0.7594823739402052 0.02156454491374182 0.00858991521642124 0.04312908982748364
0 0.9614011601963409 0.0975609756097561 0.012829094154395359 0.06112433075550268
0 0.9717759928603302 0.09949434860202261 0.011713520749665328 0.05889351576442594
0 0.9340696117804551 0.16864961332540154 0.014725568942436412 0.07183224271267102
0 0.8883311021865239 0.23735871505056513 0.015060240963855422 0.07941701368233195
0 0.8395805443998215 0.023349196906603212 0.010151717983043285 0.04119571683521713
0 0.928603302097278 0.015466983938132063 0.009036144578313253 0.030933967876264127
0 0.7323739402052655 0.07956573468173705 0.012382864792503346 0.0511600237953599
0 0.7295850066934404 0.10559190957763236 0.013498438197233379 0.06350386674598453
0 0.7937304774654173 0.06737061273051755 0.010932619366354306 0.0557703747769185
0 0.8879964301651049 0.02944675788221297 0.011267291387773316 0.05353955978584176
0 0.12048192771084337 0.783313503866746 0.24096385542168675 0.43337299226650805
0 0.4254796965640339 0.7531231409875074 0.4105310129406515 0.4509220701963117
0 0.5861222668451584 0.7220404521118382 0.2677376171352075 0.3148423557406306
0 0.7778893351182508 0.6691939321832242 0.017806782686300645 0.047093991671624015
0 0.8792079428826417 0.7229833432480667 0.029357429718875484 0.044616299821534804