0 0.3010688836104513 0.3940677966101695 0.032066508313539195 0.06779661016949153
0 0.09026128266033254 0.4194915254237288 0.009501187648456057 0.01694915254237288
0 0.10332541567695962 0.4184322033898305 0.007125890736342043 0.019067796610169493
0 0.1187648456057007 0.4141949152542373 0.011876484560570071 0.02754237288135593
0 0.06769596199524941 0.4205508474576271 0.007125890736342043 0.014830508474576272
0 0.6383610451306413 0.2542372881355932 0.09916864608076009 0.2902542372881356
0 0.7108076009501187 0.24364406779661016 0.055819477434679333 0.2531779661016949
0 0.7589073634204275 0.2531779661016949 0.10095011876484561 0.2870762711864407
0 0.8319477434679335 0.24046610169491525 0.08076009501187649 0.2605932203389831
0 0.8842042755344418 0.2531779661016949 0.0688836104513064 0.2807203389830508
0 0.9299287410926366 0.2319915254237288 0.06294536817102138 0.1885593220338983
0 0.3830166270783848 0.864406779661017 0.13182897862232779 0.2711864406779661
0 0.32600950118764843 0.8834745762711864 0.10570071258907364 0.2330508474576271
0 0.2975059382422803 0.9247881355932204 0.08432304038004751 0.1504237288135593
0 0.2690023752969121 0.9141949152542372 0.07719714964370546 0.1716101694915254
0 0.22565320665083136 0.9173728813559322 0.057007125890736345 0.1652542372881356
0 0.09798099762470308 0.9046610169491526 0.06769596199524941 0.1906779661016949
0 0.15261282660332542 0.9004237288135594 0.07482185273159145 0.19915254237288135
0 0.05166270783847981 0.888771186440678 0.10332541567695962 0.22245762711864406
0 0.055819477434679333 0.9036016949152542 0.0831353919239905 0.19279661016949154
0 0.7019002375296912 0.8379237288135594 0.505938242280285 0.3241525423728814