0 0.33697916666666666 0.5370370370370371 0.028125 0.06296296296296296
0 0.4765625 0.5194444444444445 0.03229166666666667 0.09814814814814815
0 0.5098958333333333 0.5222222222222223 0.036458333333333336 0.09259259259259259
0 0.15208333333333332 0.5592592592592592 0.008333333333333333 0.018518518518518517
0 0.16354166666666667 0.5583333333333333 0.00625 0.020370370370370372
0 0.17708333333333334 0.5546296296296296 0.010416666666666666 0.027777777777777776
0 0.13229166666666667 0.5601851851851852 0.00625 0.016666666666666666
0 0.8947916666666667 0.26481481481481484 0.15416666666666667 0.5296296296296297
0 0.609375 0.28425925925925927 0.1 0.5685185185185185
0 0.8484375 0.7842592592592592 0.28020833333333334 0.43148148148148147
0 0.65625 0.7907407407407407 0.19375 0.4185185185185185
0 0.6145833333333334 0.6277777777777778 0.10208333333333333 0.11851851851851852
0 0.7640625 0.6074074074074074 0.07395833333333333 0.07777777777777778