0 0.4220950704225352 0.35815047021943575 0.014524647887323943 0.05172413793103448
0 0.4810739436619718 0.36363636363636365 0.015404929577464789 0.0932601880877743
0 0.4551056338028169 0.359717868338558 0.010123239436619719 0.06818181818181818
0 0.3648767605633803 0.3518808777429467 0.01056338028169014 0.039968652037617555
0 0.028169014084507043 0.36363636363636365 0.02112676056338028 0.10109717868338558
0 0.051056338028169015 0.3612852664576803 0.018045774647887324 0.06739811912225706
0 0.17121478873239437 0.35344827586206895 0.008802816901408451 0.03761755485893417
0 0.16065140845070422 0.3518808777429467 0.009683098591549295 0.0438871473354232
0 0.7675880281690141 0.29747648902821316 0.029621478873239515 0.13037617554858935
0 0.9280457746478873 0.35434169278996863 0.044964788732394304 0.23468652037617557
0 0.9783098591549297 0.3454075235109718 0.03423415492957745 0.20742946708463955
0 0.9960387323943662 0.3393416927899687 0.007922535211267605 0.17084639498432602
0 0.1619718309859155 0.8244514106583072 0.323943661971831 0.3510971786833856
0 0.2676056338028169 0.8017241379310345 0.2112676056338028 0.22413793103448276
0 0.6390845070422535 0.8064263322884012 0.22183098591549297 0.3871473354231975
0 0.38952464788732394 0.7891849529780565 0.13028169014084506 0.21316614420062696
0 0.8058978873239436 0.7358934169278997 0.07306338028169014 0.28683385579937304