0 0.24608214849921012 0.21049157303370788 0.01656398104265405 0.08213483146067418
0 0.31399684044233805 0.20463483146067415 0.008902053712480238 0.047022471910112384
0 0.045734597156398084 0.23234550561797754 0.03187203791469187 0.12271067415730337
0 0.01501579778830963 0.23662921348314608 0.02308846761453398 0.10008426966292133
0 0.6781200631911533 0.25702247191011235 0.04028436018957346 0.10393258426966293
0 0.6224328593996841 0.24297752808988765 0.044233807266982623 0.13202247191011235
0 0.32661927330173773 0.6734550561797753 0.14889415481832544 0.5554775280898876
0 0.14415481832543445 0.5905898876404494 0.14336492890995262 0.16643258426966293
0 0.07977883096366509 0.7120786516853933 0.14336492890995262 0.46980337078651685
0 0.17180094786729858 0.6966292134831461 0.16350710900473933 0.4782303370786517
0 0.556477093206951 0.7661516853932584 0.14415481832543445 0.21067415730337077
0 0.641785150078989 0.5674157303370787 0.06477093206951026 0.2577247191011236
0 0.7033965244865719 0.5161516853932584 0.046998420221169034 0.18609550561797752