0 0.21942555685814766 0.3045302713987474 0.023393903868698624 0.10829853862212943
0 0.3686987104337632 0.06315240083507306 0.017584994138335287 0.12630480167014613
0 0.4000586166471278 0.09394572025052192 0.041617819460726846 0.18789144050104384
0 0.7807737397420867 0.3267223382045929 0.18405627198124266 0.24634655532359082
0 0.5307737397420867 0.11691022964509394 0.06506447831184056 0.23382045929018788
0 0.4167643610785463 0.06471816283924843 0.029308323563892145 0.12943632567849686
0 0.08118405627198125 0.7395615866388309 0.10609613130128957 0.10908141962421712
0 0.4601406799531067 0.7249478079331941 0.20046893317702227 0.5501043841336117
0 0.5999413833528722 0.7129436325678496 0.20603751465416179 0.5146137787056367
0 0.8508206330597889 0.6962421711899791 0.29835873388042206 0.49269311064718163
0 0.7406213364595545 0.5521920668058455 0.048944900351699884 0.2045929018789144