0 0.16558319039451114 0.3758256880733945 0.017272727272727263 0.09833333333333343
0 0.23717838765008578 0.3696636085626911 0.009425385934819905 0.05204892966360851
0 0.4562607204116638 0.05657492354740061 0.036020583190394515 0.11314984709480122
0 0.41295025728987994 0.06498470948012232 0.026586620926243566 0.12996941896024464
0 0.5137221269296741 0.04892966360856269 0.03773584905660377 0.09785932721712538
0 0.00686106346483705 0.8325688073394495 0.0137221269296741 0.07492354740061162
0 0.0355917667238422 0.7958715596330275 0.029159519725557463 0.03669724770642202
0 0.9648370497427101 0.8555045871559633 0.06989708404802744 0.2714067278287462
0 0.8404802744425386 0.8463302752293578 0.12049742710120069 0.30504587155963303
0 0.7238421955403087 0.8463302752293578 0.13164665523156088 0.2668195718654434
0 0.4854202401372213 0.8616207951070336 0.11921097770154374 0.27675840978593275
0 0.9262435677530018 0.8386850152905199 0.08361921097770154 0.25535168195718655