0 0.24562363238512036 0.23083067092651757 0.2702407002188184 0.3274760383386581
0 0.574945295404814 0.23722044728434505 0.2111597374179431 0.34345047923322686
0 0.7308533916849015 0.2515974440894569 0.33916849015317285 0.3146964856230032
0 0.6854485776805251 0.24121405750798722 0.20021881838074398 0.3354632587859425
0 0.37089715536105033 0.7795527156549521 0.05689277899343545 0.28115015974440893
0 0.09190371991247265 0.7044728434504792 0.1838074398249453 0.5910543130990416
0 0.6449671772428884 0.8138977635782748 0.15207877461706784 0.3722044728434505
0 0.9420131291028446 0.8250798722044729 0.11597374179431072 0.3498402555910543
0 0.5295404814004376 0.7931309904153354 0.12035010940919037 0.41373801916932906
0 0.8605032822757112 0.8154952076677316 0.10831509846827134 0.36900958466453676
0 0.7718818380743983 0.8210862619808307 0.13457330415754923 0.35782747603833864
0 0.5454048140043763 0.5830670926517572 0.10393873085339168 0.34824281150159747
0 0.8386214442013129 0.5670926517571885 0.12363238512035012 0.31629392971246006
0 0.6411378555798687 0.5726837060702875 0.1050328227571116 0.3274760383386581
0 0.9841356673960613 0.6837060702875399 0.03172866520787746 0.21405750798722045
0 0.7297592997811816 0.5854632587859425 0.09409190371991247 0.3466453674121406
0 0.9846827133479212 0.7899361022364217 0.030634573304157548 0.42012779552715657