0 0.2732984293193717 0.29283054003724396 0.30392670157068064 0.4436685288640596
0 0.4850785340314136 0.28258845437616387 0.24973821989528797 0.5540037243947858
0 0.2743455497382199 0.7881750465549349 0.12670157068062826 0.4236499068901304
0 0.41282722513089004 0.8542830540037244 0.11989528795811519 0.2914338919925512
0 0.4583769633507853 0.7793296089385475 0.11230366492146597 0.3947858472998138
0 0.3298429319371728 0.797486033519553 0.09581151832460733 0.40502793296089384
0 0.1586387434554974 0.7797951582867784 0.22146596858638742 0.4404096834264432
0 0.7863874345549738 0.9497206703910615 0.04712041884816754 0.1005586592178771
0 0.7295811518324608 0.6000931098696461 0.04869109947643979 0.08100558659217877
0 0.631413612565445 0.6256983240223464 0.04293193717277487 0.13221601489757914
0 0.874869109947644 0.5791433891992551 0.030366492146596858 0.03910614525139665
0 0.9653141361256544 0.7190409683426443 0.04319371727748691 0.15595903165735567
0 0.9129581151832461 0.7958566108007449 0.04319371727748691 0.16061452513966482
0 0.6418848167539267 0.585195530726257 0.0356020942408377 0.051210428305400374
0 0.8017015706806283 0.6817970204841713 0.03795811518324607 0.16992551210428306
0 0.9319371727748691 0.5921787709497207 0.031413612565445025 0.06517690875232775
0 0.9672774869109948 0.5968342644320298 0.03926701570680628 0.074487895716946
0 0.6759162303664922 0.9427374301675978 0.05130890052356021 0.11452513966480447
0 0.6217277486910995 0.9459962756052142 0.02356020942408377 0.10800744878957169