0 0.25427807486631016 0.43346007604562736 0.052406417112299465 0.1288022813688213
0 0.6816844919786096 0.3849809885931559 0.05748663101604278 0.21863117870722434
0 0.6401069518716578 0.040399239543726234 0.047058823529411764 0.08079847908745247
0 0.7804812834224599 0.053231939163498096 0.051871657754010696 0.10646387832699619
0 0.76524064171123 0.17110266159695817 0.045454545454545456 0.21863117870722434
0 0.47967914438502673 0.09838403041825095 0.020320855614973262 0.1967680608365019
0 0.5693850267379679 0.13307984790874525 0.04679144385026738 0.21387832699619772
0 0.6135026737967915 0.2994296577946768 0.05213903743315508 0.23288973384030418
0 0.9168449197860963 0.034220532319391636 0.04973262032085562 0.06844106463878327
0 0.5967914438502674 0.8393536121673004 0.07352941176470588 0.27661596958174905
0 0.538235294117647 0.8336501901140685 0.06925133689839572 0.28612167300380226
0 0.8909090909090909 0.8250950570342205 0.06497326203208556 0.279467680608365
0 0.6740641711229947 0.8388783269961977 0.055347593582887704 0.2623574144486692
0 0.8508021390374332 0.8222433460076045 0.0660427807486631 0.26901140684410646
0 0.7697860962566845 0.8355513307984791 0.07032085561497327 0.27661596958174905
0 0.7219251336898396 0.8274714828897338 0.06390374331550802 0.2899239543726236
0 0.8088235294117647 0.8341254752851711 0.043582887700534756 0.2585551330798479
0 0.6414438502673797 0.8250950570342205 0.04572192513368984 0.279467680608365