0 0.30430932703659974 0.3125 0.07674144037780402 0.15966386554621848
0 0.814935064935065 0.3072478991596639 0.09710743801652892 0.16806722689075632
0 0.3409090909090909 0.7977941176470589 0.19775678866587956 0.40441176470588236
0 0.20277449822904367 0.8119747899159664 0.20602125147579692 0.3755252100840336
0 0.08146399055489964 0.7557773109243697 0.16292798110979928 0.4884453781512605
0 0.8314639905548996 0.9012605042016807 0.06316410861865407 0.19747899159663865
0 0.7281582054309327 0.4852941176470588 0.048996458087367176 0.09243697478991597
0 0.7857142857142857 0.5131302521008403 0.05194805194805195 0.148109243697479
0 0.7762691853600945 0.8182773109243697 0.04427390791027155 0.2415966386554622
0 0.9412632821723731 0.4789915966386555 0.04427390791027155 0.07983193277310924
0 0.6210153482880756 0.4721638655462185 0.047225501770956316 0.0661764705882353
0 0.667060212514758 0.4695378151260504 0.04132231404958678 0.06092436974789916
0 0.7061688311688312 0.7276785714285714 0.06345926800472255 0.2494747899159664
0 0.6124557260920898 0.6672794117647058 0.06198347107438017 0.23897058823529413
0 0.5394037780401417 0.5898109243697479 0.05460448642266824 0.26260504201680673
0 0.9334415584415584 0.6160714285714286 0.05755608028335301 0.24684873949579833
0 0.7541322314049587 0.8524159663865546 0.0590318772136954 0.27310924369747897