0 0.3566011235955056 0.35064935064935066 0.07851123595505619 0.17482517482517482
0 0.8981741573033708 0.31693306693306694 0.20365168539325842 0.3451548451548452
0 0.7557584269662921 0.3289210789210789 0.2140449438202247 0.3211788211788212
0 0.6171348314606742 0.2822177822177822 0.19424157303370787 0.4145854145854146
0 0.2348314606741573 0.686063936063936 0.2300561797752809 0.25074925074925075
0 0.5547752808988764 0.9468031968031968 0.0696629213483146 0.1063936063936064
0 0.8616573033707865 0.9475524475524476 0.0598314606741573 0.1048951048951049
0 0.7908707865168539 0.9333166833166833 0.06095505617977528 0.13336663336663337
0 0.7571629213483146 0.9273226773226774 0.02893258426966292 0.14535464535464535
0 0.7832752808988764 0.8687262737262738 0.022070224719101042 0.07640859140859131
0 0.7175561797752809 0.9185814185814186 0.0351123595505618 0.16283716283716285
0 0.8236404494382022 0.8977672327672327 0.027556179775281003 0.1439660339660341
0 0.8469971910112359 0.8608741258741259 0.03595224719101117 0.07650849150849154
0 0.8787921348314607 0.9278221778221778 0.030056179775280897 0.14435564435564435
0 0.8911713483146068 0.8976423576423576 0.018960674157303372 0.113921078921079
0 0.9017724719101123 0.8921228771228771 0.01891011235955048 0.12816183816183813