0 0.22736842105263158 0.1550632911392405 0.09052631578947369 0.12974683544303797
0 0.4163157894736842 0.08069620253164557 0.06210526315789474 0.16139240506329114
0 0.8573684210526316 0.14794303797468356 0.04736842105263158 0.1439873417721519
0 0.9852631578947368 0.15268987341772153 0.029473684210526315 0.13449367088607594
0 0.4978947368421053 0.6305379746835443 0.15578947368421053 0.41930379746835444
0 0.6331578947368421 0.6566455696202531 0.06631578947368422 0.5569620253164557
0 0.8521052631578947 0.6408227848101266 0.09157894736842105 0.4620253164556962
0 0.9257894736842105 0.7025316455696202 0.08736842105263158 0.4525316455696203
0 0.6963157894736842 0.6685126582278481 0.09578947368421052 0.47310126582278483
0 0.7694736842105263 0.6337025316455697 0.08842105263157894 0.46677215189873417
0 0.9715789473684211 0.627373417721519 0.056842105263157895 0.46677215189873417
0 0.6468421052631579 0.3939873417721519 0.06 0.16772151898734178
0 0.9036842105263158 0.4564873417721519 0.07684210526315789 0.20094936708860758
0 0.9373684210526316 0.3686708860759494 0.05368421052631579 0.14240506329113925
0 0.8310526315789474 0.4137658227848101 0.07684210526315789 0.17563291139240506
0 0.6894736842105263 0.4319620253164557 0.07789473684210527 0.14873417721518986
0 0.67 0.33781645569620256 0.03263157894736842 0.08386075949367089
0 0.7868421052631579 0.3860759493670886 0.045263157894736845 0.11708860759493671
0 0.868421052631579 0.34414556962025317 0.04 0.11550632911392406
0 0.761578947368421 0.41455696202531644 0.07894736842105263 0.16772151898734178
0 0.9621052631578947 0.4161392405063291 0.05263157894736842 0.13924050632911392
0 0.8905263157894737 0.317246835443038 0.031578947368421054 0.08386075949367089
0 0.7910526315789473 0.34177215189873417 0.05157894736842105 0.14240506329113925