0 0.33274647887323944 0.24134199134199133 0.13380281690140844 0.29653679653679654
0 0.07922535211267606 0.7857142857142857 0.10915492957746478 0.42857142857142855
0 0.31338028169014087 0.7835497835497836 0.13732394366197184 0.4329004329004329
0 0.4392605633802817 0.7857142857142857 0.13204225352112675 0.42857142857142855
0 0.5807218309859156 0.6778138528138529 0.06906690140845073 0.24809523809523812
0 0.510968309859155 0.6669913419913419 0.06771126760563387 0.21645021645021645
0 0.3769014084507042 0.622034632034632 0.08124999999999996 0.17649350649350642
0 0.07353873239436619 0.6695021645021645 0.13813380281690144 0.27471861471861464
0 0.2644894366197183 0.5737662337662338 0.05688380281690141 0.10322510822510822
0 0.5935739436619718 0.5537878787878788 0.0487500000000001 0.07326839826839832
0 0.9383802816901409 0.9729437229437229 0.12323943661971831 0.05411255411255411