0 0.33867403314917127 0.24410609037328093 0.13287292817679558 0.3207269155206287
0 0.2149171270718232 0.2455795677799607 0.15359116022099448 0.47838899803536344
0 0.11546961325966851 0.2583497053045187 0.23093922651933702 0.5166994106090373
0 0.9903314917127072 0.4022593320235756 0.019337016574585635 0.4130648330058939
0 0.976243093922652 0.3163064833005894 0.047237569060773484 0.3644400785854617
0 0.61353591160221 0.3334970530451866 0.13950276243093923 0.5314341846758349
0 0.5892265193370165 0.08055009823182711 0.013259668508287293 0.04469548133595285
0 0.5759668508287292 0.08153241650294696 0.01574585635359116 0.07367387033398821
0 0.493646408839779 0.08644400785854617 0.01574585635359116 0.05992141453831041
0 0.48066298342541436 0.07858546168958742 0.014640883977900553 0.07170923379174853
0 0.43784530386740333 0.06679764243614932 0.01574585635359116 0.05648330058939096
0 0.7577348066298343 0.9071709233791748 0.05911602209944752 0.1856581532416503
0 0.7060773480662983 0.8290766208251473 0.04143646408839779 0.22593320235756384
0 0.8530386740331491 0.6822200392927309 0.05414364640883978 0.14636542239685657
0 0.4704419889502762 0.6994106090373281 0.05359116022099448 0.1807465618860511
0 0.5458563535911602 0.6832023575638507 0.06077348066298342 0.14833005893909626
0 0.638950276243094 0.712671905697446 0.05911602209944752 0.20726915520628683