0 0.36099476439790573 0.3407821229050279 0.24895287958115184 0.3780260707635009
0 0.11832460732984293 0.3915270018621974 0.23638743455497382 0.276536312849162
0 0.19816753926701572 0.23696461824953446 0.17225130890052356 0.2271880819366853
0 0.6952879581151833 0.3575418994413408 0.181151832460733 0.34450651769087526
0 0.6416230366492146 0.2011173184357542 0.16989528795811518 0.2122905027932961
0 0.2994764397905759 0.15223463687150837 0.12958115183246074 0.29655493482309125
0 0.9180628272251309 0.2644320297951583 0.0612565445026178 0.4134078212290503
0 0.8573298429319371 0.2644320297951583 0.08429319371727749 0.39664804469273746
0 0.8256544502617801 0.26582867783985104 0.05130890052356021 0.3919925512104283
0 0.5489528795811518 0.7891061452513967 0.17853403141361257 0.16247672253258846
0 0.9863874345549738 0.5535381750465549 0.027225130890052355 0.04748603351955307
0 0.95 0.61731843575419 0.043455497382198956 0.1750465549348231
0 0.9890052356020942 0.6587523277467412 0.02198952879581152 0.1908752327746741
0 0.9863874345549738 0.9259776536312849 0.027225130890052355 0.14804469273743018
0 0.8549738219895288 0.6056797020484171 0.041884816753926704 0.15176908752327747
0 0.8958115183246074 0.6033519553072626 0.03664921465968586 0.14711359404096835
0 0.8408376963350785 0.7867783985102421 0.05759162303664921 0.20949720670391062
0 0.9291884816753927 0.840316573556797 0.056282722513089 0.21415270018621974