0 0.3028063725490196 0.7307826086956523 0.08406862745098043 0.09806521739130437
0 0.17888480392156866 0.32523913043478264 0.05817401960784317 0.3217391304347826
0 0.12691176470588236 0.25954347826086954 0.04493872549019603 0.2693260869565217
0 0.6311274509803921 0.36086956521739133 0.12745098039215685 0.34347826086956523
0 0.8314950980392157 0.44565217391304346 0.11887254901960784 0.30434782608695654
0 0.7487745098039216 0.3923913043478261 0.0784313725490196 0.26304347826086955
0 0.7310049019607843 0.18369565217391304 0.023284313725490197 0.13260869565217392
0 0.7089460784313726 0.16956521739130434 0.028186274509803922 0.1565217391304348
0 0.7083333333333334 0.3652173913043478 0.056372549019607844 0.24347826086956523
0 0.6256127450980392 0.1815217391304348 0.025735294117647058 0.13260869565217392
0 0.8259803921568627 0.30543478260869567 0.08088235294117647 0.13260869565217392