0 0.3581060606060606 0.19943060498220644 0.08402597402597402 0.21225978647686836
0 0.8208874458874459 0.3016014234875445 0.08766233766233766 0.19395017793594305
0 0.050865800865800864 0.48398576512455516 0.08008658008658008 0.1708185053380783
0 0.18398268398268397 0.46708185053380785 0.05627705627705628 0.13701067615658363
0 0.31277056277056275 0.699288256227758 0.10606060606060606 0.6014234875444839
0 0.4550865800865801 0.699288256227758 0.06818181818181818 0.6014234875444839
0 0.0633116883116883 0.699288256227758 0.10497835497835498 0.6014234875444839
0 0.38582251082251084 0.699288256227758 0.13528138528138528 0.6014234875444839
0 0.13257575757575757 0.699288256227758 0.1525974025974026 0.6014234875444839
0 0.4734848484848485 0.699288256227758 0.05303030303030303 0.6014234875444839
0 0.03409090909090909 0.699288256227758 0.06818181818181818 0.6014234875444839
0 0.25 0.699288256227758 0.12554112554112554 0.6014234875444839
0 0.525974025974026 0.7588967971530249 0.03896103896103896 0.14412811387900357
0 0.5681818181818182 0.7473309608540926 0.032467532467532464 0.14590747330960854