0 0.35912698412698413 0.2746478873239437 0.09391534391534391 0.18779342723004694
0 0.7321428571428571 0.2323943661971831 0.051587301587301584 0.27230046948356806
0 0.7797619047619048 0.25 0.04894179894179894 0.23708920187793428
0 0.8462566137566138 0.21948356807511737 0.0409391534391535 0.19502347417840385
0 0.9509391534391534 0.2050234741784037 0.042208994708994814 0.15049295774647892
0 0.9841269841269841 0.22065727699530516 0.031746031746031744 0.19248826291079812
0 0.5898412698412698 0.23178403755868546 0.02900793650793644 0.2071361502347418
0 0.5000793650793651 0.23424882629107985 0.02234126984126982 0.15882629107981214
0 0.4834656084656085 0.23826291079812206 0.009259259259259259 0.1431924882629108
0 0.6676190476190477 0.21436619718309857 0.025820105820105795 0.1284741784037559
0 0.7705026455026455 0.6842723004694836 0.421957671957672 0.6314553990610329