0 0.194828125 0.2419583333333333 0.13059375000000006 0.22602083333333337
0 0.2859375 0.565625 0.121875 0.06875
0 0.940625 0.3729166666666667 0.11875 0.45416666666666666
0 0.96484375 0.35104166666666664 0.0703125 0.4979166666666667
0 0.9375 0.23125 0.125 0.30833333333333335
0 0.8328125 0.22083333333333333 0.115625 0.30416666666666664
0 0.66640625 0.359375 0.0953125 0.48125
0 0.6484375 0.20104166666666667 0.059375 0.20208333333333334
0 0.69375 0.2875 0.13125 0.32916666666666666
0 0.74765625 0.2552083333333333 0.1328125 0.28125
0 0.36796875 0.6854166666666667 0.1640625 0.17083333333333334
0 0.1796875 0.8270833333333333 0.359375 0.2375
0 0.40625 0.8708333333333333 0.39375 0.25833333333333336