0 0.0978494623655914 0.26933158584534733 0.12096774193548387 0.27096985583224115
0 0.1454301075268817 0.23820445609436436 0.06075268817204301 0.19593709043250326
0 0.28763440860215056 0.20216251638269986 0.04973118279569892 0.1136959370904325
0 0.3258064516129032 0.2346002621231979 0.08225806451612903 0.22116644823066842
0 0.3209677419354839 0.3207732634338139 0.27741935483870966 0.33748361730013104
0 0.7489247311827957 0.2447575360419397 0.15698924731182795 0.4895150720838794
0 0.5029569892473118 0.23623853211009174 0.08655913978494624 0.4724770642201835
0 0.8806451612903226 0.23525557011795545 0.15268817204301074 0.4705111402359109
0 0.5836021505376344 0.24246395806028834 0.19623655913978494 0.4849279161205767
0 0.7029569892473119 0.23656618610747052 0.12634408602150538 0.47313237221494103
0 0.24758064516129033 0.8235583224115334 0.051075268817204304 0.14580602883355176
0 0.2206989247311828 0.7473787680209698 0.04838709677419355 0.15399737876802097
0 0.020161290322580645 0.6055045871559633 0.04032258064516129 0.11926605504587157
0 0.026344086021505377 0.502948885976409 0.041935483870967745 0.026867627785058978
0 0.10712365591397849 0.7473787680209698 0.05241935483870968 0.17365661861074705
0 0.2663978494623656 0.5265399737876802 0.0456989247311828 0.07404980340760157
0 0.45161290322580644 0.5629095674967235 0.016129032258064516 0.12319790301441677
0 0.42163978494623655 0.5671690694626474 0.04435483870967742 0.11467889908256881
0 0.3786290322580645 0.6318807339449541 0.04704301075268817 0.11959370904325033
0 0.07741935483870968 0.5291612057667103 0.03655913978494624 0.07929226736566186
0 0.044623655913978495 0.7228047182175622 0.04838709677419355 0.1474442988204456