0 0.2889830508474576 0.42876344086021506 0.13728813559322034 0.1424731182795699
0 0.7788135593220339 0.12096774193548387 0.07966101694915254 0.24193548387096775
0 0.55 0.8346774193548387 0.1 0.31989247311827956
0 0.02711864406779661 0.7809139784946236 0.05423728813559322 0.4381720430107527
0 0.0847457627118644 0.8293010752688172 0.07457627118644068 0.34139784946236557
0 0.13389830508474576 0.8198924731182796 0.04406779661016949 0.22580645161290322
0 0.2093220338983051 0.8494623655913979 0.059322033898305086 0.3010752688172043
0 0.2754237288135593 0.7983870967741935 0.08305084745762711 0.4032258064516129
0 0.4076271186440678 0.75 0.2016949152542373 0.5
0 0.9822033898305085 0.5631720430107527 0.03559322033898305 0.12634408602150538
0 0.7042372881355933 0.5793010752688172 0.10338983050847457 0.1586021505376344
0 0.6440677966101694 0.7876344086021505 0.08813559322033898 0.3709677419354839