0 0.26657608695652174 0.2514506769825919 0.05407608695652174 0.1702127659574468
0 0.22717391304347825 0.45938104448742745 0.04619565217391304 0.07398452611218569
0 0.4138586956521739 0.75 0.09184782608695652 0.5
0 0.03179347826086956 0.75 0.06358695652173912 0.5
0 0.1967391304347826 0.75 0.09347826086956522 0.5
0 0.10461956521739131 0.7620889748549323 0.0875 0.4758220502901354
0 0.3244565217391304 0.75 0.10434782608695652 0.5
0 0.41032608695652173 0.6112185686653772 0.07608695652173914 0.22243713733075435
0 0.3769021739130435 0.5701160541586073 0.06576086956521739 0.1402321083172147
0 0.2777173913043478 0.7761121856866537 0.05543478260869565 0.44777562862669246
0 0.26711956521739133 0.6310444874274661 0.05597826086956522 0.2620889748549323
0 0.2692934782608696 0.7142166344294004 0.049456521739130434 0.38007736943907156