0 0.2219551282051282 0.6103117505995204 0.052083333333333336 0.07134292565947242
0 0.14583333333333334 0.27398081534772184 0.06169871794871795 0.2476019184652278
0 0.5921474358974359 0.11091127098321343 0.1842948717948718 0.22182254196642687
0 0.7724358974358975 0.26258992805755393 0.1858974358974359 0.5251798561151079
0 0.5793269230769231 0.2973621103117506 0.15224358974358973 0.38848920863309355
0 0.7203525641025641 0.3411270983213429 0.15865384615384615 0.3800959232613909
0 0.9014423076923077 0.328537170263789 0.1971153846153846 0.6426858513189448
0 0.5905448717948718 0.34652278177458035 0.18108974358974358 0.6067146282973621
0 0.47596153846153844 0.7853717026378897 0.04807692307692308 0.2565947242206235
0 0.34134615384615385 0.8657074340527577 0.15705128205128205 0.22302158273381295
0 0.4182692307692308 0.7829736211031175 0.10576923076923077 0.2422062350119904
0 0.1971153846153846 0.8663069544364509 0.15384615384615385 0.1906474820143885
0 0.13782051282051283 0.7667865707434053 0.10256410256410256 0.2290167865707434
0 0.044070512820512824 0.7595923261390888 0.08814102564102565 0.19544364508393286
0 0.052083333333333336 0.867505995203837 0.10416666666666667 0.17625899280575538
0 0.23317307692307693 0.7523980815347722 0.09455128205128205 0.16906474820143885
0 0.6506410256410257 0.7751798561151079 0.30128205128205127 0.25059952038369304