0 0.09195417789757415 0.20620503597122303 0.09541778975741234 0.22194244604316554
0 0.15498652291105122 0.37410071942446044 0.10512129380053908 0.1906474820143885
0 0.7378706199460916 0.14568345323741008 0.13881401617250674 0.29136690647482016
0 0.3975741239892183 0.1681654676258993 0.05660377358490566 0.3363309352517986
0 0.4568733153638814 0.23471223021582735 0.1752021563342318 0.4694244604316547
0 0.8524258760107817 0.2383093525179856 0.24663072776280323 0.46223021582733814
0 0.9696765498652291 0.23471223021582735 0.06064690026954178 0.4694244604316547
0 0.6320754716981132 0.26618705035971224 0.24797843665768193 0.4064748201438849
0 0.24223719676549865 0.7135611510791368 0.10274932614555257 0.2107014388489208
0 0.32345013477088946 0.9739208633093526 0.09164420485175202 0.052158273381294966
0 0.7506738544474394 0.5080935251798561 0.03234501347708895 0.07733812949640288
0 0.8241239892183289 0.5080935251798561 0.03167115902964959 0.0764388489208633