0 0.35952848722986247 0.23818897637795275 0.07662082514734773 0.08267716535433071
0 0.01768172888015717 0.5580708661417323 0.03536345776031434 0.5570866141732284
0 0.05304518664047151 0.7795275590551181 0.10609037328094302 0.4409448818897638
0 0.49361493123772104 0.5374015748031497 0.15225933202357564 0.4330708661417323
0 0.3182711198428291 0.7765748031496063 0.1650294695481336 0.4468503937007874
0 0.4587426326129666 0.7982283464566929 0.12770137524557956 0.3799212598425197
0 0.2244597249508841 0.5059055118110236 0.1168958742632613 0.40551181102362205
0 0.5476424361493124 0.8021653543307087 0.08349705304518663 0.3956692913385827
0 0.07760314341846758 0.46062992125984253 0.0962671905697446 0.36220472440944884
0 0.1055992141453831 0.6072834645669292 0.1168958742632613 0.5255905511811023
0 0.21218074656188604 0.7755905511811023 0.09037328094302555 0.4251968503937008
0 0.37278978388998035 0.6112204724409449 0.12671905697445973 0.5452755905511811
0 0.3192534381139489 0.4281496062992126 0.10805500982318271 0.297244094488189
0 0.41453831041257366 0.38976377952755903 0.09430255402750491 0.2204724409448819
0 0.12819253438113948 0.8110236220472441 0.10510805500982318 0.3425196850393701
0 0.525049115913556 0.5137795275590551 0.08742632612966601 0.468503937007874
0 0.1832023575638507 0.37106299212598426 0.054027504911591355 0.1830708661417323
0 0.7082514734774067 0.7608267716535433 0.16159135559921414 0.47834645669291337