0 0.17069498069498068 0.10482142857142857 0.03894787644787647 0.0986160714285714
0 0.8474903474903475 0.3489583333333333 0.20656370656370657 0.31994047619047616
0 0.7977799227799228 0.296875 0.40444015444015446 0.42410714285714285
0 0.5878378378378378 0.43898809523809523 0.17953667953667954 0.13988095238095238
0 0.6578185328185329 0.29538690476190477 0.2635135135135135 0.4270833333333333
0 0.39333976833976836 0.8236607142857143 0.15444015444015444 0.2931547619047619
0 0.46042471042471045 0.7440476190476191 0.05791505791505792 0.47023809523809523
0 0.18243243243243243 0.7544642857142857 0.28474903474903474 0.49107142857142855
0 0.38658301158301156 0.6324404761904762 0.016891891891891893 0.11755952380952381
0 0.4092664092664093 0.6331845238095238 0.028474903474903474 0.11532738095238096
0 0.4198841698841699 0.5825892857142857 0.023166023166023165 0.08705357142857142
0 0.49613899613899615 0.7797619047619048 0.013030888030888031 0.0900297619047619
0 0.596042471042471 0.7849702380952381 0.023166023166023165 0.10267857142857142