0 0.22704081632653061 0.20423728813559322 0.1683673469387755 0.40847457627118644
0 0.3807397959183674 0.2288135593220339 0.09821428571428571 0.3593220338983051
0 0.3010204081632653 0.20423728813559322 0.12755102040816327 0.40847457627118644
0 0.11033163265306123 0.20423728813559322 0.22066326530612246 0.40847457627118644
0 0.8411989795918368 0.21610169491525424 0.31760204081632654 0.3847457627118644
0 0.5089285714285714 0.20508474576271185 0.15816326530612246 0.4067796610169492
0 0.012755102040816327 0.9194915254237288 0.025510204081632654 0.14745762711864407
0 0.4432397959183674 0.9576271186440678 0.026785714285714284 0.0847457627118644
0 0.7991071428571429 0.9508474576271186 0.03188775510204082 0.09830508474576272
0 0.8864795918367347 0.9466101694915254 0.04336734693877551 0.10677966101694915
0 0.9553571428571429 0.9449152542372882 0.03826530612244898 0.11016949152542373
0 0.6664540816326531 0.9491525423728814 0.026785714285714284 0.1016949152542373
0 0.5809948979591837 0.9542372881355933 0.029336734693877552 0.09152542372881356
0 0.5286989795918368 0.9559322033898305 0.03188775510204082 0.08813559322033898