0 0.2386111111111111 0.38735177865612647 0.22138888888888889 0.38290513833992096
0 0.7711111111111111 0.40464426877470355 0.10805555555555556 0.3483201581027668
0 0.25166666666666665 0.9639328063241107 0.06 0.07213438735177866
0 0.3488888888888889 0.6259881422924901 0.04555555555555556 0.09387351778656126
0 0.2947222222222222 0.6521739130434783 0.04833333333333333 0.14624505928853754
0 0.3036111111111111 0.9145256916996047 0.041666666666666664 0.17094861660079053
0 0.14805555555555555 0.6200592885375494 0.041666666666666664 0.08201581027667984
0 0.4494444444444444 0.6136363636363636 0.044444444444444446 0.0691699604743083
0 0.4066666666666667 0.6111660079051383 0.03888888888888889 0.06422924901185771
0 0.3698611111111111 0.8574604743083004 0.059722222222222225 0.23468379446640317
0 0.45805555555555555 0.8006422924901185 0.058333333333333334 0.22480237154150198
0 0.5205555555555555 0.7272727272727273 0.03888888888888889 0.24703557312252963
0 0.05527777777777778 0.6002964426877471 0.04722222222222222 0.042490118577075096
0 0.019166666666666665 0.6012845849802372 0.03833333333333333 0.044466403162055336
0 0.15597222222222223 0.7524703557312253 0.05416666666666667 0.23221343873517786
0 0.3244444444444444 0.9229249011857708 0.05555555555555555 0.1541501976284585
0 0.8575 0.7307312252964426 0.285 0.2618577075098814