0 0.13890506697728597 0.3051813471502591 0.15841584158415842 0.5088082901554404
0 0.28159580663948747 0.27979274611398963 0.20661036691904486 0.5595854922279793
0 0.48398369248689577 0.3310880829015544 0.21287128712871287 0.4567357512953368
0 0.47015142690739664 0.644559585492228 0.10629004076878276 0.1699481865284974
0 0.5272277227722773 0.6531088082901555 0.056493884682585906 0.13704663212435234
0 0.8967676179382644 0.9790155440414507 0.029411764705882353 0.04196891191709844
0 0.9274898078043099 0.9805699481865285 0.0337798485730926 0.038860103626943004
0 0.9759027373325568 0.9588445595854922 0.027987769365171715 0.07652331606217619
0 0.9772859638905067 0.9707253886010363 0.0425160163075131 0.05854922279792746
0 0.9914094350611532 0.805181347150259 0.01718112987769365 0.10984455958549223
0 0.8899097262667442 0.805378238341969 0.02357309260337793 0.11940414507772011
0 0.6054164239953407 0.8875647668393782 0.0110658124635993 0.11606217616580311
0 0.6051252184041933 0.9487046632124352 0.010483401281304601 0.10259067357512953
0 0.6148806057076296 0.9637305699481865 0.029994175888177054 0.07253886010362694