0 0.1424488567990373 0.2692513368983957 0.14981949458483754 0.4411764705882353
0 0.27737665463297234 0.2449197860962567 0.19554753309265946 0.4898395721925134
0 0.4590854392298436 0.29251336898395724 0.18170878459687123 0.3946524064171123
0 0.6672683513838749 0.2922459893048128 0.1486161251504212 0.38636363636363635
0 0.7685018050541517 0.24572192513368984 0.10800240673886884 0.42967914438502675
0 0.8910950661853189 0.23128342245989306 0.16080024067388687 0.4323529411764706
0 0.375 0.9582887700534759 0.030385078219013237 0.08342245989304813
0 0.40673886883273164 0.9598930481283422 0.03489771359807461 0.08021390374331551
0 0.45675391095066187 0.9174171122994652 0.02891395908543913 0.07897860962566848
0 0.4581829121540313 0.9497326203208556 0.043922984356197355 0.10053475935828877
0 0.5178339350180506 0.8626310160427807 0.027138989169675103 0.16356684491978604
0 0.5373044524669074 0.8401069518716577 0.02527075812274368 0.1518716577540107
0 0.47541817087845967 0.7591604278074867 0.023032490974729362 0.11369518716577547
0 0.3679151624548736 0.7590267379679145 0.024353188929001148 0.12323529411764696
0 0.06576113116726832 0.8440213903743315 0.028032490974729193 0.11983957219251332
0 0.010078219013237064 0.8577540106951872 0.020156438026474127 0.14010695187165775
0 0.06273164861612515 0.9202620320855616 0.03294524669073412 0.13226203208556145
0 0.0773164861612515 0.9425133689839572 0.043922984356197355 0.11497326203208556
0 0.7327015643802648 0.7016042780748664 0.057310469314079425 0.17326203208556148