0 0.13908450704225353 0.2482394366197183 0.1936619718309859 0.3626760563380282
0 0.778755868544601 0.15580985915492956 0.05516431924882629 0.2130281690140845
0 0.4254694835680751 0.653169014084507 0.03755868544600939 0.10915492957746478
0 0.052230046948356805 0.7191901408450704 0.06044600938967136 0.41901408450704225
0 0.01936619718309859 0.6663732394366197 0.03755868544600939 0.29225352112676056
0 0.49119718309859156 0.6936619718309859 0.03697183098591549 0.1795774647887324
0 0.5393192488262911 0.7077464788732394 0.0534037558685446 0.18661971830985916
0 0.568075117370892 0.6549295774647887 0.025821596244131457 0.1311619718309859
0 0.8738262910798122 0.8450704225352113 0.16784037558685447 0.30985915492957744
0 0.9647887323943662 0.8529929577464789 0.07042253521126761 0.29401408450704225
0 0.7147887323943662 0.8565140845070423 0.17136150234741784 0.2869718309859155
0 0.6232394366197183 0.7746478873239436 0.06807511737089202 0.4507042253521127
0 0.8755868544600939 0.6029929577464789 0.0892018779342723 0.18485915492957747
0 0.9342723004694836 0.5237676056338029 0.08685446009389672 0.18838028169014084
0 0.7946009389671361 0.6919014084507042 0.11971830985915492 0.3028169014084507
0 0.6748826291079812 0.6936619718309859 0.12206572769953052 0.34507042253521125
0 0.9360328638497653 0.7077464788732394 0.10446009389671361 0.2746478873239437
0 0.9741784037558685 0.6734154929577465 0.051643192488262914 0.31866197183098594
0 0.8356807511737089 0.522887323943662 0.07276995305164319 0.18661971830985916
0 0.6784037558685446 0.5369718309859155 0.09859154929577464 0.1936619718309859
0 0.7687793427230047 0.5290492957746479 0.06338028169014084 0.198943661971831
0 0.7411971830985915 0.6144366197183099 0.05985915492957746 0.176056338028169