0 0.26022727272727275 0.2758097165991903 0.03465909090909091 0.08350202429149797
0 0.023579545454545454 0.9397773279352226 0.04715909090909091 0.12044534412955465
0 0.08352272727272728 0.5389676113360324 0.05227272727272727 0.11842105263157894
0 0.08238636363636363 0.4984817813765182 0.05568181818181818 0.03744939271255061
0 0.38977272727272727 0.6897773279352226 0.05397727272727273 0.13663967611336034
0 0.09786931818181818 0.687246963562753 0.052556818181818184 0.18724696356275303
0 0.17244318181818183 0.8200910931174089 0.0625 0.2353238866396761
0 0.37130681818181815 0.8453947368421053 0.04261363636363636 0.21002024291497975
0 0.3379261363636364 0.7745445344129555 0.046875 0.24544534412955465
0 0.33508522727272727 0.6404352226720648 0.046875 0.13917004048582995
0 0.23494318181818183 0.7454453441295547 0.04261363636363636 0.1771255060728745
0 0.2754261363636364 0.7327935222672065 0.041193181818181816 0.19736842105263158
0 0.19147727272727272 0.5480769230769231 0.04090909090909091 0.13663967611336034
0 0.23068181818181818 0.5430161943319838 0.03409090909090909 0.12651821862348178
0 0.2616477272727273 0.5506072874493927 0.036931818181818184 0.1417004048582996
0 0.3352272727272727 0.521255060728745 0.04090909090909091 0.08299595141700405
0 0.37073863636363635 0.520242914979757 0.04147727272727273 0.08097165991902834
0 0.8558238636363636 0.777914979757085 0.04978977272727279 0.25837044534412956