0 0.3624141876430206 0.40274949083503053 0.08781464530892448 0.1120162932790224
0 0.7685926773455377 0.39307535641547864 0.07208237986270023 0.6807535641547862
0 0.8564073226544623 0.36863543788187375 0.052917620137299774 0.5926680244399185
0 0.7073798627002288 0.4088594704684318 0.07322654462242563 0.6491853360488798
0 0.6667620137299771 0.4164969450101833 0.05406178489702517 0.6140529531568228
0 0.8149313501144165 0.3910386965376782 0.052917620137299774 0.6257637474541752
0 0.4030320366132723 0.9480651731160896 0.02345537757437071 0.10386965376782077
0 0.43049199084668194 0.9511201629327902 0.02688787185354691 0.09775967413441955
0 0.5683638443935927 0.9541751527494908 0.05205949656750572 0.09164969450101833
0 0.528604118993135 0.9501018329938901 0.02288329519450801 0.09979633401221996
0 0.6044050343249427 0.9470468431771895 0.031464530892448515 0.10590631364562118
0 0.9585240274599542 0.905295315682281 0.05635011441647597 0.08961303462321792
0 0.7305491990846682 0.9215885947046843 0.18192219679633867 0.15682281059063136