0 0.7482174688057041 0.49682539682539684 0.16666666666666666 0.12380952380952381
0 0.4532085561497326 0.8476190476190476 0.07219251336898395 0.3047619047619048
0 0.32219251336898397 0.8468253968253968 0.08645276292335116 0.30634920634920637
0 0.18983957219251338 0.8476190476190476 0.08377896613190731 0.3047619047619048
0 0.3894830659536542 0.8476190476190476 0.0873440285204991 0.3047619047619048
0 0.2535650623885918 0.8595238095238096 0.07397504456327986 0.28095238095238095
0 0.32976827094474154 0.6857142857142857 0.06951871657754011 0.2126984126984127
0 0.2624777183600713 0.6865079365079365 0.07397504456327986 0.2396825396825397
0 0.053475935828877004 0.8515873015873016 0.0784313725490196 0.2968253968253968
0 0.11809269162210338 0.8507936507936508 0.07397504456327986 0.2984126984126984
0 0.20276292335115864 0.6817460317460318 0.07575757575757576 0.23333333333333334
0 0.3917112299465241 0.6801587301587302 0.06327985739750445 0.1984126984126984
0 0.1394830659536542 0.7031746031746032 0.06327985739750445 0.24761904761904763
0 0.4496434937611408 0.7111111111111111 0.07932263814616755 0.23174603174603176
0 0.07442067736185383 0.6849206349206349 0.07754010695187166 0.2523809523809524
0 0.8467023172905526 0.7682539682539683 0.1800356506238859 0.35714285714285715