0 0.9440217391304347 0.5241779497098646 0.06630434782608696 0.13152804642166344
0 0.8665760869565218 0.5507736943907157 0.06902173913043479 0.07833655705996131
0 0.7131793478260869 0.41779497098646035 0.06385869565217392 0.23210831721470018
0 0.6301630434782609 0.5024177949709865 0.05271739130434783 0.17504835589941972
0 0.8421195652173913 0.09284332688588008 0.050543478260869565 0.18568665377176016
0 0.7551630434782609 0.08317214700193423 0.05597826086956522 0.16634429400386846
0 0.721195652173913 0.07108317214700194 0.042391304347826085 0.14216634429400388
0 0.5241847826086956 0.03239845261121857 0.03967391304347826 0.06479690522243714
0 0.4842391304347826 0.043036750483559 0.043478260869565216 0.086073500967118
0 0.4440217391304348 0.029980657640232108 0.02826086956521739 0.059961315280464215
0 0.42527173913043476 0.655705996131528 0.008967391304347826 0.04642166344294004
0 0.6915760869565217 0.8322050290135397 0.23967391304347826 0.3351063829787234