0 0.06370967741935483 0.3030592734225621 0.12741935483870967 0.3193116634799235
0 0.16559139784946236 0.3188336520076482 0.08494623655913978 0.34130019120458893
0 0.23978494623655913 0.2901529636711281 0.1 0.3986615678776291
0 0.8504032258064517 0.13957934990439771 0.04973118279569892 0.2198852772466539
0 0.8772849462365592 0.257887189292543 0.05510752688172043 0.24139579349904397
0 0.4577956989247312 0.39435946462715105 0.0521505376344086 0.19024856596558318
0 0.5814516129032258 0.02676864244741874 0.0553763440860215 0.05353728489483748
0 0.5365591397849462 0.2674474187380497 0.051075268817204304 0.23661567877629064
0 0.8026881720430108 0.46367112810707456 0.07526881720430108 0.05162523900573614
0 0.5908602150537634 0.4268642447418738 0.06881720430107527 0.12523900573613767
0 0.6884408602150538 0.4588910133843212 0.07258064516129033 0.06118546845124283
0 0.6891129032258064 0.3654397705544933 0.06586021505376344 0.23183556405353728
0 0.8467741935483871 0.7609942638623327 0.09032258064516129 0.31453154875717015
0 0.6763440860215054 0.7872848948374761 0.12365591397849462 0.39101338432122373
0 0.5223118279569893 0.7901529636711281 0.09489247311827957 0.37093690248565964
0 0.5016129032258064 0.7413957934990439 0.0868279569892473 0.3350860420650096