0 0.8502631578947368 0.03745318352059925 0.05 0.0749063670411985
0 0.8023684210526316 0.10159176029962547 0.04368421052631579 0.20318352059925093
0 0.7997368421052632 0.0149812734082397 0.04368421052631579 0.0299625468164794
0 0.8538157894736842 0.15683520599250936 0.046052631578947366 0.19194756554307116
0 0.845 0.3904494382022472 0.039473684210526314 0.07865168539325842
0 0.7773684210526316 0.36235955056179775 0.05157894736842105 0.1348314606741573
0 0.6984210526315789 0.3352059925093633 0.05368421052631579 0.1891385767790262
0 0.6586842105263158 0.19850187265917604 0.017368421052631578 0.2247191011235955
0 0.9863157894736843 0.10299625468164794 0.02736842105263158 0.17790262172284643
0 0.9876315789473684 0.25608614232209737 0.024736842105263158 0.21816479400749064
0 0.7071052631578948 0.09480337078651685 0.042105263157894736 0.17088014981273408
0 0.7478947368421053 0.08754681647940075 0.03684210526315789 0.1750936329588015
0 0.21052631578947367 0.7148876404494382 0.42105263157894735 0.5702247191011236
0 0.5321052631578947 0.7303370786516854 0.23289473684210527 0.5393258426966292
0 0.7731578947368422 0.7701310861423221 0.07789473684210527 0.4597378277153558
0 0.8855263157894737 0.8080524344569289 0.08157894736842106 0.3838951310861423
0 0.8289473684210527 0.825374531835206 0.046052631578947366 0.34925093632958804