0 0.7141304347826087 0.29061895551257255 0.16168478260869565 0.41634429400386846
0 0.2644021739130435 0.9303675048355899 0.07038043478260869 0.12524177949709864
0 0.7918478260869565 0.594294003868472 0.051630434782608696 0.13056092843326886
0 0.7422554347826087 0.6752901353965184 0.04483695652173913 0.23452611218568664
0 0.7394021739130435 0.5565764023210832 0.045108695652173916 0.11315280464216634
0 0.9459239130434782 0.5251450676982592 0.03641304347826087 0.05029013539651837
0 0.7952445652173913 0.7441972920696325 0.04755434782608696 0.19825918762088976
0 0.7861413043478261 0.9724371373307543 0.04076086956521739 0.0551257253384913
0 0.9902173913043478 0.558027079303675 0.01956521739130435 0.11605415860735009
0 0.9664402173913044 0.6160541586073501 0.036684782608695655 0.17408123791102514
0 0.9385869565217392 0.688588007736944 0.04076086956521739 0.18375241779497098
0 0.64375 0.6801257253384912 0.043478260869565216 0.1764990328820116
0 0.6858695652173913 0.6668278529980658 0.03804347826086957 0.19342359767891681
0 0.6008152173913044 0.5299806576402321 0.045108695652173916 0.059961315280464215
0 0.6361413043478261 0.5241779497098646 0.04184782608695652 0.048355899419729204
0 0.6660326086956522 0.531431334622824 0.03967391304347826 0.06286266924564797
0 0.9173913043478261 0.5275628626692457 0.03695652173913044 0.0551257253384913
0 0.9311141304347826 0.8699226305609284 0.05298913043478261 0.22727272727272727
0 0.5554347826086956 0.8805609284332688 0.051086956521739134 0.23887814313346228
0 0.628804347826087 0.8771760154738878 0.059782608695652176 0.21760154738878143
0 0.7203804347826087 0.910541586073501 0.058152173913043476 0.17891682785299806