0 0.6858974358974359 0.24066390041493776 0.03583916083916084 0.07105809128630705
0 0.8904428904428905 0.2821576763485477 0.11188811188811189 0.22562240663900415
0 0.942016317016317 0.29149377593361 0.06963869463869464 0.1654564315352697
0 0.3613053613053613 0.9144190871369294 0.05244755244755245 0.17116182572614108
0 0.2980769230769231 0.475103734439834 0.05419580419580419 0.13070539419087138
0 0.29953379953379955 0.4336099585062241 0.05710955710955711 0.04771784232365145
0 0.005827505827505828 0.6343360995850622 0.011655011655011656 0.1400414937759336
0 0.037441724941724944 0.7212136929460581 0.04807692307692308 0.25155601659751037
0 0.040355477855477856 0.5837655601659751 0.04807692307692308 0.14263485477178423
0 0.04020979020979021 0.45695020746887965 0.04195804195804196 0.09439834024896265
0 0.01252913752913753 0.4559128630705394 0.02505827505827506 0.09232365145228216
0 0.4997086247086247 0.4507261410788382 0.03787878787878788 0.08195020746887967
0 0.46284965034965037 0.6395228215767634 0.04807692307692308 0.16597510373443983
0 0.4562937062937063 0.48651452282157676 0.03787878787878788 0.12966804979253113
0 0.06497668997668998 0.9740663900414938 0.05652680652680653 0.05186721991701245
0 0.15238927738927738 0.9439834024896265 0.060023310023310024 0.11203319502074689
0 0.21518065268065267 0.841804979253112 0.056818181818181816 0.24896265560165975
0 0.3317307692307692 0.6096991701244814 0.04807692307692308 0.18931535269709543
0 0.14306526806526806 0.7264004149377593 0.046620046620046623 0.18931535269709543
0 0.0979020979020979 0.7121369294605809 0.04079254079254079 0.2074688796680498
0 0.18356643356643357 0.43516597510373445 0.03496503496503497 0.0508298755186722
0 0.18895687645687645 0.5059647302904564 0.04807692307692308 0.1841286307053942
0 0.15384615384615385 0.42738589211618255 0.039627039627039624 0.035269709543568464
0 0.15093240093240093 0.4974066390041494 0.045454545454545456 0.17531120331950206
0 0.11902680652680653 0.5059647302904564 0.04224941724941725 0.18931535269709543
0 0.43502331002331 0.4610995850622407 0.033216783216783216 0.10269709543568464
0 0.4597902097902098 0.45176348547717843 0.0337995337995338 0.08402489626556017
0 0.5241841491841492 0.6006224066390041 0.011072261072261072 0.17634854771784234
0 0.9635780885780886 0.7889004149377593 0.07284382284382285 0.4221991701244813
0 0.9344405594405595 0.5212655601659751 0.13111888111888112 0.21058091286307054