0 0.28524590163934427 0.1533980582524272 0.4491803278688525 0.27184466019417475
0 0.8770491803278688 0.2111650485436893 0.06475409836065574 0.1558252427184466
0 0.7898907103825137 0.16893203883495145 0.026775956284153007 0.07135922330097087
0 0.6961748633879782 0.1849514563106796 0.02896174863387978 0.07524271844660194
0 0.28688524590163933 0.3063106796116505 0.04371584699453552 0.03398058252427184
0 0.34795081967213115 0.7242718446601941 0.050546448087431695 0.22330097087378642
0 0.3752732240437158 0.8444174757281553 0.056010928961748634 0.24514563106796117
0 0.07472677595628416 0.5361650485436893 0.056010928961748634 0.20145631067961164
0 0.04057377049180328 0.5094660194174757 0.04234972677595628 0.20631067961165048
0 0.045081967213114756 0.36456310679611653 0.05191256830601093 0.15048543689320387
0 0.06693989071038252 0.3490291262135922 0.03551912568306011 0.11941747572815534
0 0.1005464480874317 0.35388349514563106 0.03934426229508197 0.129126213592233
0 0.004918032786885246 0.429126213592233 0.009836065573770493 0.10485436893203884
0 0.1866120218579235 0.3572815533980582 0.053005464480874315 0.13592233009708737
0 0.4934426229508197 0.5092233009708738 0.03278688524590164 0.1970873786407767
0 0.4967213114754098 0.33058252427184465 0.02622950819672131 0.0825242718446602
0 0.489344262295082 0.36941747572815536 0.040983606557377046 0.16019417475728157
0 0.4849726775956284 0.3111650485436893 0.03551912568306011 0.043689320388349516
0 0.44972677595628413 0.31359223300970873 0.03278688524590164 0.04854368932038835
0 0.3901639344262295 0.3150485436893204 0.04262295081967213 0.05145631067961165
0 0.19221311475409836 0.5179611650485437 0.05874316939890711 0.20388349514563106
0 0.18060109289617488 0.9446601941747573 0.07377049180327869 0.11067961165048544
0 0.02896174863387978 0.8541262135922331 0.05191256830601093 0.24029126213592233