0 0.04543010752688172 0.3475143403441683 0.043548387096774194 0.34321223709369025
0 0.08010752688172043 0.3231357552581262 0.04139784946236559 0.39149139579349906
0 0.11720430107526882 0.29923518164435947 0.04086021505376344 0.2595602294455067
0 0.1532258064516129 0.2710325047801147 0.04032258064516129 0.31835564053537285
0 0.7365591397849462 0.2853728489483748 0.18548387096774194 0.09177820267686425
0 0.7091397849462365 0.29684512428298276 0.0532258064516129 0.06022944550669216
0 0.5793010752688172 0.2911089866156788 0.08064516129032258 0.08604206500956023
0 0.46478494623655914 0.34847036328871894 0.12258064516129032 0.24091778202676864
0 0.9717741935483871 0.3604206500956023 0.056451612903225805 0.12189292543021032
0 0.9564516129032258 0.2939770554493308 0.08709677419354839 0.10038240917782026
0 0.8733870967741936 0.3881453154875717 0.17903225806451614 0.24521988527724664
0 0.058198924731182794 0.8403441682600382 0.05779569892473118 0.2198852772466539
0 0.1086021505376344 0.7447418738049714 0.04032258064516129 0.2198852772466539
0 0.1736559139784946 0.625717017208413 0.05806451612903226 0.21319311663479923