0 0.16898395721925133 0.8098859315589354 0.11764705882352941 0.26806083650190116
0 0.35401069518716577 0.7390684410646388 0.1144385026737968 0.4049429657794677
0 0.2823529411764706 0.845532319391635 0.12941176470588237 0.30893536121673004
0 0.256951871657754 0.6920152091254753 0.10614973262032086 0.2585551330798479
0 0.6088235294117647 0.9653041825095057 0.06256684491978609 0.06939163498098859
0 0.9772727272727273 0.9424904942965779 0.045454545454545456 0.1150190114068441
0 0.5675133689839572 0.6989068441064639 0.05481283422459893 0.19724334600760457
0 0.6009358288770054 0.6727661596958175 0.04144385026737968 0.20199619771863117
0 0.5962566844919787 0.5242395437262357 0.05080213903743316 0.16159695817490494
0 0.5745989304812834 0.5066539923954373 0.034759358288770054 0.13498098859315588
0 0.5419786096256685 0.5114068441064639 0.039037433155080216 0.1444866920152091
0 0.6490641711229946 0.5943441064638784 0.03609625668449198 0.10218631178707224
0 0.7312834224598931 0.5575095057034221 0.0427807486631016 0.16159695817490494
0 0.7947860962566845 0.6109790874524715 0.03877005347593583 0.17347908745247148
0 0.7840909090909091 0.5622623574144486 0.03877005347593583 0.17110266159695817
0 0.8342245989304813 0.6288022813688213 0.0427807486631016 0.1806083650190114
0 0.8776737967914439 0.5979087452471483 0.03609625668449198 0.19011406844106463
0 0.7483957219251337 0.48859315589353614 0.040106951871657755 0.09885931558935361
0 0.7893048128342246 0.4828897338403042 0.03636363636363636 0.08745247148288973
0 0.8205882352941176 0.4909695817490494 0.034759358288770054 0.10361216730038023
0 0.8526737967914438 0.5004752851711026 0.034759358288770054 0.12262357414448669
0 0.8855614973262033 0.5066539923954373 0.04171122994652406 0.13498098859315588
0 0.7981283422459893 0.4600760456273764 0.034759358288770054 0.04182509505703422