0 0.8991841491841492 0.12027833001988071 0.17715617715617715 0.1466202783300199
0 0.9796037296037297 0.13220675944333996 0.040501165501165504 0.1426441351888668
0 0.7840909090909091 0.15308151093439365 0.13228438228438227 0.14214711729622267
0 0.6634615384615384 0.16153081510934394 0.1585081585081585 0.16699801192842942
0 0.7983682983682984 0.23359840954274355 0.125 0.1242544731610338
0 0.9227855477855478 0.2345924453280318 0.15413752913752915 0.20178926441351888
0 0.9414335664335665 0.2599403578528827 0.11713286713286714 0.11928429423459244
0 0.6891025641025641 0.2624254473161034 0.1215034965034965 0.1794234592445328
0 0.46532634032634035 0.29174950298210733 0.11101398601398602 0.3290258449304175
0 0.5087412587412588 0.3548707753479125 0.15938228438228438 0.37922465208747513
0 0.5964452214452215 0.39363817097415504 0.2395104895104895 0.3071570576540755
0 0.8117715617715617 0.40407554671968193 0.24766899766899766 0.28479125248508946
0 0.9000582750582751 0.43190854870775347 0.1998834498834499 0.23161033797216699
0 0.29760489510489513 0.7211928429423459 0.008770396270396243 0.03903578528827036
0 0.27679487179487183 0.7331908548707753 0.013170163170163117 0.057504970178926466
0 0.8546037296037297 0.6013916500994035 0.05419580419580419 0.10337972166998012
0 0.8837412587412588 0.6684890656063618 0.060023310023310024 0.23757455268389663
0 0.43356643356643354 0.8205765407554672 0.047785547785547784 0.23161033797216699
0 0.5142773892773893 0.6719681908548708 0.05536130536130536 0.24453280318091453
0 0.803030303030303 0.9244532803180915 0.08158508158508158 0.15109343936381708
0 0.6777389277389277 0.8195825049701789 0.06993006993006994 0.268389662027833
0 0.6934731934731935 0.9319085487077535 0.07575757575757576 0.13618290258449303
0 0.5734265734265734 0.8861829025844931 0.07459207459207459 0.2276341948310139