0 0.45717391304347826 0.29985507246376814 0.11228260869565218 0.29985507246376814
0 0.36771739130434783 0.2792753623188406 0.10641304347826087 0.34101449275362317
0 0.2725 0.25333333333333335 0.10521739130434783 0.21884057971014492
0 0.17945652173913043 0.22971014492753622 0.10402173913043478 0.2684057971014493
0 0.9331521739130435 0.3184057971014493 0.06608695652173913 0.21304347826086956
0 0.8755434782608695 0.31565217391304345 0.07456521739130435 0.21405797101449275
0 0.8277173913043478 0.31130434782608696 0.06521739130434782 0.20101449275362318
0 0.7828260869565218 0.31507246376811593 0.060108695652173916 0.20217391304347826
0 0.720108695652174 0.3146376811594203 0.07032608695652173 0.19884057971014493
0 0.663804347826087 0.3146376811594203 0.06771739130434783 0.19666666666666666
0 0.1398913043478261 0.9257971014492754 0.025869565217391303 0.09130434782608696
0 0.06173913043478261 0.8053623188405797 0.016739130434782607 0.08028985507246376
0 0.3868478260869565 0.6989855072463768 0.011739130434782608 0.04115942028985507
0 0.3709782608695652 0.7005797101449275 0.021739130434782608 0.03797101449275362
0 0.12608695652173912 0.5217391304347826 0.013478260869565217 0.043478260869565216
0 0.6717391304347826 0.8568115942028985 0.0667391304347826 0.18072463768115943
0 0.8415217391304348 0.8520289855072464 0.06076086956521739 0.15130434782608695
0 0.8953260869565217 0.8542028985507246 0.05347826086956522 0.14101449275362318
0 0.76 0.8563768115942029 0.050869565217391305 0.1279710144927536
0 0.5994565217391304 0.8469565217391304 0.03891304347826087 0.20072463768115942
0 0.9521739130434783 0.8542028985507246 0.0575 0.12115942028985507