0 0.7784946236559139 0.3011472275334608 0.22231182795698926 0.4555449330783939
0 0.2647849462365591 0.7997131931166348 0.5295698924731183 0.4005736137667304
0 0.46263440860215055 0.8589866156787763 0.1338709677419355 0.2820267686424474
0 0.8793010752688172 0.9445506692160612 0.05 0.11089866156787763
0 0.6966397849462366 0.8341300191204589 0.04973118279569892 0.1959847036328872
0 0.6106182795698925 0.8138145315487572 0.05510752688172043 0.19837476099426385
0 0.5770161290322581 0.7875239005736138 0.041666666666666664 0.2031548757170172
0 0.5814516129032258 0.6591778202676865 0.051075268817204304 0.11950286806883365
0 0.6029569892473118 0.6438814531548758 0.03494623655913978 0.08891013384321224
0 0.636021505376344 0.6486615678776291 0.03870967741935484 0.09847036328871893
0 0.7080645161290322 0.640057361376673 0.043010752688172046 0.08126195028680688
0 0.5381720430107527 0.7084130019120459 0.017204301075268817 0.10325047801147227