0 0.9866847826086956 0.43036750483558994 0.026630434782608695 0.11798839458413926
0 0.938858695652174 0.05125725338491296 0.050543478260869565 0.10251450676982592
0 0.9402173913043478 0.012572533849129593 0.05326086956521739 0.025145067698259187
0 0.6461956521739131 0.19003868471953578 0.051630434782608696 0.13056092843326886
0 0.6957880434782608 0.2710348162475822 0.04483695652173913 0.23452611218568664
0 0.6985054347826087 0.14289168278529982 0.04483695652173913 0.13297872340425532
0 0.4919836956521739 0.07640232108317214 0.036684782608695655 0.1402321083172147
0 0.6983695652173914 0.03433268858800774 0.0391304347826087 0.06866537717601548
0 0.6644021739130435 0.033365570599613155 0.03967391304347826 0.06673114119922631
0 0.6427989130434782 0.33994197292069633 0.04755434782608696 0.19825918762088976
0 0.9702445652173913 0.1670696324951644 0.04483695652173913 0.1764990328820116
0 0.4434782608695652 0.12717601547388782 0.02717391304347826 0.16924564796905223
0 0.4716032608695652 0.21179883945841393 0.036684782608695655 0.17408123791102514
0 0.4994565217391304 0.28433268858800775 0.04076086956521739 0.18375241779497098
0 0.7942934782608696 0.2758704061895551 0.043478260869565216 0.1764990328820116
0 0.7521739130434782 0.2625725338491296 0.03804347826086957 0.19342359767891681
0 0.8369565217391305 0.07785299806576403 0.04456521739130435 0.15570599613152805
0 0.8016304347826086 0.07205029013539652 0.042391304347826085 0.14410058027079303
0 0.7717391304347826 0.07930367504835589 0.0391304347826087 0.15860735009671179
0 0.5203804347826086 0.07543520309477757 0.03641304347826087 0.15087040618955513
0 0.4638586956521739 0.018858800773694392 0.029891304347826088 0.037717601547388784
0 0.8024456521739131 0.4458413926499033 0.057065217391304345 0.08704061895551257
0 0.8695652173913043 0.4047388781431335 0.05 0.16924564796905223
0 0.5067934782608695 0.4206963249516441 0.05271739130434783 0.13733075435203096
0 0.8478260869565217 0.035783365570599614 0.03695652173913044 0.07156673114119923
0 0.5266304347826087 0.014990328820116054 0.03260869565217391 0.029980657640232108
0 0.866304347826087 0.7509671179883946 0.26711956521739133 0.3979690522243714
0 0.6125 0.761605415860735 0.23858695652173914 0.33365570599613154
0 0.9904891304347826 0.7161508704061895 0.019021739130434784 0.12572533849129594
0 0.8877717391304348 0.6774661508704062 0.059510869565217395 0.059961315280464215
0 0.4668478260869565 0.6832688588007737 0.04782608695652174 0.0913926499032882