0 0.40653935185185186 0.2803497942386831 0.2566550925925926 0.31790123456790126
0 0.33998842592592593 0.28497942386831276 0.1267361111111111 0.30864197530864196
0 0.9438657407407407 0.29372427983539096 0.11226851851851852 0.2911522633744856
0 0.8854166666666666 0.27109053497942387 0.07407407407407407 0.33641975308641975
0 0.8220486111111112 0.2844650205761317 0.07899305555555555 0.3096707818930041
0 0.7800925925925926 0.2705761316872428 0.06018518518518518 0.3374485596707819
0 0.9415509259259259 0.14814814814814814 0.02459490740740741 0.033950617283950615
0 0.5681423611111112 0.6790123456790124 0.053530092592592594 0.2366255144032922
0 0.5970775462962963 0.8063271604938271 0.05931712962962963 0.25977366255144035
0 0.14554398148148148 0.9254115226337448 0.05613425925925926 0.14917695473251028
0 0.2786458333333333 0.5128600823045267 0.05960648148148148 0.147119341563786
0 0.24247685185185186 0.5 0.04513888888888889 0.12139917695473251
0 0.23032407407407407 0.8166152263374485 0.05497685185185185 0.25462962962962965
0 0.021122685185185185 0.4948559670781893 0.04224537037037037 0.1111111111111111
0 0.7352430555555556 0.5154320987654321 0.029513888888888888 0.1522633744855967
0 0.28877314814814814 0.9603909465020576 0.07407407407407407 0.07921810699588477
0 0.44994212962962965 0.48302469135802467 0.04918981481481482 0.0874485596707819
0 0.39438657407407407 0.8986625514403292 0.07118055555555555 0.20267489711934156