0 0.47349726775956286 0.019417475728155338 0.027868852459016394 0.038834951456310676
0 0.5109289617486339 0.015533980582524271 0.03825136612021858 0.031067961165048542
0 0.573224043715847 0.02766990291262136 0.04371584699453552 0.05533980582524272
0 0.5127049180327868 0.4563106796116505 0.050546448087431695 0.22330097087378642
0 0.48633879781420764 0.5116504854368932 0.053551912568306013 0.11650485436893204
0 0.8281420765027322 0.5373786407766991 0.06393442622950819 0.06504854368932039
0 0.6984972677595629 0.28883495145631066 0.050546448087431695 0.19902912621359223
0 0.7859289617486339 0.2682038834951456 0.056010928961748634 0.20145631067961164
0 0.8200819672131148 0.24150485436893204 0.04234972677595628 0.20631067961165048
0 0.8153005464480875 0.08980582524271845 0.05191256830601093 0.1650485436893204
0 0.7931693989071038 0.0703883495145631 0.03551912568306011 0.1407766990291262
0 0.7598360655737705 0.07524271844660194 0.03989071038251366 0.15048543689320387
0 0.6868852459016394 0.06650485436893204 0.04371584699453552 0.13300970873786408
0 0.8692622950819672 0.16140776699029127 0.036885245901639344 0.10436893203883495
0 0.9532786885245902 0.12378640776699029 0.04371584699453552 0.1650485436893204
0 0.9937158469945355 0.12815533980582525 0.012568306010928962 0.17475728155339806
0 0.9707650273224043 0.051941747572815535 0.040983606557377046 0.10388349514563107
0 0.21639344262295082 0.8616504854368932 0.11775956284153005 0.2766990291262136
0 0.12404371584699453 0.8228155339805825 0.12459016393442623 0.35388349514563106
0 0.3800546448087432 0.862621359223301 0.15027322404371585 0.27475728155339807
0 0.5644808743169399 0.8155339805825242 0.19644808743169398 0.36844660194174755
0 0.909016393442623 0.8024271844660195 0.1819672131147541 0.3932038834951456
0 0.7297814207650273 0.8004854368932038 0.13852459016393442 0.39854368932038836