0 0.4527511961722488 0.40106382978723404 0.05382775119617225 0.13617021276595745
0 0.5182416267942583 0.018617021276595744 0.05562200956937799 0.03723404255319149
0 0.840311004784689 0.13351063829787235 0.056818181818181816 0.14361702127659576
0 0.7857356459330144 0.2226063829787234 0.049342105263157895 0.2579787234042553
0 0.7827452153110048 0.08164893617021277 0.049342105263157895 0.14627659574468085
0 0.9949162679425837 0.0425531914893617 0.010167464114832535 0.0851063829787234
0 0.3491327751196172 0.13882978723404255 0.049342105263157895 0.1702127659574468
0 0.35616028708133973 0.023936170212765957 0.038875598086124404 0.047872340425531915
0 0.844049043062201 0.29840425531914894 0.05233253588516747 0.21808510638297873
0 0.6674641148325359 0.43138297872340425 0.061004784688995214 0.07553191489361702
0 0.6031698564593302 0.34361702127659577 0.05801435406698564 0.251063829787234
0 0.48370215311004783 0.10824468085106383 0.049342105263157895 0.19414893617021275
0 0.9895334928229665 0.2372340425531915 0.020933014354066987 0.20212765957446807
0 0.9910287081339713 0.3781914893617021 0.017942583732057416 0.1819148936170213
0 0.6773325358851675 0.22792553191489362 0.04784688995215311 0.19414893617021275
0 0.7236842105263158 0.21329787234042552 0.041866028708133975 0.2127659574468085
0 0.6303827751196173 0.047872340425531915 0.04904306220095694 0.09574468085106383
0 0.6692583732057417 0.04148936170212766 0.04665071770334928 0.08297872340425531
0 0.7021531100478469 0.04946808510638298 0.0430622009569378 0.09893617021276596
0 0.23624401913875598 0.02925531914893617 0.041866028708133975 0.05851063829787234
0 0.26689593301435405 0.09893617021276596 0.049342105263157895 0.18085106382978725
0 0.21710526315789475 0.09202127659574467 0.034688995215311005 0.18404255319148935
0 0.978767942583732 0.04521276595744681 0.04007177033492823 0.09042553191489362
0 0.2069377990430622 0.2 0.014354066985645933 0.2127659574468085
0 0.6211124401913876 0.7281914893617021 0.27093301435406697 0.4526595744680851