0 0.8945330830595964 0.025657071339173967 0.017832003754106054 0.05131414267834793
0 0.8653214453308306 0.03848560700876095 0.02029563585171281 0.04458698372966208
0 0.8661426560300328 0.019086357947434292 0.01994368840919756 0.038172715894868585
0 0.8937118723603942 0.21433041301627034 0.02346316283435007 0.08557571964956195
0 0.9063819802909432 0.26032540675844806 0.026044110746128578 0.09402377972465582
0 0.7080009385265134 0.3199311639549437 0.024753636790239324 0.08651439299123904
0 0.7665415297982168 0.1422090112640801 0.026044110746128578 0.07712765957446809
0 0.7505865790708588 0.1320400500625782 0.019709056780854058 0.07900500625782228
0 0.752815579540122 0.07384230287859825 0.02416705771938057 0.06320400500625782
0 0.7630220553730643 0.059918648310387984 0.0165415297982168 0.06695869837296621
0 0.7786250586579071 0.06680225281602002 0.018418582824964804 0.060387984981226536
0 0.7277099953073675 0.10122027534418022 0.01712810886907555 0.04005006257822278
0 0.818629751290474 0.06320400500625782 0.024753636790239324 0.07352941176470588
0 0.9977709995307368 0.11076345431789737 0.004458000938526514 0.06695869837296621
0 0.991083998122947 0.10919899874843554 0.017832003754106054 0.07259073842302878
0 0.9778273111215392 0.13250938673341678 0.015251055842327546 0.0688360450563204
0 0.9645706241201314 0.1320400500625782 0.021586109807602064 0.07540675844806008
0 0.9778273111215392 0.09996871088861076 0.012670107930549039 0.04098873591989988
0 0.9791177850774284 0.04411764705882353 0.013960581886438292 0.06695869837296621
0 0.9660957297043642 0.045525657071339175 0.018418582824964804 0.0678973717146433
0 0.9597606757390896 0.07665832290362953 0.019709056780854058 0.06508135168961202
0 0.9575316752698264 0.03379224030037547 0.0165415297982168 0.06132665832290363
0 0.9409901454716095 0.0398936170212766 0.015251055842327546 0.053035043804755946
0 0.9134209291412483 0.03754693366708386 0.019709056780854058 0.05960575719649562
0 0.8600422336931018 0.3379224030037547 0.0330830595964336 0.06382978723404255
0 0.8212106992022524 0.13532540675844806 0.02733458470201783 0.07806633291614518
0 0.7929375879868606 0.34918648310387984 0.02674800563115908 0.04130162703379224
0 0.815814171750352 0.32368585732165206 0.03437353355232285 0.0923028785982478
0 0.8379868606288128 0.36279724655819773 0.027921163772876584 0.014080100125156446
0 0.9936649460347254 0.2057259073842303 0.012670107930549039 0.09308510638297872
0 0.7451900516189582 0.2640801001251564 0.02416705771938057 0.09214643304130163
0 0.5777803847958705 0.22496871088861076 0.028625058657907085 0.09026908635794743
0 0.6514547160957297 0.13016270337922403 0.022290004692632568 0.07540675844806008
0 0.6823087752229 0.0714956195244055 0.019122477709995308 0.0660200250312891
0 0.6620131393711872 0.08776595744680851 0.017832003754106054 0.0688360450563204
0 0.6674096668230878 0.07008760951188986 0.01337400281557954 0.06132665832290363
0 0.6330361332707649 0.08823529411764706 0.01712810886907555 0.0678973717146433
0 0.6196621304551854 0.07665832290362953 0.014664476771468794 0.0688360450563204
0 0.6333880807132801 0.05428660826032541 0.0165415297982168 0.053973717146433044
0 0.6543876114500234 0.059918648310387984 0.0165415297982168 0.06132665832290363
0 0.6750351947442516 0.027377972465581976 0.018418582824964804 0.04098873591989988
0 0.661191928671985 0.016896120150187734 0.0165415297982168 0.03379224030037547
0 0.6453542937587987 0.019712140175219023 0.02029563585171281 0.039424280350438046
0 0.410722665415298 0.7939612015018773 0.07050680431722196 0.3243116395494368
0 0.4782965743782262 0.803035043804756 0.05736743312998592 0.35716520650813516
0 0.8816283435007038 0.97950563204005 0.06311590802440169 0.04098873591989988
0 0.65884561238855 0.40081351689612016 0.02698263725950258 0.03848560700876095