0 0.7065404475043029 0.029715762273901807 0.04647160068846816 0.059431524547803614
0 0.7921686746987951 0.0710594315245478 0.06626506024096386 0.1421188630490956
0 0.9784853700516352 0.09366925064599484 0.043029259896729774 0.18733850129198967
0 0.6639414802065404 0.10142118863049096 0.08175559380378658 0.20284237726098192
0 0.5981067125645438 0.1124031007751938 0.06884681583476764 0.2248062015503876
0 0.7401032702237521 0.11434108527131782 0.06884681583476764 0.22868217054263565
0 0.8537005163511188 0.12919896640826872 0.07228915662650602 0.25839793281653745
0 0.4789156626506024 0.1421188630490956 0.05938037865748709 0.2842377260981912
0 0.9117900172117039 0.15051679586563307 0.10240963855421686 0.30103359173126615
0 0.5370051635111877 0.1285529715762274 0.09466437177280551 0.2571059431524548
0 0.2504302925989673 0.7629198966408268 0.39759036144578314 0.47416020671834624
0 0.2908777969018933 0.8636950904392765 0.2964716006884682 0.12919896640826872
0 0.6699655765920827 0.6957364341085271 0.20524956970740102 0.17248062015503876
0 0.6067125645438899 0.8236434108527132 0.3145438898450947 0.21511627906976744
0 0.7228915662650602 0.8611111111111112 0.5163511187607573 0.2777777777777778
0 0.7775387263339071 0.6130490956072352 0.05120481927710843 0.053617571059431525