0 0.10755208333333334 0.25046296296296294 0.06015625 0.18611111111111112
0 0.4078125 0.19953703703703704 0.20390625 0.39861111111111114
0 0.796875 0.06435185185185185 0.04791666666666667 0.1287037037037037
0 0.7709635416666667 0.13680555555555557 0.053385416666666664 0.2337962962962963
0 0.8119791666666667 0.38564814814814813 0.057291666666666664 0.028703703703703703
0 0.9729166666666667 0.3592592592592593 0.05416666666666667 0.08148148148148149
0 0.9526041666666667 0.31157407407407406 0.06770833333333333 0.17685185185185184
0 0.52734375 0.0412037037037037 0.034895833333333334 0.0824074074074074
0 0.6041666666666666 0.04583333333333333 0.051041666666666666 0.09166666666666666
0 0.5763020833333333 0.03194444444444444 0.044270833333333336 0.06388888888888888
0 0.8651041666666667 0.32546296296296295 0.06770833333333333 0.14907407407407408
0 0.013541666666666667 0.5527777777777778 0.027083333333333334 0.21296296296296297
0 0.0234375 0.950925925925926 0.046875 0.09814814814814815
0 0.3834635416666667 0.8155092592592592 0.05078125 0.2152777777777778
0 0.2635416666666667 0.43472222222222223 0.053125 0.06944444444444445
0 0.29609375 0.42314814814814816 0.04010416666666667 0.046296296296296294
0 0.2936197916666667 0.6962962962962963 0.05078125 0.23148148148148148
0 0.18203125 0.924537037037037 0.059895833333333336 0.15092592592592594
0 0.15885416666666666 0.8756944444444444 0.06770833333333333 0.24305555555555555
0 0.16770833333333332 0.43472222222222223 0.052083333333333336 0.06944444444444445
0 0.07135416666666666 0.8907407407407407 0.06770833333333333 0.21851851851851853