0 0.6103458382180539 0.1941544885177453 0.05422039859320047 0.24008350730688935
0 0.5810375146541618 0.32332985386221297 0.0600820633059789 0.26356993736951984
0 0.9032825322391559 0.05010438413361169 0.059788980070339975 0.10020876826722339
0 0.9399179366940211 0.037056367432150315 0.045134818288393906 0.07411273486430063
0 0.9371336459554513 0.3559498956158664 0.05715123094958968 0.2609603340292276
0 0.7854630715123095 0.47494780793319413 0.07620164126611957 0.10855949895615867
0 0.7954279015240329 0.05010438413361169 0.05861664712778429 0.10020876826722339
0 0.6875732708089097 0.4906054279749478 0.07620164126611957 0.07724425887265135
0 0.37280187573270807 0.8115866388308977 0.11723329425556858 0.3768267223382046
0 0.4381594372801876 0.7818371607515657 0.06623681125439625 0.43580375782881003
0 0.3150644783118406 0.7980167014613778 0.0955451348182884 0.4034446764091858
0 0.2473622508792497 0.8001043841336117 0.067116060961313 0.39926931106471814
0 0.17995310668229778 0.6847599164926931 0.09056271981242672 0.22703549060542796
0 0.1503516998827667 0.7870563674321504 0.12485345838218054 0.3554279749478079