0 0.9861702127659574 0.026465028355387523 0.027659574468085105 0.052930056710775046
0 0.7871010638297873 0.2601606805293006 0.05452127659574468 0.19612476370510398
0 0.7538563829787234 0.23416824196597352 0.041223404255319146 0.2008506616257089
0 0.7585106382978724 0.08648393194706994 0.05053191489361702 0.16068052930056712
0 0.7795212765957447 0.06805293005671077 0.034574468085106384 0.13610586011342155
0 0.8122340425531915 0.07277882797731569 0.03829787234042553 0.14555765595463138
0 0.7059840425531915 0.15619092627599243 0.03590425531914894 0.10160680529300567
0 0.8960106382978723 0.07608695652173914 0.05159574468085106 0.15217391304347827
0 0.9014627659574468 0.24243856332703215 0.057180851063829786 0.19848771266540643
0 0.7422872340425531 0.4763705103969754 0.05053191489361702 0.04725897920604915
0 0.5464095744680851 0.22944234404536862 0.04654255319148936 0.19139886578449905
0 0.6109042553191489 0.08223062381852551 0.0398936170212766 0.16446124763705103
0 0.5683510638297873 0.1219281663516068 0.03723404255319149 0.17485822306238186
0 0.5795212765957447 0.07750472589792061 0.028191489361702127 0.15500945179584122
0 0.5078457446808511 0.12310964083175803 0.03590425531914894 0.1724952741020794
0 0.4799202127659574 0.09357277882797732 0.030585106382978722 0.17485822306238186
0 0.5082446808510638 0.05245746691871456 0.034574468085106384 0.10491493383742911
0 0.5523936170212767 0.06427221172022685 0.034574468085106384 0.1285444234404537
0 0.39574468085106385 0.8771266540642723 0.10851063829787234 0.24574669187145556
0 0.21143617021276595 0.9239130434782609 0.11648936170212766 0.15217391304347827
0 0.42340425531914894 0.6365784499054821 0.05319148936170213 0.2731568998109641
0 0.16569148936170214 0.667296786389414 0.08138297872340426 0.33459357277882795
0 0.3715425531914894 0.6502835538752363 0.07287234042553191 0.3005671077504726
0 0.10505319148936171 0.6545368620037807 0.06436170212765957 0.30907372400756145
0 0.32659574468085106 0.6488657844990549 0.06702127659574468 0.29773156899810965
0 0.39574468085106385 0.8771266540642723 0.10851063829787234 0.24574669187145556
0 0.21143617021276595 0.9239130434782609 0.11648936170212766 0.15217391304347827
0 0.42340425531914894 0.6365784499054821 0.05319148936170213 0.2731568998109641
0 0.16569148936170214 0.667296786389414 0.08138297872340426 0.33459357277882795
0 0.10505319148936171 0.6545368620037807 0.06436170212765957 0.30907372400756145
0 0.39574468085106385 0.8771266540642723 0.10851063829787234 0.24574669187145556
0 0.21143617021276595 0.9239130434782609 0.11648936170212766 0.15217391304347827
0 0.16569148936170214 0.667296786389414 0.08138297872340426 0.33459357277882795
0 0.10505319148936171 0.6545368620037807 0.06436170212765957 0.30907372400756145
0 0.39574468085106385 0.8771266540642723 0.10851063829787234 0.24574669187145556
0 0.21143617021276595 0.9239130434782609 0.11648936170212766 0.15217391304347827
0 0.16569148936170214 0.667296786389414 0.08138297872340426 0.33459357277882795
0 0.10505319148936171 0.6545368620037807 0.06436170212765957 0.30907372400756145
0 0.39574468085106385 0.8771266540642723 0.10851063829787234 0.24574669187145556
0 0.21143617021276595 0.9239130434782609 0.11648936170212766 0.15217391304347827
0 0.16569148936170214 0.667296786389414 0.08138297872340426 0.33459357277882795
0 0.10505319148936171 0.6545368620037807 0.06436170212765957 0.30907372400756145
0 0.39574468085106385 0.8771266540642723 0.10851063829787234 0.24574669187145556
0 0.21143617021276595 0.9239130434782609 0.11648936170212766 0.15217391304347827
0 0.16569148936170214 0.667296786389414 0.08138297872340426 0.33459357277882795
0 0.39574468085106385 0.8771266540642723 0.10851063829787234 0.24574669187145556
0 0.21143617021276595 0.9239130434782609 0.11648936170212766 0.15217391304347827
0 0.16569148936170214 0.667296786389414 0.08138297872340426 0.33459357277882795
0 0.535904255319149 0.7637051039697542 0.14601063829787234 0.2599243856332703