0 0.7055555555555556 0.153954802259887 0.056613756613756616 0.211864406779661
0 0.5058201058201058 0.04849340866290019 0.05925925925925926 0.09698681732580038
0 0.5886243386243386 0.12570621468926554 0.05555555555555555 0.2495291902071563
0 0.5772486772486772 0.05696798493408663 0.05185185185185185 0.11393596986817325
0 0.20185185185185187 0.9241996233521658 0.056613756613756616 0.15160075329566855
0 0.15767195767195769 0.4129001883239171 0.05026455026455026 0.1271186440677966
0 0.1365079365079365 0.8272128060263654 0.05026455026455026 0.2401129943502825
0 0.30396825396825394 0.6012241054613936 0.031216931216931216 0.2024482109227872
0 0.14047619047619048 0.5576741996233522 0.03968253968253968 0.19538606403013184
0 0.10939153439153439 0.4917608286252354 0.04365079365079365 0.2283427495291902
0 0.10674603174603174 0.3669962335216573 0.04365079365079365 0.12947269303201506
0 0.016666666666666666 0.4646892655367232 0.03333333333333333 0.1647834274952919
0 0.05119047619047619 0.4529190207156309 0.03835978835978836 0.18361581920903955
0 0.012698412698412698 0.2975517890772128 0.025396825396825397 0.07532956685499058
0 0.03835978835978836 0.3046139359698682 0.03439153439153439 0.08945386064030132
0 0.3052910052910053 0.4642184557438795 0.02857142857142857 0.17890772128060264
0 0.31322751322751324 0.4091337099811676 0.012698412698412698 0.15725047080979285
0 0.3047619047619048 0.3149717514124294 0.02962962962962963 0.11016949152542373
0 0.2732804232804233 0.3267419962335217 0.03333333333333333 0.1337099811676083
0 0.05317460317460317 0.9110169491525424 0.06613756613756613 0.17796610169491525
0 0.06904761904761905 0.846045197740113 0.05555555555555555 0.211864406779661
0 0.01798941798941799 0.8069679849340866 0.03597883597883598 0.2335216572504708