0 0.05827505827505827 0.1779045643153527 0.11625874125874126 0.3558091286307054
0 0.8758741258741258 0.3386929460580913 0.09906759906759907 0.4221991701244813
0 0.7674825174825175 0.38900414937759337 0.09324009324009325 0.3215767634854772
0 0.6366550116550117 0.3703319502074689 0.087995337995338 0.35892116182572614
0 0.9402680652680653 0.11773858921161826 0.06701631701631702 0.2354771784232365
0 0.6663752913752914 0.15145228215767634 0.12995337995337997 0.3029045643153527
0 0.4392482517482518 0.8537344398340249 0.06264568764568765 0.23858921161825727
0 0.005827505827505828 0.6913900414937759 0.011655011655011656 0.23132780082987553
0 0.019522144522144524 0.6213692946058091 0.03904428904428905 0.14315352697095435
0 0.38461538461538464 0.75 0.043706293706293704 0.23858921161825727
0 0.3299825174825175 0.8135373443983402 0.06264568764568765 0.28786307053941906
0 0.3095862470862471 0.6968360995850622 0.056818181818181816 0.2567427385892116
0 0.22202797202797203 0.6509336099585062 0.05944055944055944 0.20228215767634855
0 0.5541958041958042 0.5980290456431535 0.05128205128205128 0.09647302904564316
0 0.6311188811188811 0.5907676348547718 0.053613053613053616 0.08195020746887967
0 0.9452214452214452 0.7256224066390041 0.05536130536130536 0.1400414937759336
0 0.6458333333333334 0.7230290456431535 0.053904428904428904 0.19190871369294607
0 0.7223193473193473 0.8591804979253111 0.0641025641025641 0.2411825726141079
0 0.9262820512820513 0.8851141078838174 0.043706293706293704 0.21524896265560167
0 0.8920454545454546 0.8125 0.04807692307692308 0.25155601659751037
0 0.8891317016317016 0.6750518672199171 0.04807692307692308 0.14263485477178423
0 0.7864219114219114 0.7826763485477178 0.043706293706293704 0.18153526970954356
0 0.8279428904428905 0.7697095435684648 0.04224941724941725 0.20228215767634855
0 0.7418414918414918 0.600103734439834 0.04195804195804196 0.10062240663900415
0 0.782051282051282 0.5949170124481328 0.03496503496503497 0.09024896265560166
0 0.8138111888111889 0.6026970954356846 0.03787878787878788 0.10580912863070539
0 0.8892773892773893 0.5726141078838174 0.04195804195804196 0.04564315352697095
0 0.9256993006993007 0.5715767634854771 0.042540792540792544 0.043568464730290454