0 0.2699438202247191 0.225 0.5398876404494382 0.45
0 0.6550561797752809 0.0665 0.07893258426966292 0.1325
0 0.21587078651685393 0.67125 0.05758426966292135 0.2075
0 0.25098314606741573 0.64375 0.04353932584269663 0.2125
0 0.24578651685393257 0.511 0.05337078651685393 0.122
0 0.22331460674157302 0.495 0.03651685393258427 0.09
0 0.18904494382022471 0.5 0.04101123595505618 0.1
0 0.30154494382022473 0.56125 0.037921348314606744 0.1075
0 0.38764044943820225 0.5285 0.0449438202247191 0.157
0 0.4546348314606742 0.57875 0.04073033707865169 0.1825
0 0.44325842696629214 0.5335 0.04044943820224719 0.167
0 0.4960674157303371 0.5975 0.0449438202247191 0.19
0 0.5417134831460674 0.565 0.037921348314606744 0.2
0 0.40646067415730336 0.476 0.042134831460674156 0.052
0 0.4491573033707865 0.47 0.037640449438202245 0.04
0 0.48230337078651686 0.4785 0.03651685393258427 0.057
0 0.5154494382022472 0.4885 0.03651685393258427 0.077
0 0.55 0.495 0.043820224719101124 0.09
0 0.24803370786516854 0.9475 0.05449438202247191 0.105
0 0.11264044943820224 0.6675 0.056179775280898875 0.215
0 0.10056179775280899 0.5035 0.0550561797752809 0.107
0 0.7536516853932584 0.6305 0.023876404494382022 0.132
0 0.7955056179775281 0.637 0.025842696629213482 0.1095
0 0.8207865168539326 0.632 0.01601123595505618 0.113
0 0.6365168539325843 0.6645 0.05758426966292135 0.305
0 0.9561797752808989 0.621 0.016853932584269662 0.081
0 0.928932584269663 0.617 0.01601123595505618 0.0825
0 0.8935393258426966 0.6915 0.07977528089887641 0.3245
0 0.7702247191011236 0.632 0.019662921348314606 0.1255