0 0.8477900552486188 0.25712180746561886 0.052486187845303865 0.21856581532416502
0 0.8201657458563536 0.14292730844793713 0.049723756906077346 0.23084479371316308
0 0.4850828729281768 0.27554027504911593 0.05082872928176796 0.2504911591355599
0 0.5066298342541437 0.05157170923379175 0.06077348066298342 0.1031434184675835
0 0.625414364640884 0.2779960707269155 0.06353591160220995 0.2455795677799607
0 0.5845303867403315 0.4386051080550098 0.06519337016574586 0.26227897838899805
0 0.5570441988950277 0.35412573673870335 0.05662983425414365 0.26522593320235754
0 0.3939226519337017 0.8403732809430255 0.106353591160221 0.3192534381139489
0 0.19806629834254144 0.8644400785854617 0.08204419889502762 0.27111984282907664
0 0.07016574585635359 0.8673870333988212 0.07845303867403315 0.26522593320235754
0 0.16657458563535912 0.8570726915520629 0.056353591160221 0.28536345776031435
0 0.26298342541436465 0.8590373280943026 0.06795580110497237 0.2819253438113949
0 0.31712707182320443 0.849705304518664 0.07734806629834254 0.3005893909626719
0 0.11961325966850829 0.8791748526522594 0.04834254143646409 0.24165029469548133