0 0.28832442067736186 0.25396825396825395 0.30971479500891264 0.3
0 0.08467023172905526 0.05238095238095238 0.16889483065953653 0.10476190476190476
0 0.196524064171123 0.23253968253968255 0.393048128342246 0.2992063492063492
0 0.7228163992869875 0.25476190476190474 0.06951871657754011 0.2777777777777778
0 0.43404634581105167 0.8174603174603174 0.17067736185383245 0.31746031746031744
0 0.1947415329768271 0.7547619047619047 0.24019607843137256 0.35
0 0.03832442067736185 0.8428571428571429 0.0766488413547237 0.19682539682539682
0 0.9081996434937611 0.7603174603174603 0.1408199643493761 0.4793650793650794
0 0.7758467023172906 0.7571428571428571 0.13814616755793227 0.4857142857142857
0 0.5735294117647058 0.7793650793650794 0.10784313725490197 0.44126984126984126
0 0.6617647058823529 0.7841269841269841 0.12566844919786097 0.43174603174603177
0 0.966131907308378 0.596031746031746 0.0677361853832442 0.2523809523809524
0 0.536096256684492 0.5992063492063492 0.03297682709447415 0.25873015873015875
0 0.8288770053475936 0.6063492063492063 0.0677361853832442 0.24761904761904763
0 0.7032085561497327 0.6063492063492063 0.06060606060606061 0.26031746031746034
0 0.6007130124777184 0.6 0.08021390374331551 0.26031746031746034