0 0.9469519343493552 0.6388308977035491 0.0627198124267292 0.12108559498956159
0 0.4891559202813599 0.5352296450939458 0.05568581477139507 0.23225469728601253
0 0.518464243845252 0.41388308977035493 0.05275498241500586 0.2453027139874739
0 0.8980070339976554 0.09551148225469729 0.05568581477139507 0.1409185803757829
0 0.7511723329425557 0.08924843423799582 0.043962485345838215 0.17849686847599164
0 0.783704572098476 0.08402922755741127 0.05275498241500586 0.16805845511482254
0 0.8229777256740914 0.07359081419624217 0.05275498241500586 0.14718162839248433
0 0.8276670574443142 0.23643006263048016 0.05568581477139507 0.2244258872651357
0 0.8459847596717468 0.16988517745302714 0.04835873388042204 0.18528183716075156
0 0.44724501758499413 0.03966597077244259 0.04806565064478312 0.07933194154488518
0 0.3754396248534584 0.02661795407098121 0.04279015240328253 0.05323590814196242
0 0.7101406799531067 0.5944676409185804 0.06740914419695193 0.20981210855949894
0 0.8745603751465416 0.5548016701461378 0.05568581477139507 0.2661795407098121
0 0.734759671746776 0.6701461377870563 0.07444314185228605 0.05845511482254697
0 0.8018757327080891 0.6294363256784968 0.06565064478311841 0.13987473903966596
0 0.6078546307151231 0.12160751565762004 0.05568581477139507 0.1931106471816284
0 0.2889800703399766 0.07620041753653445 0.03399765533411489 0.1524008350730689
0 0.32415005861664714 0.07776617954070981 0.05158264947245018 0.15553235908141963
0 0.32327080890973037 0.030793319415448852 0.043962485345838215 0.061586638830897704
0 0.3037807737397421 0.2951461377870564 0.05128956623681125 0.23225469728601253
0 0.27549824150058616 0.2974947807933194 0.011723329425556858 0.20041753653444677
0 0.27989449003517 0.2244258872651357 0.020515826494724502 0.15866388308977036
0 0.276084407971864 0.15031315240083507 0.012895662368112544 0.13569937369519833
0 0.6906506447831184 0.16597077244258873 0.05128956623681125 0.22964509394572025
0 0.7373974208675264 0.8935281837160751 0.059788980070339975 0.21294363256784968
0 0.7741793669402111 0.8671711899791231 0.045427901524032824 0.22181628392484343
0 0.768757327080891 0.7458246346555324 0.05568581477139507 0.09290187891440502
0 0.8269343493552169 0.781054279749478 0.039566236811254395 0.11221294363256785
0 0.988569753810082 0.8616910229645094 0.022860492379835874 0.21189979123173278
0 0.9783118405627198 0.7693110647181628 0.041031652989449004 0.13987473903966596
0 0.9660023446658851 0.7395615866388309 0.03048065650644783 0.08037578288100208
0 0.27960140679953105 0.8961377870563675 0.01992966002344666 0.20772442588726514
0 0.6869871043376319 0.7552192066805845 0.04689331770222743 0.11169102296450939
0 0.7242086752637749 0.7552192066805845 0.04279015240328253 0.11169102296450939
0 0.6172332942555686 0.778705636743215 0.05158264947245018 0.15866388308977036
0 0.5638921453692849 0.8358559498956158 0.049824150058616644 0.21659707724425886
0 0.37924970691676435 0.7265135699373695 0.04689331770222743 0.054279749478079335