0 0.609577922077922 0.3246753246753247 0.032467532467532464 0.08685064935064934
0 0.575487012987013 0.2962662337662338 0.030844155844155844 0.09577922077922078
0 0.773538961038961 0.351461038961039 0.027597402597402596 0.03409090909090909
0 0.8116883116883117 0.3392857142857143 0.02922077922077922 0.05762987012987013
0 0.875 0.3417207792207792 0.026785714285714284 0.05357142857142857
0 0.8831168831168831 0.2435064935064935 0.020292207792207792 0.08198051948051949
0 0.8871753246753247 0.16314935064935066 0.024350649350649352 0.0633116883116883
0 0.4991883116883117 0.2694805194805195 0.018668831168831168 0.0762987012987013
0 0.46915584415584416 0.2987012987012987 0.021103896103896104 0.07873376623376624
0 0.45454545454545453 0.3157467532467532 0.02353896103896104 0.07873376623376624
0 0.411525974025974 0.349025974025974 0.024350649350649352 0.03896103896103896
0 0.44805194805194803 0.33116883116883117 0.026785714285714284 0.07467532467532467
0 0.5073051948051948 0.23944805194805194 0.017045454545454544 0.05519480519480519
0 0.10957792207792208 0.7702922077922078 0.12987012987012986 0.3685064935064935
0 0.2077922077922078 0.5965909090909091 0.11282467532467533 0.22077922077922077
0 0.33035714285714285 0.6842532467532467 0.10876623376623376 0.38961038961038963
0 0.5113636363636364 0.6842532467532467 0.22402597402597402 0.6314935064935064
0 0.5121753246753247 0.6607142857142857 0.22564935064935066 0.5844155844155844
0 0.8125 0.6842532467532467 0.375 0.6314935064935064
0 0.8165584415584416 0.7857142857142857 0.36688311688311687 0.42857142857142855