0 0.09782608695652174 0.3966395112016293 0.1066933638443936 0.2479633401221996
0 0.12271167048054919 0.34979633401221993 0.09982837528604119 0.354887983706721
0 0.15446224256292906 0.1985743380855397 0.08438215102974829 0.22912423625254583
0 0.22568649885583525 0.28971486761710796 0.09696796338672768 0.20112016293279023
0 0.221395881006865 0.31873727087576376 0.10755148741418764 0.40020366598778007
0 0.2683066361556064 0.32077393075356414 0.16847826086956522 0.43686354378818737
0 0.272883295194508 0.33553971486761713 0.2820366132723112 0.4669042769857434
0 0.6807780320366132 0.22912423625254583 0.15903890160183065 0.45824847250509165
0 0.16618993135011442 0.629837067209776 0.031750572082379865 0.12118126272912423
0 0.5677917620137299 0.8755091649694501 0.05434782608695652 0.2265784114052953
0 0.596395881006865 0.7571283095723014 0.05148741418764302 0.23930753564154786
0 0.9144736842105263 0.6120162932790224 0.04748283752860412 0.0855397148676171
0 0.9702517162471396 0.6390020366598778 0.05034324942791762 0.1395112016293279
0 0.960812356979405 0.9078411405295316 0.04290617848970252 0.18431771894093688
0 0.8106407322654462 0.5992871690427699 0.04576659038901602 0.06008146639511202
0 0.8552631578947368 0.5967413441955194 0.04004576659038902 0.054989816700611
0 0.7172482837528604 0.7571283095723014 0.05577803203661327 0.269857433808554
0 0.7951945080091534 0.7443991853360489 0.06292906178489703 0.22912423625254583
0 0.891733409610984 0.8029531568228105 0.06149885583524028 0.23421588594704684