0 0.7192242833052277 0.0945945945945946 0.08052276559865093 0.15315315315315314
0 0.7824620573355818 0.09984984984984985 0.06829679595278246 0.1614114114114114
0 0.9106239460370995 0.10960960960960961 0.08136593591905565 0.14714714714714713
0 0.8465430016863407 0.11036036036036036 0.07293423271500843 0.14864864864864866
0 0.6500843170320405 0.1111111111111111 0.07841483979763912 0.17267267267267267
0 0.9700674536256324 0.1111111111111111 0.05986509274873524 0.12312312312312312
0 0.5855817875210793 0.11411411411411411 0.06745362563237774 0.12612612612612611
0 0.5189713322091062 0.17492492492492492 0.07504215851602024 0.27627627627627627
0 0.7048903878583473 0.23423423423423423 0.0906408094435076 0.23198198198198197
0 0.9721753794266442 0.2334834834834835 0.05564924114671164 0.25075075075075076
0 0.6315345699831366 0.234984984984985 0.08600337268128162 0.23648648648648649
0 0.5539629005059022 0.23798798798798798 0.09443507588532883 0.23798798798798798
0 0.7824620573355818 0.23948948948948948 0.07967959527824621 0.21546546546546547
0 0.8503372681281619 0.24174174174174173 0.07124789207419899 0.21696696696696696
0 0.9131534569983136 0.24324324324324326 0.07504215851602024 0.21996996996996998
0 0.2677065767284992 0.7019519519519519 0.37731871838111297 0.5960960960960962
0 0.5908347386172007 0.5234234234234234 0.05160202360876901 0.25629129129129136