0 0.027005347593582887 0.3911596958174905 0.0427807486631016 0.11406844106463879
0 0.025133689839572194 0.3602661596958175 0.04171122994652406 0.060836501901140684
0 0.23489304812834225 0.6561311787072244 0.05481283422459893 0.19724334600760457
0 0.26831550802139037 0.6299904942965779 0.04144385026737968 0.20199619771863117
0 0.2636363636363636 0.4814638783269962 0.05080213903743316 0.16159695817490494
0 0.3164438502673797 0.5515684410646388 0.03609625668449198 0.10218631178707224
0 0.27941176470588236 0.9249049429657795 0.05080213903743316 0.15019011406844107
0 0.44278074866310163 0.5166349809885932 0.013903743315508022 0.1758555133079848
0 0.439572192513369 0.47195817490494296 0.020320855614973262 0.15684410646387834
0 0.42727272727272725 0.37214828897338403 0.038502673796791446 0.08460076045627377
0 0.18877005347593584 0.5016634980988594 0.0427807486631016 0.15446768060836502
0 0.22286096256684493 0.49334600760456276 0.03877005347593583 0.17110266159695817
0 0.1252673796791444 0.5194866920152091 0.04679144385026738 0.20437262357414449
0 0.39224598930481286 0.3616920152091255 0.029411764705882353 0.06368821292775666
0 0.07647058823529412 0.6014733840304183 0.045454545454545456 0.19724334600760457
0 0.12780748663101604 0.9748098859315589 0.06524064171122995 0.05038022813688213
0 0.9567807486631015 0.8460456273764259 0.03842780748663084 0.16126425855513316
0 0.990909090909091 0.8084600760456274 0.01818181818181818 0.13403041825095058
0 0.9304866310160428 0.7988022813688214 0.014363636363636433 0.050931558935361144