0 0.21822358346094947 0.3503861003861004 0.30857580398162326 0.5154440154440154
0 0.27488514548238896 0.2384169884169884 0.09111791730474732 0.20270270270270271
0 0.5915007656967841 0.29472972972972966 0.037526799387442564 0.3286872586872587
0 0.6511179173047473 0.24156370656370654 0.06063552833078101 0.416003861003861
0 0.7278177641653905 0.2856563706563707 0.052411944869831535 0.3206563706563706
0 0.7808346094946401 0.24837837837837837 0.04253445635528327 0.21936293436293436
0 0.8263093415007657 0.21138996138996138 0.04652373660030627 0.2552895752895753
0 0.8911179173047473 0.2361969111969112 0.03125574272588059 0.2009459459459459
0 0.6970673813169985 0.21094594594594596 0.02058958652373659 0.19202702702702698
0 0.6842802450229709 0.1628185328185328 0.009456355283307828 0.07198841698841703
0 0.2928790199081164 0.7171814671814671 0.04823889739663093 0.21814671814671815
0 0.8740428790199081 0.8861003861003861 0.1125574272588055 0.2277992277992278
0 0.7090352220520674 0.888030888030888 0.10183767228177641 0.22297297297297297
0 0.614854517611026 0.8918918918918919 0.0903522205206738 0.21525096525096524