0 0.7897790055248619 0.17141453831041256 0.3160220994475138 0.26522593320235754
0 0.2549723756906077 0.8899803536345776 0.05911602209944752 0.2200392927308448
0 0.2085635359116022 0.3506876227897839 0.052486187845303865 0.0825147347740668
0 0.3787292817679558 0.5221021611001965 0.06629834254143646 0.2111984282907662
0 0.013812154696132596 0.4518664047151277 0.027624309392265192 0.22789783889980353
0 0.19088397790055248 0.4766699410609037 0.04143646408839779 0.2038310412573674
0 0.15828729281767956 0.4179764243614931 0.04585635359116022 0.21709233791748528
0 0.15552486187845305 0.32711198428290766 0.04585635359116022 0.03536345776031434
0 0.05828729281767956 0.387524557956778 0.04143646408839779 0.15618860510805502
0 0.09751381215469614 0.38605108055009824 0.04033149171270718 0.15324165029469547
0 0.36546961325966854 0.39096267190569745 0.034806629834254144 0.16306483300589392
0 0.3848066298342541 0.3565815324165029 0.04033149171270718 0.09430255402750491
0 0.4116022099447514 0.3506876227897839 0.03314917127071823 0.0825147347740668
0 0.4339779005524862 0.3285854616895874 0.03038674033149171 0.03831041257367387
0 0.11629834254143646 0.7775049115913556 0.058011049723756904 0.22102161100196463
0 0.5147790055248619 0.4594793713163065 0.04834254143646409 0.2038310412573674
0 0.12375690607734807 0.8727897838899804 0.05966850828729282 0.2544204322200393
0 0.04654696132596685 0.7148821218074656 0.062154696132596686 0.23330058939096268
0 0.6906077348066298 0.6335952848722987 0.2668508287292818 0.40422396856581533