0 0.9172316384180791 0.09708249496981891 0.1655367231638418 0.14386317907444668
0 0.6929378531073447 0.07997987927565392 0.17796610169491525 0.0880281690140845
0 0.5070621468926554 0.9139839034205232 0.060451977401129946 0.1720321931589537
0 0.06581920903954802 0.7864688128772636 0.05367231638418079 0.2238430583501006
0 0.0940677966101695 0.6695171026156942 0.05084745762711865 0.23641851106639838
0 0.1556497175141243 0.22032193158953722 0.05254237288135593 0.10261569416498995
0 0.15423728813559323 0.18008048289738432 0.05536723163841808 0.022132796780684104
0 0.4598870056497175 0.3626760563380282 0.05367231638418079 0.1358148893360161
0 0.31864406779661014 0.3475855130784708 0.0423728813559322 0.19114688128772636
0 0.3497175141242938 0.34004024144869216 0.05084745762711865 0.18611670020120724
0 0.38785310734463274 0.3199195171026157 0.05084745762711865 0.18611670020120724
0 0.2748587570621469 0.1976861167002012 0.03672316384180791 0.05734406438631791
0 0.303954802259887 0.19416498993963782 0.04406779661016949 0.05030181086519115
0 0.34124293785310733 0.2017102615694165 0.05084745762711865 0.06539235412474849
0 0.03135593220338983 0.21277665995975856 0.04915254237288136 0.0875251509054326
0 0.43728813559322033 0.8053319919517102 0.05367231638418079 0.25653923541247486
0 0.2600282485875706 0.4305835010060362 0.04943502824858757 0.22132796780684105
0 0.4062146892655367 0.43938631790744465 0.05367231638418079 0.23893360160965796
0 0.41468926553672314 0.5098088531187123 0.062146892655367235 0.23893360160965796
0 0.021468926553672316 0.3209255533199195 0.04293785310734463 0.158953722334004
0 0.16963276836158192 0.36016096579476864 0.052259887005649715 0.18611670020120724
0 0.29322033898305083 0.8078470824949698 0.06497175141242938 0.2515090543259557
0 0.3347457627118644 0.9190140845070423 0.06610169491525424 0.1619718309859155
0 0.3629943502824859 0.8747484909456741 0.05819209039548023 0.2505030181086519
0 0.7850282485875706 0.6368209255533199 0.11412429378531073 0.6971830985915493