0 0.40131578947368424 0.6813829787234043 0.04784688995215311 0.043617021276595745
0 0.16895933014354067 0.9127659574468086 0.06160287081339713 0.17446808510638298
0 0.13157894736842105 0.8968085106382979 0.04665071770334928 0.20638297872340425
0 0.13666267942583732 0.7452127659574468 0.056818181818181816 0.17127659574468085
0 0.07790071770334928 0.8194148936170212 0.04037081339712919 0.11436170212765957
0 0.6489234449760766 0.9154255319148936 0.04665071770334928 0.16914893617021276
0 0.6848086124401914 0.9154255319148936 0.0430622009569378 0.16914893617021276
0 0.6827153110047847 0.8446808510638298 0.03289473684210526 0.11702127659574468
0 0.708433014354067 0.8707446808510638 0.022129186602870814 0.2074468085106383
0 0.6429425837320574 0.7132978723404255 0.04066985645933014 0.1074468085106383
0 0.22069377990430622 0.763563829787234 0.04784688995215311 0.17287234042553193
0 0.18241626794258373 0.7547872340425532 0.0430622009569378 0.19042553191489361
0 0.2917165071770335 0.7835106382978724 0.05233253588516747 0.22872340425531915
0 0.6034688995215312 0.6867021276595745 0.03588516746411483 0.05425531914893617
0 0.34629186602870815 0.8752659574468085 0.05083732057416268 0.22074468085106383
0 0.534688995215311 0.725531914893617 0.04784688995215311 0.13191489361702127
0 0.68122009569378 0.8114361702127659 0.05083732057416268 0.15159574468085107