0 0.717403314917127 0.31777996070726916 0.2950276243093923 0.32269155206286837
0 0.17582872928176796 0.6564341846758349 0.05662983425414365 0.2038310412573674
0 0.21035911602209945 0.6294204322200393 0.04281767955801105 0.2087426326129666
0 0.20524861878453038 0.519155206286837 0.052486187845303865 0.07956777996070727
0 0.18314917127071823 0.5034381139489195 0.03591160220994475 0.0481335952848723
0 0.1494475138121547 0.5083497053045186 0.04033149171270718 0.05795677799607073
0 0.2600828729281768 0.5483791748526523 0.03729281767955801 0.1055992141453831
0 0.062430939226519336 0.5117878192534381 0.05414364640883978 0.06483300589390963
0 0.057044198895027626 0.638015717092338 0.05939226519337017 0.206286836935167
0 0.2218232044198895 0.9282907662082515 0.052486187845303865 0.14341846758349705
0 0.42582872928176796 0.62450884086444 0.04834254143646409 0.19891944990176819
0 0.3588397790055249 0.518172888015717 0.04143646408839779 0.07760314341846758
0 0.40276243093922653 0.5412573673870335 0.03867403314917127 0.1237721021611002
0 0.3911602209944751 0.5132612966601179 0.028729281767955802 0.06777996070726916
0 0.46574585635359117 0.5412573673870335 0.03756906077348066 0.1237721021611002
0 0.49475138121546963 0.5265225933202358 0.03149171270718232 0.09430255402750491
0 0.41961325966850826 0.4995088408644401 0.03591160220994475 0.04027504911591356
0 0.8132541436464088 0.6378781925343812 0.0322541436464089 0.16455795677799606