0 0.15078534031413612 0.5777467411545624 0.049738219895287955 0.12569832402234637
0 0.2706806282722513 0.5633147113594041 0.01780104712041885 0.17690875232774675
0 0.25287958115183246 0.5567970204841713 0.04712041884816754 0.17225325884543763
0 0.2175392670157068 0.5381750465549349 0.04712041884816754 0.17225325884543763
0 0.2136125654450262 0.7034450651769087 0.049738219895287955 0.20018621973929238
0 0.19725130890052356 0.6440875232774674 0.04319371727748691 0.16527001862197394
0 0.25837696335078536 0.4092178770949721 0.042408376963350786 0.09962756052141528
0 0.014397905759162303 0.7006517690875232 0.028795811518324606 0.1908752327746741
0 0.006020942408376963 0.5600558659217877 0.012041884816753926 0.164804469273743
0 0.029712041884816753 0.5148975791433892 0.032722513089005235 0.17225325884543763
0 0.008638743455497382 0.3915270018621974 0.017277486910994764 0.06424581005586592
0 0.030366492146596858 0.39757914338919925 0.031413612565445025 0.07635009310986965
0 0.17146596858638743 0.9343575418994413 0.049738219895287955 0.13128491620111732