0 0.9018324607329843 0.1750465549348231 0.015445026178010472 0.024208566108007448
0 0.15523560209424084 0.9245810055865922 0.049738219895287955 0.15083798882681565
0 0.12905759162303665 0.8449720670391061 0.04712041884816754 0.21880819366852886
0 0.07212041884816754 0.41201117318435754 0.04842931937172775 0.1303538175046555
0 0.07329842931937172 0.35567970204841715 0.05130890052356021 0.0931098696461825
0 0.2531413612565445 0.3710428305400372 0.034031413612565446 0.12383612662942271
0 0.2200261780104712 0.5656424581005587 0.04319371727748691 0.148975791433892
0 0.21413612565445025 0.42830540037243947 0.034031413612565446 0.11638733705772812
0 0.011518324607329843 0.7467411545623837 0.023036649214659685 0.22346368715083798
0 0.10222513089005236 0.5388733705772812 0.04319371727748691 0.16992551210428306
0 0.1950261780104712 0.38035381750465547 0.029842931937172777 0.1424581005586592
0 0.21727748691099477 0.3719739292364991 0.030366492146596858 0.12569832402234637
0 0.31884816753926704 0.4201582867783985 0.03664921465968586 0.15130353817504655
0 0.29201570680628275 0.5307262569832403 0.04319371727748691 0.15828677839851024
0 0.33979057591623035 0.5225791433891993 0.03926701570680628 0.16527001862197394
0 0.35366492146596856 0.835195530726257 0.012041884816753926 0.186219739292365
0 0.34895287958115184 0.6191806331471136 0.021465968586387434 0.186219739292365