0 0.4288888888888889 0.3824110671936759 0.11222222222222222 0.30632411067193677
0 0.9527777777777777 0.3409090909090909 0.08388888888888889 0.5177865612648221
0 0.6313888888888889 0.33992094861660077 0.0913888888888889 0.5197628458498024
0 0.8761111111111111 0.3512845849802372 0.07444444444444444 0.49703557312252966
0 0.7958333333333333 0.3547430830039526 0.08583333333333333 0.4901185770750988
0 0.7175 0.3458498023715415 0.08861111111111111 0.5079051383399209
0 0.5697222222222222 0.3394268774703557 0.06833333333333333 0.4925889328063241
0 0.6747222222222222 0.2490118577075099 0.059722222222222225 0.36907114624505927
0 0.9119444444444444 0.1368577075098814 0.03611111111111111 0.11166007905138339
0 0.8402777777777778 0.27124505928853754 0.057777777777777775 0.4006916996047431
0 0.755 0.125 0.055 0.17292490118577075
0 0.8405555555555555 0.141798418972332 0.058333333333333334 0.14575098814229248
0 0.9127777777777778 0.27420948616600793 0.03611111111111111 0.38636363636363635
0 0.7547222222222222 0.23023715415019763 0.05444444444444444 0.38438735177865613
0 0.225 0.9688735177865613 0.05 0.06225296442687747
0 0.28555555555555556 0.6314229249011858 0.051111111111111114 0.06324110671936758
0 0.4461111111111111 0.7376482213438735 0.041666666666666664 0.18774703557312253
0 0.4766666666666667 0.7302371541501976 0.05 0.18280632411067194
0 0.49944444444444447 0.7099802371541502 0.021111111111111112 0.18280632411067194
0 0.4683333333333333 0.6131422924901185 0.05 0.0266798418972332
0 0.16361111111111112 0.6240118577075099 0.04833333333333333 0.04841897233201581
0 0.3884722222222222 0.8191699604743083 0.04861111111111111 0.21739130434782608
0 0.1523611111111111 0.7117094861660079 0.04583333333333333 0.15563241106719367
0 0.08694444444444445 0.6773715415019763 0.04055555555555555 0.1551383399209486
0 0.04055555555555555 0.7314723320158103 0.044444444444444446 0.19515810276679843
0 0.035 0.6462450592885376 0.03888888888888889 0.09288537549407115
0 0.010555555555555556 0.7149209486166008 0.021111111111111112 0.17292490118577075
0 0.013333333333333334 0.9229249011857708 0.02666666666666667 0.1541501976284585
0 0.2995833333333333 0.75 0.05138888888888889 0.18280632411067194
0 0.7166666666666667 0.8688241106719368 0.05555555555555555 0.22974308300395258
0 0.8075 0.9412055335968379 0.059444444444444446 0.11758893280632411
0 0.6780555555555555 0.966897233201581 0.058333333333333334 0.06620553359683795
0 0.575 0.9115612648221344 0.06666666666666667 0.17687747035573123
0 0.6941666666666667 0.6324110671936759 0.05277777777777778 0.06521739130434782
0 0.9172222222222223 0.6284584980237155 0.05444444444444444 0.05731225296442688