0 0.3323563892145369 0.331419624217119 0.264947245017585 0.6169102296450939
0 0.00996483001172333 0.8616910229645094 0.01992966002344666 0.1409185803757829
0 0.15870457209847597 0.7390396659707724 0.039566236811254395 0.151356993736952
0 0.15738569753810083 0.6477035490605428 0.031066822977725676 0.015657620041753653
0 0.1802461899179367 0.8851774530271399 0.03927315357561548 0.18789144050104384
0 0.1503516998827667 0.9321503131524008 0.043962485345838215 0.13569937369519833
0 0.12793083235638922 0.7299060542797495 0.039566236811254395 0.18006263048016702
0 0.18640093786635403 0.668580375782881 0.026963657678780773 0.05741127348643006
0 0.12133645955451348 0.6644050104384134 0.035169988276670575 0.049060542797494784
0 0.38452520515826494 0.9337160751565762 0.1421453692848769 0.1325678496868476
0 0.7464830011723329 0.930062630480167 0.12954279015240328 0.11116910229645094
0 0.8613716295427901 0.9316283924843424 0.11400937866354044 0.10334029227557412
0 0.5723915592028136 0.9331941544885177 0.10844079718640094 0.09394572025052192
0 0.23593200468933176 0.9264091858037579 0.07180539273153576 0.14718162839248433
0 0.9604337631887456 0.9316283924843424 0.07883939038686986 0.08872651356993737