0 0.3655080213903743 0.14020912547528516 0.06229946524064171 0.11359315589353612
0 0.436096256684492 0.20152091254752852 0.10508021390374332 0.0741444866920152
0 0.4556149732620321 0.2580798479087453 0.13342245989304813 0.08222433460076045
0 0.2818181818181818 0.24714828897338403 0.20614973262032085 0.10456273764258556
0 0.06363636363636363 0.1444866920152091 0.1270053475935829 0.19296577946768062
0 0.9871657754010695 0.21007604562737642 0.025668449197860963 0.17870722433460076
0 0.8010695187165775 0.08507604562737643 0.059893048128342244 0.17015209125475286
0 0.8847593582887701 0.18631178707224336 0.05614973262032086 0.2262357414448669
0 0.8732620320855615 0.09363117870722433 0.052406417112299465 0.18726235741444866
0 0.9085561497326203 0.6164448669201521 0.18262032085561497 0.6131178707224335
0 0.7061497326203209 0.6430608365019012 0.15240641711229946 0.6378326996197718
0 0.643048128342246 0.48859315589353614 0.026203208556149733 0.31749049429657794