0 0.8941011235955056 0.5765 0.05337078651685393 0.127
0 0.8660112359550561 0.5085 0.05056179775280899 0.235
0 0.8047752808988764 0.0565 0.052247191011235955 0.113
0 0.8061797752808989 0.0165 0.0550561797752809 0.033
0 0.5022471910112359 0.2035 0.05337078651685393 0.135
0 0.6426966292134831 0.1885 0.042134831460674156 0.19
0 0.6117977528089887 0.181 0.05056179775280899 0.185
0 0.573876404494382 0.161 0.05056179775280899 0.185
0 0.5696629213483146 0.3385 0.05337078651685393 0.215
0 0.5521067415730337 0.27475 0.046348314606741575 0.1775
0 0.6862359550561797 0.034 0.03651685393258427 0.068
0 0.6573033707865169 0.0305 0.043820224719101124 0.061
0 0.6202247191011236 0.038 0.05056179775280899 0.076
0 0.934129213483146 0.1135 0.046348314606741575 0.15
0 0.9283707865168539 0.049 0.04887640449438202 0.098
0 0.9912921348314607 0.0815 0.01741573033707865 0.163
0 0.6817415730337079 0.6105 0.06460674157303371 0.059
0 0.5244382022471911 0.578 0.05337078651685393 0.124
0 0.7803370786516854 0.2285 0.05337078651685393 0.185
0 0.7009831460674157 0.271 0.04915730337078652 0.22