0 0.2682291666666667 0.18425925925925926 0.12109375 0.23148148148148148
0 0.8080729166666667 0.4377314814814815 0.049479166666666664 0.20601851851851852
0 0.78203125 0.3300925925925926 0.046875 0.2175925925925926
0 0.5885416666666666 0.12962962962962962 0.0375 0.1685185185185185
0 0.5958333333333333 0.35648148148148145 0.052083333333333336 0.2111111111111111
0 0.658984375 0.2884259259259259 0.048177083333333336 0.23148148148148148
0 0.9596354166666666 0.059722222222222225 0.043229166666666666 0.11944444444444445
0 0.9076822916666667 0.11828703703703704 0.04296875 0.1597222222222222
0 0.99375 0.059722222222222225 0.0125 0.11944444444444445
0 0.796875 0.044444444444444446 0.0375 0.08888888888888889
0 0.6013020833333333 0.7902777777777777 0.06302083333333333 0.2916666666666667
0 0.83125 0.7925925925925926 0.040625 0.28703703703703703
0 0.7486979166666666 0.8037037037037037 0.0640625 0.3111111111111111
0 0.9369791666666667 0.8240740740740741 0.078125 0.35185185185185186
0 0.7942708333333334 0.7902777777777777 0.03958333333333333 0.2898148148148148
0 0.6411458333333333 0.7851851851851852 0.04479166666666667 0.32407407407407407
0 0.6760416666666667 0.825 0.053125 0.32037037037037036
0 0.9815104166666667 0.7842592592592592 0.03697916666666667 0.2962962962962963
0 0.8684895833333334 0.8092592592592592 0.0515625 0.3
0 0.7125 0.7805555555555556 0.03854166666666667 0.28703703703703703
0 0.9036458333333334 0.8041666666666667 0.041666666666666664 0.3194444444444444