0 0.32185273159144895 0.17706131078224102 0.07600950118764846 0.23150105708245244
0 0.2722684085510689 0.1897463002114165 0.0418646080760095 0.06923890063424948
0 0.13836104513064132 0.193446088794926 0.10095011876484561 0.1109936575052854
0 0.14251781472684086 0.17970401691331925 0.0172209026128266 0.054439746300211415
0 0.03622327790973872 0.14904862579281183 0.07244655581947744 0.26585623678646936
0 0.05671021377672209 0.32452431289640593 0.11342042755344418 0.09143763213530655
0 0.6799287410926366 0.19978858350951373 0.28652019002375295 0.3594080338266385
0 0.9106294536817102 0.1992600422832981 0.17874109263657958 0.36046511627906974
0 0.47179334916864607 0.1897463002114165 0.2235748218527316 0.379492600422833
0 0.3355106888361045 0.7315010570824524 0.048693586698337295 0.24312896405919662
0 0.34887173396674587 0.8620507399577167 0.021971496437054632 0.26744186046511625
0 0.04201306413301663 0.5266913319238901 0.06086698337292162 0.21934460887949261
0 0.013954869358669833 0.4973572938689218 0.027909738717339667 0.2251585623678647
0 0.010095011876484561 0.8710359408033826 0.020190023752969122 0.25792811839323465
0 0.09323040380047506 0.41014799154334036 0.047505938242280284 0.0613107822410148
0 0.05522565320665083 0.41014799154334036 0.04275534441805225 0.0613107822410148
0 0.15855106888361045 0.943446088794926 0.07125890736342043 0.113107822410148
0 0.19328978622327792 0.4867864693446089 0.05166270783847981 0.21458773784355178
0 0.16359857482185272 0.43393234672304437 0.05166270783847981 0.10887949260042283
0 0.7998812351543944 0.7959830866807611 0.26009501187648454 0.4080338266384778