0 0.5415676959619953 0.38477801268498946 0.05463182897862233 0.15010570824524314
0 0.8386282660332541 0.22647991543340382 0.06086698337292162 0.21934460887949261
0 0.8757422802850356 0.19741014799154333 0.04602137767220903 0.22463002114164904
0 0.870249406175772 0.060782241014799156 0.05641330166270784 0.12156448202959831
0 0.9291864608076009 0.11020084566596194 0.04008313539192399 0.11363636363636363
0 0.4925771971496437 0.023784355179704016 0.03978622327790974 0.04756871035940803
0 0.7874109263657957 0.07029598308668077 0.047505938242280284 0.14059196617336153
0 0.8251187648456056 0.07029598308668077 0.04334916864608076 0.14059196617336153
0 0.6872030878859857 0.18419661733615222 0.05195961995249406 0.21934460887949261
0 0.7167458432304038 0.09408033826638477 0.052256532066508314 0.18816067653276955
0 0.022268408551068885 0.47357293868921774 0.04453681710213777 0.02748414376321353
0 0.25133610451306415 0.7190803382663847 0.06086698337292162 0.21934460887949261
0 0.2884501187648456 0.6900105708245243 0.04602137767220903 0.22463002114164904
0 0.282957244655582 0.5369978858350951 0.05641330166270784 0.1543340380549683
0 0.34189429928741094 0.6028012684989429 0.04008313539192399 0.11363636363636363
0 0.30077197149643703 0.96723044397463 0.05641330166270784 0.06553911205073996
0 0.2001187648456057 0.5473044397463002 0.047505938242280284 0.17177589852008457
0 0.23782660332541566 0.5465116279069767 0.04334916864608076 0.1733615221987315
0 0.09991092636579572 0.6767970401691332 0.05195961995249406 0.21934460887949261
0 0.12945368171021376 0.5702959830866807 0.052256532066508314 0.22093023255813954
0 0.7541567695961995 0.7315010570824524 0.12885985748218529 0.29334038054968287