0 0.046564885496183206 0.3169336384439359 0.05152671755725191 0.3169336384439359
0 0.5488549618320611 0.2694508009153318 0.15877862595419848 0.41018306636155605
0 0.7358778625954199 0.30549199084668194 0.16374045801526718 0.341533180778032
0 0.733587786259542 0.3318077803203661 0.16145038167938933 0.2951945080091533
0 0.10076335877862595 0.8163615560640732 0.15877862595419848 0.36727688787185353
0 0.4064885496183206 0.7545766590389016 0.12595419847328243 0.49084668192219677
0 0.23129770992366414 0.8066361556064073 0.13893129770992366 0.38672768878718533
0 0.34083969465648856 0.782608695652174 0.12137404580152672 0.43478260869565216
0 0.9557251908396946 0.6905034324942791 0.07022900763358779 0.2745995423340961
0 0.8412213740458016 0.7911899313501144 0.18473282442748093 0.31922196796338675
0 0.7767175572519084 0.7374141876430206 0.06297709923664122 0.2963386727688787
0 0.5396946564885496 0.7986270022883295 0.14007633587786258 0.37299771167048057