0 0.19373977086743044 0.3083100558659218 0.11497545008183306 0.5621508379888268
0 0.3684328968903437 0.5352653631284916 0.022630932896890322 0.08826117318435746
0 0.463379705400982 0.5558659217877095 0.016775777414075287 0.0670391061452514
0 0.48792962356792147 0.5558659217877095 0.016775777414075287 0.0670391061452514
0 0.4584697217675941 0.5649441340782123 0.025777414075286414 0.04888268156424581
0 0.4439443535188216 0.553072625698324 0.01800327332242226 0.07262569832402235
0 0.33122340425531915 0.5306843575418995 0.017234042553191446 0.10004888268156423
0 0.3171031096563011 0.4102653631284916 0.014729950900163666 0.08868715083798882
0 0.4888747954173486 0.21381983240223468 0.015036824877250408 0.05833100558659216
0 0.47621112929623566 0.22758379888268154 0.01182078559738129 0.07013966480446931
0 0.5878396072013093 0.15156424581005593 0.013567921440261806 0.028128491620111714
0 0.9421031096563012 0.5754189944134078 0.025777414075286414 0.027932960893854747
0 0.9546194762684125 0.55213687150838 0.020621931260228984 0.05085893854748598
0 0.9554009819967266 0.5687849162011173 0.02618657937806874 0.04120111731843575
0 0.894030278232406 0.3625488826815642 0.01598199672667737 0.07320530726256978
0 0.8793330605564649 0.3474790502793296 0.014693126022913198 0.06576815642458105
0 0.87639116202946 0.33896648044692734 0.01954991816693934 0.0696857541899441
0 0.8262847790507365 0.3241131284916201 0.016448445171849353 0.06792597765363127
0 0.8639238952536826 0.28987430167597766 0.01366612111292966 0.05651536312849167
0 0.8624058919803602 0.26795391061452517 0.012896890343698847 0.050803072625698324
0 0.8407119476268412 0.23087290502793298 0.009807692307692226 0.0490572625698324
0 0.8565425531914893 0.19713687150837986 0.00854337152209497 0.04288407821229056
0 0.9905114566284778 0.1300768156424581 0.012819148936170184 0.054392458100558726
0 0.9097667757774142 0.04452513966480446 0.008756137479541586 0.04350558659217874
0 0.9015548281505729 0.053268156424580985 0.008097381342062178 0.04473463687150834
0 0.8777782324058919 0.05675977653631283 0.005523731587561375 0.04823324022346364
0 0.7928273322422259 0.19219273743016763 0.011460720130932986 0.04830307262569838
0 0.8153641571194763 0.21569832402234637 0.0076063829787234635 0.04486731843575419
0 0.8204418985270049 0.23035614525139664 0.006080196399345201 0.03876396648044692
0 0.811526186579378 0.20324720670391058 0.008113747954173457 0.04616620111731837
0 0.7573322422258593 0.21045391061452515 0.011145662847790418 0.050104748603351956
0 0.7611661211129296 0.19997206703910617 0.012684124386252046 0.04136173184357543
0 0.7738216039279869 0.2403701117318436 0.008858428805237352 0.057562849162011216
0 0.7643576104746318 0.2407821229050279 0.011088379705400945 0.05161312849162017
0 0.7389238952536824 0.21064944134078212 0.008293780687397702 0.04727653631284919
0 0.7413543371522094 0.2006284916201117 0.009345335515548342 0.05140363128491613
0 0.7334288052373159 0.1663477653631285 0.005761047463175093 0.04394553072625703
0 0.6135965630114567 0.16000698324022347 0.00956219312602287 0.04176675977653627
0 0.6787234042553192 0.23229050279329608 0.013907528641571291 0.034406424581005575
0 0.7295949263502456 0.2521578212290503 0.010360065466448326 0.030495810055865973
0 0.7185965630114566 0.27355446927374305 0.011632569558101592 0.03488826815642461
0 0.7336865793780688 0.28010474860335194 0.012409983633387859 0.025286312849162038
0 0.7446767594108019 0.2979189944134078 0.013952536824877213 0.043463687150837996
0 0.7729255319148937 0.3140851955307262 0.015756955810147202 0.03560055865921789
0 0.7834083469721768 0.29596368715083804 0.012184942716857506 0.036019553072625644
0 0.7937643207855974 0.3219553072625698 0.018072831423895284 0.07054469273743015
0 0.7983633387888707 0.3614804469273743 0.02012274959083463 0.0797555865921788
0 0.8107610474631751 0.3571717877094972 0.0137356792144025 0.06665502793296092
0 0.7134901800327332 0.39597067039106143 0.024157119476268397 0.043980446927374316
0 0.7231546644844516 0.3704678770949721 0.0209901800327333 0.043603351955307304
0 0.6710556464811783 0.37107541899441343 0.023105564648117943 0.03958798882681568
0 0.6385392798690671 0.39291201117318436 0.020294599018003238 0.04834497206703912
0 0.6862111292962356 0.2929120111731844 0.016268412438625295 0.03688547486033515
0 0.6965630114566285 0.3095041899441341 0.01499999999999994 0.04214385474860329
0 0.7062806873977087 0.3119064245810056 0.013981178396072044 0.05393854748603353
0 0.6955523731587561 0.2518645251396648 0.010932896890343803 0.03514664804469269
0 0.6453191489361703 0.23592178770949723 0.008089198036006539 0.03819134078212294
0 0.5670908346972177 0.20753491620111736 0.008036006546644792 0.028554469273743086
0 0.5791039279869067 0.21365223463687155 0.007532733224222527 0.025062849162011243
0 0.5537970540098199 0.18505586592178772 0.012119476268412394 0.055167597765363126
0 0.6416080196399345 0.20875698324022351 0.010863338788870778 0.03157821229050281
0 0.6532324058919804 0.004539106145251397 0.006955810147299509 0.009078212290502794
0 0.7585924713584288 0.017108938547486033 0.006546644844517185 0.034217877094972066
0 0.7694353518821604 0.016410614525139665 0.007774140752864157 0.03282122905027933
0 0.7755728314238952 0.018156424581005588 0.006955810147299509 0.036312849162011177
0 0.382569558101473 0.0111731843575419 0.007364975450081833 0.0223463687150838
0 0.367430441898527 0.01361731843575419 0.006546644844517185 0.02723463687150838
0 0.35433715220949263 0.013966480446927373 0.004909983633387889 0.027932960893854747
0 0.3469721767594108 0.014664804469273743 0.0032733224222585926 0.029329608938547486
0 0.3400163666121113 0.01675977653631285 0.004091653027823241 0.0335195530726257
0 0.33060556464811786 0.01675977653631285 0.007364975450081833 0.0335195530726257
0 0.33490180032733224 0.016410614525139665 0.004500818330605565 0.03282122905027933
0 0.3252864157119476 0.018156424581005588 0.0057283142389525366 0.036312849162011177
0 0.3119885433715221 0.02164804469273743 0.004500818330605565 0.040502793296089384
0 0.31444353518821605 0.3481145251396648 0.009410801963993453 0.04120111731843575
0 0.3362561374795417 0.3712709497206704 0.017929623567921507 0.0842597765363129
0 0.34777004909983633 0.4178631284916201 0.019022094926350156 0.09745810055865918
0 0.38413666121112927 0.2606983240223464 0.008036006546644792 0.05864525139664806
0 0.39317103109656304 0.26273743016759776 0.00730769230769236 0.06155726256983247
0 0.3999877250409165 0.2556005586592179 0.005949263502454977 0.04728351955307265
0 0.4235515548281506 0.2650837988826816 0.008486088379705312 0.058100558659217906
0 0.4342880523731588 0.26435754189944133 0.007467266775777414 0.062465083798882715
0 0.41554009819967264 0.20175977653631283 0.007454991816693862 0.04784217877094971
0 0.4436620294599018 0.18997206703910613 0.006452536824877243 0.04870111731843576
0 0.452013093289689 0.1840013966480447 0.006800327332242181 0.05306564245810057
0 0.40352700490998367 0.20118016759776539 0.00830196399345334 0.05017458100558653
0 0.4002864157119476 0.22621508379888272 0.007041734860883812 0.04204608938547488
0 0.4023322422258592 0.16202513966480445 0.006595744680851019 0.04168994413407824
0 0.3942389525368249 0.16930167597765367 0.005736497545008176 0.043442737430167626
0 0.3615998363338789 0.17032122905027933 0.00827332242225851 0.05013966480446924
0 0.372847790507365 0.16435055865921788 0.0069148936170213135 0.04168994413407824
0 0.3875040916530278 0.16217178770949722 0.004881342062193059 0.05013268156424579
0 0.3829009819967267 0.16869413407821232 0.007049918166939451 0.04389664804469267
0 0.35512274959083473 0.14731843575418993 0.006906710310965675 0.04720670391061454
0 0.3606628477905074 0.1397486033519553 0.00400981996726685 0.03671787709497202
0 0.37054828150572827 0.14644553072625696 0.006743044189852708 0.037304469273742986
0 0.38060147299509006 0.15532821229050284 0.007774140752864157 0.04575418994413406
0 0.4963829787234043 0.40150139664804474 0.02094517184942719 0.048435754189944065
0 0.510511456628478 0.41929469273743014 0.020212765957446845 0.058617318435754226
0 0.6200450081833061 0.1659846368715084 0.010368248772504151 0.04270251396648051
0 0.7187806873977087 0.1770041899441341 0.014525368248772505 0.03479050279329605
0 0.5416898527004911 0.15468575418994412 0.008289689034369975 0.023854748603352013
0 0.5499468085106383 0.15468575418994412 0.008731587561374855 0.02585195530726256
0 0.6783960720130933 0.5687849162011173 0.04337152209492635 0.04120111731843575
0 0.943657937806874 0.412304469273743 0.022467266775777355 0.08018854748603346
0 0.9934533551554828 0.45879888268156427 0.01309328968903437 0.06424581005586592
0 0.8852168576104747 0.22265363128491622 0.01193126022913251 0.044071229050279256
0 0.8890098199672667 0.2480796089385475 0.013195581014729951 0.05072625698324029
0 0.7984410801963993 0.20268854748603352 0.007782324058919796 0.03805865921787709
0 0.7579787234042553 0.2977653631284916 0.013891162029459827 0.03666201117318436
0 0.9026718494271686 0.030083798882681555 0.004603109656301146 0.016878491620111704
0 0.8812643207855974 0.05815642458100557 0.005409165302782428 0.039497206703910576
0 0.8686538461538461 0.05210195530726258 0.009897708674304442 0.0488058659217877
0 0.7960310965630114 0.0031424581005586594 0.0061374795417348605 0.006284916201117319
0 0.3541162029459902 0.34037709497206703 0.01830605564648109 0.06669692737430168
0 0.3237847790507365 0.397981843575419 0.018351063829787198 0.0881215083798883
0 0.3146481178396072 0.3261173184357542 0.009819967266775777 0.04329608938547486
0 0.3158756137479542 0.3097067039106145 0.012274959083469721 0.031424581005586594
0 0.3245294599018004 0.3378072625698324 0.00932487725040915 0.03455307262569834
0 0.3312111292962357 0.25399441340782125 0.011775777414075369 0.05966480446927378
0 0.3372790507364975 0.2607192737430168 0.011362520458265132 0.061899441340782194
0 0.3292348608837971 0.12806564245810054 0.0069026186579377626 0.040586592178770954
0 0.38677577741407526 0.24941340782122903 0.011301145662847746 0.06260474860335202
0 0.6337847790507365 0.23420391061452514 0.01899754500818324 0.033917597765363086
0 0.9952945990180033 0.5373603351955307 0.009410801963993453 0.039804469273743016
0 0.5240548281505728 0.1868086592178771 0.01137888707037641 0.05984636871508383
0 0.5002700490998364 0.13344273743016757 0.007798690671031074 0.04504888268156424
0 0.6409574468085106 0.7196229050279329 0.15425531914893617 0.2601256983240223