0 0.9744389027431422 0.6906354515050167 0.05112219451371571 0.6187290969899666
0 0.8821695760598504 0.7859531772575251 0.2057356608478803 0.4280936454849498
0 0.7331670822942643 0.7884615384615384 0.1596009975062344 0.4230769230769231
0 0.6072319201995012 0.7274247491638796 0.12718204488778054 0.5451505016722408
0 0.48192019950124687 0.729933110367893 0.1483790523690773 0.540133779264214
0 0.26683291770573564 0.7132107023411371 0.07481296758104738 0.5735785953177257
0 0.3634663341645885 0.7015050167224081 0.15336658354114713 0.596989966555184
0 0.5679551122194514 0.4289297658862876 0.16084788029925187 0.2725752508361204
0 0.9470074812967582 0.6287625418060201 0.1059850374064838 0.32441471571906355
0 0.8447630922693267 0.5794314381270903 0.09850374064837905 0.225752508361204
0 0.5486284289276808 0.5108695652173914 0.06483790523690773 0.14214046822742474
0 0.44576059850374067 0.520066889632107 0.05860349127182045 0.12040133779264214
0 0.6982543640897756 0.5367892976588629 0.14463840399002495 0.2976588628762542
0 0.9052369077306733 0.5309364548494984 0.06733167082294264 0.11872909698996656