0 0.04640883977900553 0.17141453831041256 0.09281767955801105 0.2382121807465619
0 0.1074585635359116 0.18467583497053044 0.05082872928176796 0.07170923379174853
0 0.2701657458563536 0.1881139489194499 0.12292817679558012 0.1144400785854617
0 0.26519337016574585 0.1743614931237721 0.020994475138121547 0.055992141453831044
0 0.4102209944751381 0.14292730844793713 0.11878453038674033 0.27406679764243613
0 0.3850828729281768 0.3236738703339882 0.16878453038674032 0.09430255402750491
0 0.3201657458563536 0.7303536345776032 0.11408839779005525 0.468565815324165
0 0.06104972375690608 0.756385068762279 0.12209944751381216 0.48722986247544203
0 0.04585635359116022 0.7283889980353635 0.09143646408839778 0.4818271119842829
0 0.7957182320441989 0.819007858546169 0.05386740331491713 0.22838899803536344
0 0.7149171270718232 0.6716601178781926 0.052486187845303865 0.2431237721021611
0 0.6411602209944751 0.900294695481336 0.06464088397790055 0.1994106090373281
0 0.5408839779005525 0.9454813359528488 0.07734806629834254 0.10903732809430255
0 0.5602209944751381 0.8177799607072691 0.06629834254143646 0.26522593320235754