0 0.8748633879781421 0.20145631067961164 0.2502732240437158 0.22864077669902913
0 0.6898907103825137 0.2111650485436893 0.40382513661202185 0.21601941747572814
0 0.7439890710382514 0.19466019417475727 0.23852459016393443 0.20631067961165048
0 0.21092896174863388 0.6786407766990291 0.19726775956284154 0.5621359223300971
0 0.0773224043715847 0.6597087378640777 0.15437158469945356 0.6805825242718446
0 0.9811475409836066 0.9393203883495146 0.03770491803278689 0.12135922330097088
0 0.5647540983606557 0.8385922330097088 0.05191256830601093 0.21601941747572814
0 0.5920765027322404 0.7257281553398058 0.04918032786885246 0.22815533980582525
0 0.9459016393442623 0.42961165048543687 0.05191256830601093 0.13106796116504854
0 0.8960382513661203 0.5109223300970874 0.045081967213114756 0.2354368932038835
0 0.8931693989071038 0.38398058252427186 0.0453551912568306 0.129126213592233
0 0.9493169398907104 0.5800970873786407 0.04781420765027322 0.19902912621359223
0 0.9401639344262295 0.8907766990291263 0.040983606557377046 0.21844660194174756
0 0.7969945355191257 0.5157766990291263 0.04371584699453552 0.17718446601941748
0 0.839344262295082 0.5024271844660194 0.03825136612021858 0.1941747572815534
0 0.7538251366120219 0.3572815533980582 0.0453551912568306 0.07572815533980583
0 0.7893442622950819 0.35145631067961164 0.04207650273224044 0.06407766990291262
0 0.8193989071038251 0.3587378640776699 0.03989071038251366 0.07864077669902912
0 0.8713114754098361 0.34271844660194173 0.04207650273224044 0.04660194174757282
0 0.7075136612021858 0.7257281553398058 0.05327868852459016 0.25728155339805825
0 0.7819672131147541 0.7135922330097088 0.060109289617486336 0.21844660194174756
0 0.8741803278688525 0.7694174757281553 0.05874316939890711 0.22330097087378642
0 0.5456284153005464 0.3864077669902913 0.04644808743169399 0.13398058252427184
0 0.3950819672131147 0.4587378640776699 0.030601092896174863 0.16990291262135923
0 0.43155737704918035 0.5546116504854369 0.04781420765027322 0.17718446601941748