0 0.5032967032967033 0.05419921875 0.04395604395604396 0.1083984375
0 0.5016483516483516 0.02490234375 0.04285714285714286 0.0498046875
0 0.4423076923076923 0.45458984375 0.05054945054945055 0.1103515625
0 0.7171703296703297 0.322509765625 0.05631868131868132 0.20263671875
0 0.751510989010989 0.295654296875 0.042582417582417584 0.20751953125
0 0.7467032967032967 0.14306640625 0.0521978021978022 0.166015625
0 0.8009615384615385 0.215087890625 0.03708791208791209 0.10498046875
0 0.9657967032967033 0.290771484375 0.04807692307692308 0.19775390625
0 0.9431318681318681 0.1796875 0.038461538461538464 0.1806640625
0 0.931456043956044 0.13330078125 0.028846153846153848 0.1611328125
0 0.9934065934065934 0.1806640625 0.013186813186813187 0.177734375
0 0.9934065934065934 0.09130859375 0.013186813186813187 0.1416015625
0 0.9596153846153846 0.1064453125 0.03571428571428571 0.1611328125
0 0.9151098901098901 0.037109375 0.04010989010989011 0.07421875
0 0.9447802197802198 0.01904296875 0.03571428571428571 0.0380859375
0 0.9785714285714285 0.0263671875 0.04285714285714286 0.052734375
0 0.40796703296703296 0.0224609375 0.015934065934065933 0.044921875
0 0.6697802197802197 0.163818359375 0.04395604395604396 0.15869140625
0 0.7048076923076924 0.1552734375 0.03983516483516483 0.17578125
0 0.604532967032967 0.18212890625 0.04807692307692308 0.2099609375
0 0.8788461538461538 0.0263671875 0.03021978021978022 0.052734375
0 0.5543956043956044 0.266357421875 0.046703296703296704 0.20263671875
0 0.31978021978021975 0.7919921875 0.16043956043956045 0.416015625
0 0.11483516483516483 0.73876953125 0.15686813186813187 0.248046875
0 0.9832417582417582 0.92431640625 0.033516483516483515 0.1513671875
0 0.5667582417582417 0.808349609375 0.0521978021978022 0.21728515625
0 0.5942307692307692 0.69482421875 0.04945054945054945 0.2294921875
0 0.8837912087912088 0.57177734375 0.0521978021978022 0.1240234375
0 0.9010989010989011 0.53125 0.045054945054945054 0.04296875
0 0.4153846153846154 0.58251953125 0.03076923076923077 0.1455078125
0 0.7741758241758242 0.871826171875 0.06318681318681318 0.21240234375
0 0.7769230769230769 0.970703125 0.06593406593406594 0.05859375
0 0.8667582417582418 0.927734375 0.056593406593406594 0.14453125
0 0.9280219780219781 0.82666015625 0.0521978021978022 0.2490234375