0 0.7115168539325842 0.2955 0.06657303370786517 0.0815
0 0.7817415730337078 0.305 0.07640449438202247 0.0935
0 0.30702247191011234 0.379 0.034269662921348316 0.47
0 0.8353932584269663 0.287 0.06769662921348314 0.106
0 0.5320224719101123 0.2975 0.0702247191011236 0.085
0 0.6536516853932585 0.3015 0.06657303370786517 0.073
0 0.4654494382022472 0.294 0.06769662921348314 0.085
0 0.8441011235955056 0.241 0.0800561797752809 0.132
0 0.9617977528089887 0.372 0.07640449438202247 0.272
0 0.5912921348314607 0.3035 0.06544943820224719 0.083
0 0.7410112359550561 0.2705 0.044382022471910115 0.1075
0 0.45252808988764043 0.1985 0.06910112359550562 0.22
0 0.9019662921348315 0.2945 0.07528089887640449 0.083
0 0.7761235955056179 0.241 0.06292134831460675 0.0935
0 0.5030898876404495 0.274 0.03932584269662921 0.09
0 0.3300561797752809 0.4245 0.0800561797752809 0.4335
0 0.5561797752808989 0.216 0.044382022471910115 0.1995
0 0.6376404494382022 0.2235 0.041853932584269664 0.2115
0 0.4002808988764045 0.3045 0.07275280898876405 0.0675
0 0.673876404494382 0.2585 0.04550561797752809 0.1075
0 0.6713483146067416 0.2115 0.048033707865168536 0.201
0 0.1457865168539326 0.8925 0.05449438202247191 0.215
0 0.24269662921348314 0.794 0.0550561797752809 0.208
0 0.7345505617977528 0.9545 0.052247191011235955 0.091
0 0.4537921348314607 0.83025 0.05758426966292135 0.2075
0 0.4186797752808989 0.80275 0.04353932584269663 0.2125
0 0.423314606741573 0.7105 0.05337078651685393 0.041
0 0.36797752808988765 0.732 0.038202247191011236 0.084
0 0.9946629213483146 0.762 0.010674157303370787 0.144
0 0.9775280898876404 0.763 0.0348314606741573 0.146
0 0.9514044943820225 0.7645 0.042134831460674156 0.149
0 0.9207865168539325 0.804 0.033707865168539325 0.185
0 0.8912921348314606 0.80275 0.047752808988764044 0.2025
0 0.9207865168539325 0.7305 0.028089887640449437 0.081
0 0.8806179775280899 0.7155 0.04325842696629213 0.051
0 0.5745786516853932 0.8115 0.060393258426966294 0.21
0 0.9640449438202248 0.938 0.0449438202247191 0.124
0 0.9842696629213483 0.9295 0.03146067415730337 0.141