0 0.3080895008605852 0.33964365256124723 0.16351118760757316 0.45879732739420936
0 0.5456110154905336 0.3212694877505568 0.1523235800344234 0.26224944320712695
0 0.23537005163511188 0.8162583518930958 0.21084337349397592 0.3674832962138085
0 0.19707401032702238 0.7355233853006682 0.06196213425129088 0.14309576837416482
0 0.8545611015490534 0.784521158129176 0.11187607573149742 0.4309576837416481
0 0.9453528399311532 0.784521158129176 0.10929432013769363 0.4309576837416481
0 0.7469879518072289 0.8179287305122495 0.11876075731497418 0.36414253897550114
0 0.4173838209982788 0.8212694877505567 0.055077452667814115 0.3574610244988864
0 0.6432874354561101 0.8184855233853007 0.10240963855421686 0.36302895322939865
0 0.4806368330464716 0.8340757238307349 0.08519793459552495 0.33184855233853006
0 0.43717728055077454 0.6564587973273942 0.06368330464716007 0.17483296213808464
0 0.5133390705679862 0.6570155902004454 0.09896729776247848 0.1759465478841871
0 0.5559380378657487 0.8262806236080178 0.09466437177280551 0.34743875278396436
0 0.4018932874354561 0.6486636971046771 0.024096385542168676 0.15924276169265034
0 0.7758175559380379 0.7728285077951003 0.09380378657487091 0.40757238307349664
0 0.5873493975903614 0.655902004454343 0.06970740103270223 0.17371937639198218
0 0.7013769363166954 0.6497772828507795 0.06884681583476764 0.16146993318485522
0 0.6441480206540448 0.6414253897550112 0.06970740103270223 0.1447661469933185