0 0.418997668997669 0.02437759336099585 0.053613053613053616 0.0487551867219917
0 0.7331002331002331 0.14263485477178423 0.05536130536130536 0.1400414937759336
0 0.5874125874125874 0.1270746887966805 0.043706293706293704 0.1970954356846473
0 0.6194638694638694 0.11929460580912864 0.05244755244755245 0.19190871369294607
0 0.6587995337995338 0.09854771784232365 0.05244755244755245 0.19190871369294607
0 0.8969988344988346 0.2800829875518672 0.056818181818181816 0.21265560165975103
0 0.9101107226107226 0.12318464730290457 0.04516317016317016 0.1841286307053942
0 0.8677156177156177 0.08402489626556017 0.03613053613053613 0.16804979253112035
0 0.9688228438228438 0.0803941908713693 0.049533799533799536 0.1607883817427386
0 0.5269522144522144 0.21265560165975103 0.05099067599067599 0.22821576763485477
0 0.6777389277389277 0.2217323651452282 0.05536130536130536 0.24636929460580914
0 0.6864801864801865 0.29045643153526973 0.0641025641025641 0.23858921161825727
0 0.9130244755244755 0.17116182572614108 0.04224941724941725 0.17634854771784234
0 0.4337121212121212 0.1400414937759336 0.053904428904428904 0.19190871369294607
0 0.2100815850815851 0.9543568464730291 0.06235431235431235 0.0912863070539419
0 0.16113053613053613 0.45435684647302904 0.05536130536130536 0.08921161825726141
0 0.018648018648018648 0.4605809128630705 0.037296037296037296 0.1016597510373444
0 0.047785547785547784 0.4553941908713693 0.05244755244755245 0.0912863070539419
0 0.08682983682983683 0.4450207468879668 0.05244755244755245 0.07053941908713693
0 0.3327505827505827 0.4553941908713693 0.0337995337995338 0.0912863070539419
0 0.29603729603729606 0.4320539419087137 0.03613053613053613 0.044605809128630707
0 0.13782051282051283 0.8765560165975104 0.05536130536130536 0.24688796680497926
0 0.10576923076923077 0.5202282157676349 0.05536130536130536 0.22095435684647302
0 0.1148018648018648 0.5806535269709544 0.0641025641025641 0.24636929460580914
0 0.3347902097902098 0.47769709543568467 0.02972027972027972 0.1358921161825726
0 0.011363636363636364 0.879149377593361 0.022727272727272728 0.241701244813278
0 0.03350815850815851 0.9595435684647303 0.06701631701631702 0.08091286307053942
0 0.06148018648018648 0.9139004149377593 0.060023310023310024 0.17219917012448133
0 0.3275058275058275 0.6364107883817427 0.04428904428904429 0.22302904564315354
0 0.6503496503496503 0.6758298755186722 0.19318181818181818 0.3879668049792531