0 0.9050632911392406 0.2346311475409836 0.07479861910241657 0.4323770491803279
0 0.964614499424626 0.2336065573770492 0.07077100115074798 0.4672131147540984
0 0.8331415420023015 0.3012295081967213 0.07940161104718067 0.3770491803278688
0 0.7638089758342923 0.30174180327868855 0.06846950517836593 0.3760245901639344
0 0.6550632911392406 0.3160860655737705 0.056962025316455694 0.3473360655737705
0 0.6334867663981588 0.11014344262295082 0.02761795166858458 0.2038934426229508
0 0.67692750287687 0.10655737704918032 0.0661680092059839 0.21311475409836064
0 0.7054085155350979 0.3089139344262295 0.06329113924050633 0.36168032786885246
0 0.8524165707710012 0.21413934426229508 0.06271576524741082 0.42418032786885246
0 0.726409666283084 0.10604508196721311 0.04660529344073648 0.21004098360655737
0 0.8026467203682394 0.09989754098360656 0.04602991944764097 0.19979508196721313
0 0.7643843498273878 0.09221311475409837 0.04660529344073648 0.18442622950819673
0 0.2846662830840046 0.8278688524590164 0.06185270425776755 0.23565573770491804
0 0.213463751438435 0.6869877049180327 0.05466052934407365 0.2612704918032787
0 0.0667433831990794 0.6895491803278688 0.0661680092059839 0.25614754098360654
0 0.13794591484464902 0.7689549180327869 0.05897583429228999 0.2766393442622951
0 0.4131185270425777 0.5204918032786885 0.06904487917146145 0.06147540983606557
0 0.12284234752589183 0.8381147540983607 0.07192174913693901 0.3125
0 0.6429804372842347 0.5507172131147541 0.04660529344073648 0.12192622950819672
0 0.9506616800920599 0.6436987704918032 0.04459148446490219 0.19723360655737704
0 0.643843498273878 0.7013319672131147 0.04833141542002301 0.21004098360655737
0 0.6372266973532796 0.9569672131147541 0.035097813578826235 0.0860655737704918
0 0.8570195627157653 0.5276639344262295 0.03624856156501726 0.07581967213114754
0 0.8719792865362486 0.5747950819672131 0.048906789413118525 0.17008196721311475
0 0.8239355581127733 0.5737704918032787 0.039125431530494824 0.1680327868852459
0 0.7945914844649021 0.6424180327868853 0.043153049482163405 0.19467213114754098
0 0.8010644418872267 0.8101946721311475 0.050345224395857306 0.2382172131147541