0 0.26497326203208554 0.2799429657794677 0.5299465240641711 0.5598859315589354
0 0.9336898395721925 0.3650190114068441 0.13262032085561498 0.3897338403041825
0 0.6024064171122995 0.31606463878326996 0.12967914438502673 0.4876425855513308
0 0.26497326203208554 0.7799429657794676 0.5299465240641711 0.44011406844106465
0 0.9834224598930481 0.9196768060836502 0.033155080213903745 0.16064638783269963
0 0.6449197860962567 0.6611216730038023 0.05080213903743316 0.12832699619771862
0 0.7783422459893048 0.6482889733840305 0.040106951871657755 0.17680608365019013
0 0.7491978609625668 0.6435361216730038 0.0481283422459893 0.16730038022813687
0 0.7128342245989305 0.6340304182509505 0.0481283422459893 0.1482889733840304
0 0.7090909090909091 0.7894486692015209 0.05080213903743316 0.20437262357414449
0 0.692379679144385 0.7288498098859315 0.04411764705882353 0.16872623574144488
0 0.9096256684491979 0.6848859315589354 0.05080213903743316 0.1758555133079848
0 0.8340909090909091 0.7252851711026616 0.04679144385026738 0.20912547528517111