0 0.6816939890710383 0.38106796116504854 0.07923497267759563 0.5776699029126213
0 0.759016393442623 0.3650485436893204 0.06994535519125683 0.6092233009708737
0 0.853551912568306 0.4305825242718447 0.0633879781420765 0.4786407766990291
0 0.9467213114754098 0.3733009708737864 0.07349726775956285 0.5932038834951456
0 0.9153005464480874 0.36844660194174755 0.08633879781420765 0.6024271844660194
0 0.7972677595628416 0.40194174757281553 0.06557377049180328 0.5359223300970873
0 0.8644808743169399 0.20776699029126214 0.03333333333333333 0.14902912621359224
0 0.4583333333333333 0.8300970873786407 0.05874316939890711 0.22330097087378642
0 0.031420765027322405 0.7281553398058253 0.05191256830601093 0.11650485436893204
0 0.40683060109289615 0.7572815533980582 0.040983606557377046 0.17475728155339806
0 0.3407103825136612 0.6951456310679611 0.058469945355191254 0.05048543689320388
0 0.7693989071038252 0.8771844660194175 0.056010928961748634 0.24563106796116504
0 0.7273224043715847 0.8742718446601941 0.05437158469945355 0.23737864077669904
0 0.9543715846994536 0.8524271844660194 0.0592896174863388 0.08786407766990291
0 0.8672131147540983 0.8446601941747572 0.05 0.05728155339805825
0 0.8188524590163935 0.8383495145631068 0.040437158469945354 0.05145631067961165