0 0.5435344827586207 0.3430232558139535 0.06810344827586207 0.5335917312661499
0 0.7469827586206896 0.3049095607235142 0.24224137931034484 0.6098191214470284
0 0.9487068965517241 0.38113695090439276 0.10258620689655172 0.4573643410852713
0 0.8775862068965518 0.3049095607235142 0.13793103448275862 0.6098191214470284
0 0.6581896551724138 0.35658914728682173 0.18017241379310345 0.5064599483204134
0 0.6573275862068966 0.11886304909560723 0.13879310344827586 0.23772609819121446
0 0.9422413793103448 0.8165374677002584 0.11551724137931034 0.3669250645994832
0 0.5594827586206896 0.9250645994832042 0.1 0.14987080103359174
0 0.6599137931034482 0.9192506459948321 0.12844827586206897 0.16149870801033592
0 0.7693965517241379 0.9328165374677002 0.1146551724137931 0.1343669250645995
0 0.8495689655172414 0.917312661498708 0.10775862068965517 0.165374677002584
0 0.719396551724138 0.8255813953488372 0.09051724137931035 0.30749354005167956
0 0.631896551724138 0.8094315245478036 0.09827586206896552 0.35271317829457366
0 0.5504310344827587 0.8242894056847545 0.08189655172413793 0.30749354005167956
0 0.7931034482758621 0.8165374677002584 0.08103448275862069 0.29457364341085274
0 0.8650862068965517 0.7881136950904393 0.08189655172413793 0.2739018087855297