0 0.5565642458100558 0.5497017892644135 0.06005586592178771 0.2286282306163022
0 0.9832402234636871 0.3941351888667992 0.0335195530726257 0.2216699801192843
0 0.9650837988826816 0.2788270377733598 0.05027932960893855 0.23359840954274355
0 0.603072625698324 0.021371769383697812 0.05307262569832402 0.042743538767395624
0 0.6541899441340782 0.08946322067594434 0.04581005586592179 0.17892644135188868
0 0.5998603351955307 0.12972166998011928 0.04888268156424581 0.20377733598409542
0 0.6089385474860335 0.45029821073558646 0.04189944134078212 0.2286282306163022
0 0.4664804469273743 0.08349900596421471 0.013407821229050279 0.16699801192842942
0 0.7553072625698324 0.07703777335984095 0.0446927374301676 0.1540755467196819
0 0.7122905027932961 0.07455268389662027 0.03910614525139665 0.14910536779324055
0 0.6752793296089385 0.36456262425447317 0.06005586592178771 0.2360834990059642
0 0.7639664804469274 0.30740556660039764 0.05865921787709497 0.2261431411530815
0 0.8331005586592178 0.23409542743538767 0.051675977653631286 0.2485089463220676
0 0.473463687150838 0.25894632206759444 0.027374301675977653 0.23359840954274355
0 0.6298882681564246 0.4826043737574553 0.055865921787709494 0.2584493041749503
0 0.007262569832402235 0.8136182902584493 0.01452513966480447 0.048707753479125246
0 0.03100558659217877 0.812624254473161 0.022625698324022347 0.04920477137176938