0 0.41276913875598087 0.3039468085106383 0.027021531100478505 0.169840425531915
0 0.4489892344497608 0.2501914893617021 0.01971889952153112 0.06940425531914894
0 0.35194976076555023 0.2877340425531915 0.02283492822966504 0.18528723404255326
0 0.37022727272727274 0.2655744680851064 0.022171052631578977 0.14095744680851063
0 0.9880382775119617 0.9111702127659574 0.023923444976076555 0.1776595744680851
0 0.9736842105263158 0.8175531914893617 0.05263157894736842 0.25
0 0.5870215311004785 0.5074468085106383 0.056818181818181816 0.1148936170212766
0 0.6109449760765551 0.9127659574468086 0.056818181818181816 0.17446808510638298
0 0.8944377990430622 0.5191489361702127 0.05562200956937799 0.13829787234042554
0 0.4034090909090909 0.7058510638297872 0.07177033492822966 0.22872340425531915
0 0.8160885167464115 0.6300531914893617 0.06578947368421052 0.2473404255319149
0 0.6067583732057417 0.6566489361702128 0.04485645933014354 0.22074468085106383
0 0.6418959330143541 0.5821808510638298 0.049342105263157895 0.2579787234042553
0 0.6447368421052632 0.4819148936170213 0.04904306220095694 0.06382978723404255
0 0.750299043062201 0.551595744680851 0.04485645933014354 0.18617021276595744
0 0.7075358851674641 0.5457446808510639 0.0430622009569378 0.19148936170212766
0 0.41761363636363635 0.551595744680851 0.03738038277511962 0.20212765957446807
0 0.3965311004784689 0.5138297872340426 0.0430622009569378 0.1276595744680851
0 0.3672248803827751 0.5074468085106383 0.03588516746411483 0.1148936170212766
0 0.3498803827751196 0.48351063829787233 0.02033492822966507 0.06702127659574468
0 0.6875 0.9313829787234043 0.06279904306220095 0.1372340425531915
0 0.7607655502392344 0.9031914893617021 0.07177033492822966 0.19361702127659575