0 0.3033149171270718 0.09479371316306483 0.018508287292817678 0.15029469548133595
0 0.3069060773480663 0.0343811394891945 0.024861878453038673 0.068762278978389
0 0.269060773480663 0.05550098231827112 0.023756906077348067 0.0962671905697446
0 0.2541436464088398 0.07465618860510806 0.012983425414364641 0.07367387033398821
0 0.8569060773480663 0.34577603143418467 0.09723756906077348 0.30844793713163066
0 0.9342541436464088 0.3393909626719057 0.09171270718232044 0.318762278978389
0 0.46740331491712706 0.3300589390962672 0.0861878453038674 0.3113948919449902
0 0.7544198895027624 0.34528487229862476 0.07348066298342541 0.29273084479371314
0 0.5201657458563536 0.32711198428290766 0.08756906077348066 0.29960707269155207
0 0.6276243093922652 0.3413555992141454 0.0930939226519337 0.30844793713163066
0 0.6908839779005524 0.3325147347740668 0.08453038674033149 0.3231827111984283
0 0.5759668508287292 0.33988212180746563 0.057734806629834254 0.28831041257367385
0 0.7975138121546961 0.3300589390962672 0.06077348066298342 0.3113948919449902
0 0.09530386740331492 0.8614931237721022 0.013259668508287293 0.12033398821218075
0 0.1074585635359116 0.8629666011787819 0.010773480662983425 0.1237721021611002
0 0.12486187845303867 0.8516699410609038 0.015193370165745856 0.09332023575638507
0 0.17679558011049723 0.8467583497053045 0.008011049723756906 0.09774066797642436
0 0.1878453038674033 0.8452848722986247 0.01270718232044199 0.1055992141453831
0 0.2969613259668508 0.8285854616895875 0.013535911602209945 0.09430255402750491
0 0.256353591160221 0.8330058939096268 0.010220994475138122 0.0756385068762279
0 0.19972375690607735 0.8290766208251473 0.009668508287292817 0.06827111984282908
0 0.15856353591160222 0.831532416502947 0.009392265193370166 0.06041257367387033
0 0.14392265193370166 0.8325147347740668 0.00856353591160221 0.05844793713163065
0 0.13591160220994475 0.8339882121807466 0.009392265193370166 0.05844793713163065
0 0.31712707182320443 0.8167976424361493 0.0055248618784530384 0.06679764243614932
0 0.22679558011049725 0.825147347740668 0.009116022099447514 0.05992141453831041
0 0.6150552486187846 0.8025540275049116 0.05939226519337017 0.22593320235756384
0 0.6668508287292818 0.7043222003929273 0.04143646408839779 0.22593320235756384
0 0.5196132596685082 0.5800589390962672 0.05359116022099448 0.10117878192534381
0 0.9022099447513812 0.5972495088408645 0.05414364640883978 0.13555992141453832
0 0.8270718232044199 0.581041257367387 0.06077348066298342 0.1031434184675835
0 0.7337016574585635 0.6105108055009824 0.05966850828729282 0.16208251473477406