0 0.3045134818288394 0.21242171189979123 0.19021101992966002 0.2453027139874739
0 0.2456037514654162 0.17745302713987474 0.1735052754982415 0.11638830897703549
0 0.6998827667057445 0.13778705636743216 0.6002344665885111 0.2755741127348643
0 0.24413833528722156 0.7335594989561587 0.05568581477139507 0.23225469728601253
0 0.2734466588511137 0.6122129436325678 0.05275498241500586 0.2453027139874739
0 0.376905041031653 0.40970772442588727 0.04572098475967175 0.08037578288100208
0 0.008499413833528723 0.6837160751565762 0.016998827667057445 0.23799582463465555
0 0.010550996483001172 0.4373695198329854 0.021101992966002344 0.13569937369519833
0 0.03604923798358734 0.46450939457202506 0.038100820633059786 0.18997912317327767
0 0.07180539273153576 0.4697286012526096 0.05451348182883939 0.20041753653444677
0 0.4715709261430246 0.9420668058455115 0.05568581477139507 0.11586638830897704
0 0.5005861664712778 0.8783924843423799 0.05275498241500586 0.24321503131524008
0 0.5647713950762017 0.41805845511482254 0.05451348182883939 0.09707724425887265
0 0.563305978898007 0.3763048016701461 0.05744431418522861 0.013569937369519834
0 0.88042203985932 0.5610647181628392 0.05568581477139507 0.1409185803757829
0 0.7338804220398594 0.5454070981210856 0.043962485345838215 0.19832985386221294
0 0.7661195779601406 0.5375782881002088 0.05275498241500586 0.1931106471816284
0 0.8056858147713951 0.5167014613778705 0.05275498241500586 0.1931106471816284
0 0.6884525205158265 0.3945720250521921 0.038100820633059786 0.05010438413361169
0 0.7186400937866354 0.39091858037578286 0.04572098475967175 0.04279749478079332
0 0.757327080890973 0.3987473903966597 0.05275498241500586 0.05845511482254697
0 0.4358147713950762 0.4102296450939457 0.050996483001172335 0.081419624217119
0 0.8566822977725674 0.9436325678496869 0.05568581477139507 0.1127348643006263
0 0.6730656506447831 0.6315240083507306 0.05128956623681125 0.22964509394572025
0 0.7007620164126612 0.9618997912317327 0.0627198124267292 0.07620041753653445
0 0.824736225087925 0.6406576200417536 0.05568581477139507 0.24791231732776617
0 0.8335287221570926 0.7137265135699373 0.06447831184056271 0.24791231732776617
0 0.4239449003516999 0.5180062630480167 0.04835873388042204 0.16440501043841335
0 0.5792790152403282 0.558455114822547 0.05422039859320047 0.1931106471816284