0 0.14978902953586498 0.1930379746835443 0.25738396624472576 0.3860759493670886
0 0.0580168776371308 0.2869198312236287 0.1160337552742616 0.48523206751054854
0 0.13924050632911392 0.7478902953586498 0.27848101265822783 0.43670886075949367
0 0.38396624472573837 0.8333333333333334 0.17721518987341772 0.3333333333333333
0 0.8270042194092827 0.7478902953586498 0.05485232067510549 0.19198312236286919
0 0.9757383966244726 0.7848101265822784 0.04852320675105485 0.18143459915611815
0 0.7280168776371309 0.7403375527426159 0.05896624472573849 0.08698312236286923
0 0.6977848101265823 0.7721940928270041 0.09191983122362855 0.21305907172995783
0 0.5776371308016878 0.8405696202531646 0.07354430379746839 0.24339662447257385
0 0.5538396624472574 0.7543670886075949 0.10097046413502113 0.1462447257383966
0 0.2869198312236287 0.879746835443038 0.016877637130801686 0.12236286919831224