0 0.7281468531468531 0.120850622406639 0.029137529137529136 0.07935684647302904
0 0.7788461538461539 0.125 0.031177156177156176 0.06587136929460581
0 0.8094405594405595 0.12188796680497925 0.019522144522144524 0.0679460580912863
0 0.585955710955711 0.14159751037344398 0.06993006993006994 0.18360995850622408
0 0.9734848484848485 0.11514522821576763 0.020396270396270396 0.0487551867219917
0 0.9408508158508159 0.11307053941908714 0.019522144522144524 0.04979253112033195
0 0.8977272727272727 0.15767634854771784 0.09702797202797203 0.1950207468879668
0 0.747960372960373 0.12188796680497925 0.0236013986013986 0.07572614107883817
0 0.2634032634032634 0.375 0.046620046620046623 0.11099585062240663
0 0.26165501165501165 0.34387966804979253 0.045454545454545456 0.0487551867219917
0 0.19886363636363635 0.8589211618257261 0.053904428904428904 0.23858921161825727
0 0.16958041958041958 0.9279045643153527 0.05944055944055944 0.1441908713692946
0 0.49009324009324007 0.6576763485477178 0.05944055944055944 0.2157676348547718
0 0.5119463869463869 0.629149377593361 0.015734265734265736 0.22095435684647302
0 0.5067016317016317 0.46680497925311204 0.026223776223776224 0.17634854771784234
0 0.3707750582750583 0.4375 0.056818181818181816 0.20487551867219916
0 0.36494755244755245 0.6384854771784232 0.06264568764568765 0.21784232365145229
0 0.1547202797202797 0.3412863070539419 0.03205128205128205 0.043568464730290454
0 0.15078671328671328 0.4024896265560166 0.039335664335664336 0.1607883817427386
0 0.02258158508158508 0.6631224066390041 0.04516317016317016 0.21524896265560167
0 0.004370629370629371 0.6561203319502075 0.008741258741258742 0.20228215767634855
0 0.023310023310023312 0.5098547717842323 0.046620046620046623 0.17323651452282157
0 0.028409090909090908 0.41286307053941906 0.039335664335664336 0.1607883817427386
0 0.43997668997669 0.48936721991701243 0.046620046620046623 0.16856846473029047
0 0.4771270396270396 0.4802904564315353 0.04224941724941725 0.18672199170124482