0 0.16637731481481483 0.6872427983539094 0.33275462962962965 0.6255144032921811
0 0.8041087962962963 0.934156378600823 0.061921296296296294 0.13168724279835392
0 0.39814814814814814 0.706275720164609 0.017361111111111112 0.2417695473251029
0 0.44386574074074076 0.2844650205761317 0.05324074074074074 0.029835390946502057
0 0.7557870370370371 0.3924897119341564 0.05497685185185185 0.1388888888888889
0 0.7029803240740741 0.4786522633744856 0.04774305555555555 0.24948559670781892
0 0.7000868055555556 0.34233539094650206 0.04774305555555555 0.14146090534979425
0 0.9198495370370371 0.30761316872427985 0.03877314814814815 0.07613168724279835
0 0.7594039351851852 0.551954732510288 0.05063657407407408 0.2109053497942387
0 0.7497106481481481 0.8827160493827161 0.043402777777777776 0.2345679012345679
0 0.6956018518518519 0.9017489711934157 0.0625 0.19650205761316872
0 0.6754918981481481 0.8310185185185185 0.05642361111111111 0.25462962962962965
0 0.5886863425925926 0.7654320987654321 0.05931712962962963 0.2417695473251029
0 0.5264756944444444 0.5982510288065843 0.05642361111111111 0.24691358024691357
0 0.41203703703703703 0.367798353909465 0.04513888888888889 0.1882716049382716
0 0.9748263888888888 0.3425925925925926 0.036458333333333336 0.14609053497942387
0 0.9826388888888888 0.4125514403292181 0.034722222222222224 0.19547325102880658
0 0.9416956018518519 0.4156378600823045 0.0390625 0.18518518518518517
0 0.9120370370370371 0.492798353909465 0.043402777777777776 0.19547325102880658
0 0.9185474537037037 0.6612654320987654 0.05063657407407408 0.23919753086419754
0 0.5980902777777778 0.4837962962962963 0.046296296296296294 0.18775720164609053
0 0.6429398148148148 0.4696502057613169 0.04050925925925926 0.205761316872428
0 0.5523726851851852 0.31275720164609055 0.048032407407407406 0.08641975308641975
0 0.5899884259259259 0.3065843621399177 0.04456018518518518 0.07407407407407407
0 0.6218171296296297 0.31430041152263377 0.04224537037037037 0.08950617283950617
0 0.8894675925925926 0.3101851851851852 0.03935185185185185 0.08127572016460906