0 0.8248677248677249 0.1384180790960452 0.039153439153439155 0.12617702448210924
0 0.1291005291005291 0.7572975517890772 0.05291005291005291 0.2189265536723164
0 0.04246031746031746 0.8785310734463276 0.056878306878306875 0.21657250470809794
0 0.45582010582010585 0.7314030131826742 0.05026455026455026 0.20951035781544255
0 0.42936507936507934 0.621939736346516 0.047619047619047616 0.22128060263653485
0 0.4074074074074074 0.9849340866290018 0.06455026455026455 0.030131826741996232
0 0.16587301587301587 0.9096045197740112 0.05555555555555555 0.1807909604519774
0 0.26587301587301587 0.9425612052730696 0.07248677248677249 0.11487758945386065
0 0.26402116402116405 0.8314500941619586 0.06349206349206349 0.23540489642184556
0 0.3306878306878307 0.4477401129943503 0.05185185185185185 0.05555555555555555
0 0.15 0.4915254237288136 0.05026455026455026 0.1431261770244821
0 0.1335978835978836 0.4524482109227872 0.043915343915343914 0.06497175141242938
0 0.6431216931216931 0.4971751412429379 0.03333333333333333 0.1544256120527307
0 0.6111111111111112 0.5018832391713748 0.04867724867724868 0.1638418079096045
0 0.8330687830687831 0.7156308851224106 0.33386243386243386 0.568738229755179