0 0.8827027027027027 0.38293269230769234 0.05405405405405406 0.22355769230769232
0 0.971081081081081 0.4980769230769231 0.05783783783783784 0.20384615384615384
0 0.548918918918919 0.3564903846153846 0.051351351351351354 0.21394230769230768
0 0.575945945945946 0.24471153846153845 0.04864864864864865 0.22596153846153846
0 0.8445945945945946 0.5230769230769231 0.05675675675675676 0.15384615384615385
0 0.7429729729729729 0.5567307692307693 0.07405405405405406 0.08653846153846154
0 0.7448648648648649 0.45865384615384613 0.06486486486486487 0.2403846153846154
0 0.6764864864864865 0.047596153846153844 0.05243243243243243 0.09519230769230769
0 0.7386486486486487 0.03461538461538462 0.05243243243243243 0.06923076923076923
0 0.8608108108108108 0.09230769230769231 0.051351351351351354 0.18461538461538463
0 0.8778378378378379 0.052403846153846155 0.04432432432432432 0.10480769230769231
0 0.39756756756756756 0.10288461538461538 0.03513513513513514 0.20576923076923076
0 0.15945945945945947 0.7360576923076924 0.09432432432432432 0.1519230769230769
0 0.6037837837837838 0.9610576923076923 0.04864864864864865 0.07788461538461539
0 0.6627027027027027 0.6274038461538461 0.04972972972972973 0.05480769230769231
0 0.9540540540540541 0.7418269230769231 0.051351351351351354 0.12980769230769232
0 0.7047297297297297 0.7899038461538461 0.052702702702702706 0.19230769230769232
0 0.7668918918918919 0.755048076923077 0.052702702702702706 0.2091346153846154
0 0.8189189189189189 0.7274038461538461 0.04054054054054054 0.18269230769230768
0 0.8486486486486486 0.7201923076923077 0.04864864864864865 0.1778846153846154
0 0.8851351351351351 0.7009615384615384 0.04864864864864865 0.1778846153846154
0 0.8891891891891892 0.8716346153846154 0.051351351351351354 0.20673076923076922
0 0.9060810810810811 0.8103365384615384 0.0445945945945946 0.17067307692307693
0 0.4383783783783784 0.6754807692307693 0.04216216216216216 0.15096153846153845
0 0.3994594594594595 0.6634615384615384 0.03891891891891892 0.12692307692307692
0 0.39135135135135135 0.8975961538461539 0.022702702702702703 0.1778846153846154
0 0.41824324324324325 0.8884615384615384 0.05 0.21634615384615385
0 0.4 0.7548076923076923 0.04 0.1519230769230769
0 0.5383783783783784 0.6634615384615384 0.04432432432432432 0.12692307692307692
0 0.544054054054054 0.6201923076923077 0.047027027027027025 0.04038461538461539
0 0.47216216216216217 0.6514423076923077 0.03945945945945946 0.10288461538461538