0 0.6537656903765691 0.21316614420062696 0.23640167364016737 0.1536050156739812
0 0.4089958158995816 0.737460815047022 0.01882845188284519 0.02664576802507837
0 0.31195606694560674 0.7385109717868339 0.0214016736401674 0.01620689655172419
0 0.40585774058577406 0.7390282131661442 0.02510460251046025 0.029780564263322883
0 0.009414225941422594 0.7476489028213166 0.01882845188284519 0.05642633228840126
0 0.2613912133891213 0.7508934169278997 0.02905857740585771 0.047241379310344805
0 0.28262552301255234 0.7544984326018809 0.033870292887029405 0.03877742946708465
0 0.3439225941422594 0.7548119122257053 0.0225732217573221 0.020595611285266435
0 0.30232217573221754 0.7635579937304074 0.031422594142259376 0.044357366771159805
0 0.32360878661087866 0.768025078369906 0.019602510460251056 0.04075235109717868
0 0.3403451882845188 0.7776175548589341 0.03215481171548118 0.03485893416927901
0 0.8555230125523012 0.7370532915360501 0.28058577405857743 0.44901253918495304