0 0.6936968838526912 0.23629489603024575 0.10977337110481586 0.20699432892249528
0 0.8718130311614731 0.1947069943289225 0.254957507082153 0.389413988657845
0 0.2535410764872521 0.8223062381852552 0.08923512747875353 0.3553875236294896
0 0.5028328611898017 0.8946124763705104 0.13314447592067988 0.2107750472589792
0 0.07825779036827195 0.9040642722117203 0.1565155807365439 0.19187145557655955
0 0.11473087818696884 0.6753308128544423 0.07223796033994334 0.13137996219281664
0 0.39943342776203966 0.9314744801512287 0.1274787535410765 0.13705103969754254
0 0.3413597733711048 0.7967863894139886 0.06940509915014165 0.3516068052930057
0 0.4238668555240793 0.8379017013232514 0.1423512747875354 0.27504725897920607
0 0.13137393767705383 0.8454631379962193 0.18342776203966005 0.30907372400756145
0 0.4065155807365439 0.6587901701323251 0.08073654390934844 0.09829867674858223
0 0.28222379603399433 0.804820415879017 0.06728045325779036 0.390359168241966
0 0.37322946175637395 0.8034026465028355 0.08923512747875353 0.332703213610586
0 0.20538243626062322 0.804820415879017 0.053824362606232294 0.390359168241966
0 0.5279745042492918 0.8090737240075614 0.08286118980169972 0.15500945179584122
0 0.16005665722379603 0.8341209829867675 0.08498583569405099 0.33175803402646503
0 0.17457507082152973 0.6918714555765595 0.04745042492917847 0.16446124763705103
0 0.18307365439093484 0.804820415879017 0.06303116147308782 0.390359168241966
0 0.9245750708215298 0.8624763705103969 0.1508498583569405 0.27504725897920607
0 0.7280453257790368 0.8426275992438563 0.2701841359773371 0.2830812854442344
0 0.6398725212464589 0.8232514177693762 0.14093484419263455 0.19754253308128544