0 0.2175767918088737 0.8046558704453441 0.02104664391353811 0.0430161943319838
0 0.20705346985210465 0.792004048582996 0.013936291240045506 0.016194331983805668
0 0.19340159271899887 0.7930161943319838 0.010523321956769055 0.01771255060728745
0 0.24800910125142206 0.8026315789473685 0.013936291240045506 0.039473684210526314
0 0.26251422070534697 0.8061740890688259 0.024459613196814563 0.053643724696356275
0 0.32081911262798635 0.8319838056680162 0.050341296928327645 0.11082995951417005
0 0.5042662116040956 0.9397773279352226 0.0540386803185438 0.12044534412955465
0 0.532707622298066 0.875 0.051194539249146756 0.23785425101214575
0 0.9007394766780432 0.6022267206477733 0.0540386803185438 0.06477732793522267
0 0.638509670079636 0.6437246963562753 0.055176336746302616 0.14777327935222673
0 0.7039249146757679 0.6300607287449392 0.055176336746302616 0.12044534412955465
0 0.7585324232081911 0.6082995951417004 0.042662116040955635 0.07692307692307693
0 0.7901023890784983 0.6032388663967612 0.051194539249146756 0.06680161943319839
0 0.8282138794084186 0.5931174089068826 0.051194539249146756 0.0465587044534413
0 0.8327645051194539 0.7029352226720648 0.0540386803185438 0.21761133603238866
0 0.8503981797497155 0.6487854251012146 0.04664391353811149 0.15789473684210525
0 0.7187144482366326 0.9741902834008097 0.06541524459613197 0.05161943319838057
0 0.8779863481228669 0.9412955465587044 0.0540386803185438 0.11740890688259109