0 0.65 0.3431558935361217 0.1 0.23193916349809887
0 0.12620320855614972 0.745722433460076 0.040641711229946524 0.045627376425855515
0 0.20427807486631017 0.7557034220532319 0.07406417112299465 0.10361216730038023
0 0.06390374331550802 0.7585551330798479 0.04385026737967915 0.09600760456273764
0 0.013903743315508022 0.7652091254752852 0.027807486631016044 0.08697718631178707
0 0.34598930481283424 0.7813688212927756 0.03823529411764706 0.06131178707224334
0 0.4449197860962567 0.7961026615969582 0.02727272727272727 0.05038022813688213
0 0.42967914438502675 0.7951520912547528 0.025133689839572194 0.0556083650190114
0 0.529144385026738 0.9291825095057035 0.05080213903743316 0.14163498098859315
0 0.5558823529411765 0.8540874524714829 0.0481283422459893 0.22338403041825095
0 0.902139037433155 0.5641634980988594 0.05080213903743316 0.12832699619771862
0 0.8804812834224599 0.9306083650190115 0.05080213903743316 0.13878326996197718
0 0.6274064171122995 0.561787072243346 0.04946524064171123 0.1758555133079848
0 0.7441176470588236 0.9329847908745247 0.06149732620320856 0.13403041825095058
0 0.810427807486631 0.964828897338403 0.05508021390374331 0.07034220532319392
0 0.6975935828877006 0.6865494296577946 0.058823529411764705 0.22100760456273763
0 0.8847593582887701 0.7103136882129277 0.040106951871657755 0.19724334600760457
0 0.8533422459893049 0.6437737642585551 0.04411764705882353 0.2305133079847909
0 0.8505347593582888 0.5209125475285171 0.04438502673796792 0.12357414448669202
0 0.7564171122994653 0.6164448669201521 0.040106951871657755 0.16634980988593157
0 0.7945187165775401 0.6045627376425855 0.03877005347593583 0.18536121673003803
0 0.7155080213903743 0.47718631178707227 0.038502673796791446 0.03612167300380228
0 0.7815508021390374 0.47956273764258556 0.034759358288770054 0.0408745247148289
0 0.4751336898395722 0.5446768060836502 0.03048128342245989 0.13307984790874525
0 0.48770053475935826 0.4923954372623574 0.0481283422459893 0.06653992395437262