0 0.3399643705463183 0.12209302325581395 0.24228028503562946 0.2441860465116279
0 0.8364014251781473 0.29545454545454547 0.07422802850356294 0.28858350951374206
0 0.3972684085510689 0.8144820295983086 0.334916864608076 0.37103594080338265
0 0.9199821852731591 0.7095665961945031 0.06086698337292162 0.21934460887949261
0 0.9570961995249406 0.6804968287526427 0.04602137767220903 0.22463002114164904
0 0.9516033254156769 0.5221987315010571 0.05641330166270784 0.1649048625792812
0 0.995249406175772 0.5930232558139535 0.009501187648456057 0.11416490486257928
0 0.9694180522565321 0.9624735729386892 0.05641330166270784 0.07505285412262157
0 0.8687648456057007 0.5377906976744186 0.047505938242280284 0.17177589852008457
0 0.9064726840855107 0.5317124735729387 0.04334916864608076 0.1839323467230444
0 0.7982482185273159 0.5576109936575053 0.05195961995249406 0.22727272727272727
0 0.744061757719715 0.648784355179704 0.050475059382422804 0.21934460887949261