0 0.022528672856362644 0.07888349514563107 0.04505734571272529 0.06067961165048544
0 0.7315674494811578 0.15825242718446603 0.0701802293828509 0.1995145631067961
0 0.77926375368651 1 0.7771709448388858 0.9766990291262136 0.7741671217913708 0.9553398058252427 0.7747132714363736 0.9339805825242719 0.7782632441288914 0.9150485436893204 0.7782632441288914 0.8888349514563106 0.7768978700163844 0.866504854368932 0.7708902239213544 0.8325242718446602 0.7673402512288368 0.8252427184466019 0.7596941561987984 0.8179611650485437 0.756417258328782 0.8126213592233009 0.7523211359912616 0.7883495145631068 0.7493173129437466 0.7825242718446602 0.7460404150737302 0.7805825242718447 0.738394320043692 0.7825242718446602 0.7345712725286728 0.7893203883495146 0.7334789732386674 0.7966019417475728 0.7342981977061714 0.8179611650485437 0.7321135991261606 0.8276699029126213 0.7277444019661388 0.8378640776699029 0.7247405789186238 0.8679611650485437 0.7247405789186238 0.8805825242718447 0.7310212998361552 0.9359223300970874 0.7306093470780994 1 0.745923383123976 1 0.7460404150737302 0.9956310679611651 0.7468596395412342 0.9839805825242719 0.7501365374112506 0.9635922330097088 0.7515019115237576 0.9606796116504854 0.7531403604587658 0.9635922330097088 0.757782632441289 0.987378640776699 0.7615366264336428 1 0.77926375368651 1
0 0.8210449664117968 1 0.8219552157291098 0.9922330097087378 0.8238667394866194 0.9854368932038835 0.827416712179137 0.9844660194174757 0.8304205352266522 0.9796116504854369 0.8336974330966684 0.9640776699029127 0.8336974330966684 0.958252427184466 0.8304205352266522 0.9368932038834952 0.8342435827416712 0.933009708737864 0.8336974330966684 0.912621359223301 0.8361551064991808 0.9024271844660194 0.8364281813216822 0.8922330097087379 0.8334243582741672 0.8718446601941747 0.823593664664118 0.8548543689320388 0.8189513926815948 0.85 0.8113052976515566 0.8189320388349515 0.8088476242490442 0.8140776699029126 0.8061168760240306 0.8121359223300971 0.7998361551064992 0.8140776699029126 0.7962861824139814 0.8218446601941748 0.7957400327689788 0.8538834951456311 0.7908246859639542 0.8713592233009708 0.7949208083014746 0.9004854368932039 0.7954669579464774 0.9179611650485436 0.792190060076461 0.9286407766990291 0.793009284543965 0.9393203883495146 0.79000546149645 0.9572815533980582 0.7897323866739486 0.9776699029126213 0.7902785363189514 0.9839805825242719 0.7938285090114692 0.9883495145631068 0.7947647654287274 1 0.8210449664117968 1
0 0.921662761332605 1 0.9219006007646096 0.9956310679611651 0.9224467504096122 0.9436893203883495 0.9164391043145822 0.904368932038835 0.9082468596395412 0.8713592233009708 0.8981430912069908 0.8509708737864078 0.8992353904969962 0.8354368932038835 0.897596941561988 0.8262135922330097 0.8921354451119606 0.8101941747572815 0.8880393227744402 0.8033980582524272 0.8839432004369198 0.8004854368932038 0.8724740578918624 0.8024271844660195 0.866193336974331 0.8097087378640777 0.8651010376843256 0.8126213592233009 0.86400873839432 0.8509708737864078 0.8599126160567996 0.8597087378640776 0.8462588749317312 0.8786407766990292 0.8424358274167122 0.8922330097087379 0.8402512288367012 0.9116504854368932 0.8402512288367012 0.941747572815534 0.8424358274167122 0.9684466019417476 0.848989623156745 0.9956310679611651 0.8493529314582196 1 0.921662761332605 1
0 1 1 1 0.8873024936893205 0.9989077007099946 0.8854368932038835 0.997815401419989 0.8805825242718447 0.9972692517749864 0.8621359223300971 0.9937192790824686 0.8398058252427184 0.9912616056799564 0.8359223300970874 0.9860731840524304 0.8344660194174758 0.9735117422173676 0.8359223300970874 0.969415619879847 0.8422330097087378 0.9645002730748226 0.8694174757281553 0.9590387766247952 0.8907766990291263 0.9541234298197706 0.908252427184466 0.945385035499727 0.9296116504854369 0.9426542872747132 0.9839805825242719 0.9445853164937194 1 1 1
0 0.9571108683779356 0.8430631067961165 0.038173129437465855 0.1725339805825243
0 0.9239705079191698 0.8855291262135923 0.03205625341343512 0.20476699029126222
0 0.8256717640633533 0.8743883495145631 0.025253959584926274 0.18247572815533986
0 0.9905789186237028 0.7992718446601942 0.018842162752594212 0.10145631067961165
0 0.9728563626433643 0.7880970873786408 0.017023484434735156 0.09079126213592242