0 0.5654008438818565 0.14607558139534885 0.16877637130801687 0.23401162790697674
0 0.15084388185654007 0.14462209302325582 0.2468354430379747 0.22238372093023256
0 0.09282700421940929 0.6039244186046512 0.1149789029535865 0.26598837209302323
0 0.18459915611814345 0.565406976744186 0.12763713080168776 0.15988372093023256
0 0.39451476793248946 0.595203488372093 0.12341772151898735 0.17732558139534885
0 0.45464135021097046 0.6322674418604651 0.17932489451476794 0.2063953488372093
0 0.5685654008438819 0.6671511627906976 0.16139240506329114 0.2761627906976744
0 0.0981012658227848 0.7143895348837209 0.1962025316455696 0.5712209302325582
0 0.7151898734177216 0.6933139534883721 0.12447257383966245 0.4491279069767442
0 0.8470464135021097 0.7390988372093024 0.16350210970464135 0.44549418604651164
0 0.9483122362869199 0.7456395348837209 0.10126582278481013 0.49127906976744184