0 0.7272251308900524 0.2681564245810056 0.19973821989528795 0.4823091247672253
0 0.9044502617801047 0.26210428305400374 0.16910994764397905 0.49441340782122906
0 0.44280104712041884 0.6527001862197392 0.04842931937172775 0.21415270018621974
0 0.46897905759162306 0.7679236499068901 0.05366492146596859 0.2351024208566108
0 0.060471204188481675 0.904096834264432 0.050785340314136125 0.19180633147113593
0 0.18089005235602093 0.5391061452513967 0.05392670157068063 0.0595903165735568
0 0.15091623036649215 0.7970204841713222 0.051047120418848166 0.23277467411545624
0 0.262565445026178 0.9753258845437617 0.060209424083769635 0.049348230912476726
0 0.28638743455497384 0.9273743016759777 0.06806282722513089 0.1452513966480447
0 0.2769633507853403 0.5391061452513967 0.05235602094240838 0.0595903165735568
0 0.3738219895287958 0.9413407821229051 0.06806282722513089 0.11731843575418995