0 0.291866028708134 0.3252840909090909 0.033094098883572565 0.16477272727272727
0 0.326555023923445 0.23295454545454544 0.021929824561403508 0.06321022727272728
0 0.35964912280701755 0.23579545454545456 0.03110047846889952 0.06178977272727273
0 0.9677033492822966 0.3103693181818182 0.0645933014354067 0.515625
0 0.9110845295055822 0.31889204545454547 0.06140350877192982 0.4772727272727273
0 0.8556618819776715 0.3338068181818182 0.06220095693779904 0.46235795454545453
0 0.7922647527910686 0.3174715909090909 0.07057416267942583 0.3899147727272727
0 0.726475279106858 0.2393465909090909 0.06618819776714513 0.30113636363636365
0 0.6949760765550239 0.21661931818181818 0.046251993620414676 0.20241477272727273
0 0.29106858054226475 0.7713068181818182 0.034688995215311005 0.10582386363636363
0 0.6862041467304625 0.9041193181818182 0.04704944178628389 0.19176136363636365