0 0.19609375 0.5106481481481482 0.03411458333333333 0.0824074074074074
0 0.22057291666666667 0.45185185185185184 0.026302083333333334 0.060648148148148145
0 0.17604166666666668 0.4462962962962963 0.026302083333333334 0.05416666666666667
0 0.11796875 0.48657407407407405 0.03984375 0.05185185185185185
0 0.733203125 0.575 0.048177083333333336 0.21296296296296297
0 0.7592447916666667 0.6895833333333333 0.053385416666666664 0.2337962962962963
0 0.7760416666666666 0.21435185185185185 0.035416666666666666 0.049074074074074076
0 0.9591145833333333 0.580787037037037 0.052083333333333336 0.22453703703703703
0 0.9802083333333333 0.5550925925925926 0.03958333333333333 0.23425925925925925
0 0.8907552083333333 0.40023148148148147 0.040364583333333336 0.19212962962962962
0 0.9220052083333333 0.39444444444444443 0.037760416666666664 0.18055555555555555
0 0.9200520833333333 0.31574074074074077 0.028645833333333332 0.10185185185185185
0 0.9486979166666667 0.3388888888888889 0.03125 0.18055555555555555
0 0.979296875 0.36319444444444443 0.029947916666666668 0.18287037037037038
0 0.9963541666666667 0.3453703703703704 0.007291666666666667 0.16666666666666666
0 0.890625 0.2652777777777778 0.042708333333333334 0.15092592592592594
0 0.8854166666666666 0.21898148148148147 0.035416666666666666 0.058333333333333334
0 0.5997395833333333 0.9527777777777777 0.059895833333333336 0.09444444444444444
0 0.6869791666666667 0.9319444444444445 0.07291666666666667 0.1361111111111111
0 0.5880208333333333 0.8361111111111111 0.036458333333333336 0.25
0 0.6055989583333333 0.35856481481481484 0.045572916666666664 0.19212962962962962
0 0.5859375 0.2759259259259259 0.03229166666666667 0.17222222222222222