0 0.3042203985932005 0.24164926931106473 0.141852286049238 0.3924843423799583
0 0.7995310668229777 0.35490605427974947 0.1746776084407972 0.7098121085594989
0 0.8728018757327081 0.37160751565762007 0.10844079718640094 0.6758872651356994
0 0.3355803048065651 0.8862212943632568 0.182883939038687 0.1837160751565762
0 0.705158264947245 0.7552192066805845 0.04689331770222743 0.09081419624217119
0 0.7075029308323564 0.7239039665970772 0.04572098475967175 0.028183716075156576
0 0.8150644783118406 0.721294363256785 0.03223915592028136 0.022964509394572025
0 0.8188745603751465 0.7813152400835073 0.03985932004689332 0.1430062630480167
0 0.947831184056272 0.9629436325678496 0.04572098475967175 0.07411273486430063
0 0.9809495896834701 0.9629436325678496 0.038100820633059786 0.07411273486430063
0 0.9809495896834701 0.9394572025052192 0.03223915592028136 0.11482254697286012
0 0.9479777256740914 0.880741127348643 0.04835873388042204 0.17484342379958245
0 0.9419695193434936 0.7865344467640919 0.03985932004689332 0.1534446764091858
0 0.6359906213364596 0.9394572025052192 0.032825322391559206 0.12108559498956159
0 0.9032825322391559 0.7604384133611691 0.035169988276670575 0.10125260960334029