0 0.21900600764609504 0.1733009708737864 0.09584926269797925 0.2859223300970874
0 0.6560622610595304 0.5618932038834952 0.023211359912616056 0.054854368932038836
0 0.6551064991807756 0.545631067961165 0.022528672856362644 0.03203883495145631
0 0.6238394320043692 0.7776699029126214 0.026761332605133806 0.10509708737864078
0 0.6093664664117968 0.8342233009708738 0.029628618241398143 0.11529126213592233
0 0.8353358820316766 0.9072815533980583 0.028263244128891318 0.10606796116504855
0 0.7687056253413436 0.6890776699029126 0.029628618241398143 0.09466019417475728
0 0.7867285636264336 0.6764563106796116 0.02239213544511196 0.0970873786407767
0 0.7842708902239214 0.6050970873786408 0.0275805570726379 0.07766990291262135
0 0.812807209175314 0.6388349514563106 0.019524849808847625 0.04902912621359223
0 0.7928727471327144 0.8385922330097088 0.0275805570726379 0.11310679611650486
0 0.8996450027307482 0.6742718446601942 0.02539595849262698 0.0924757281553398
0 0.8645548880393228 0.6024271844660194 0.02170944838885855 0.08106796116504854
0 0.8877662479519388 0.6223300970873786 0.020207536865101038 0.08446601941747572
0 0.8816220644456582 0.6007281553398058 0.015155652648825778 0.07524271844660194
0 0.9206717640633534 0.6228155339805825 0.019524849808847625 0.08325242718446602
0 0.9359639541234298 0.6087378640776699 0.016657564172583288 0.08446601941747572
0 0.920398689240852 0.5813106796116505 0.018842162752594212 0.0662621359223301
0 0.8965046422719826 0.5881067961165048 0.018842162752594212 0.07524271844660194
0 0.8728836701256144 0.5512135922330097 0.021026761332605132 0.04320388349514563
0 0.888585472419443 0.5429611650485436 0.018842162752594212 0.026456310679611652
0 0.9067449481157838 0.5463592233009709 0.023211359912616056 0.03325242718446602
0 0.6018569087930092 0.5444174757281554 0.015974877116329875 0.029611650485436892
0 0.5999453850354998 0.5766990291262136 0.019524849808847625 0.070873786407767
0 0.4982250136537411 0.7803398058252428 0.02894593118514473 0.11067961165048544
0 0.4851174221736756 0.7679611650485437 0.024576734025122882 0.11529126213592233
0 0.536182413981431 0.691504854368932 0.02239213544511196 0.09466019417475728
0 0.5188421627525942 0.6885922330097087 0.021026761332605132 0.08907766990291262
0 0.5199344620425996 0.6497572815533981 0.015974877116329875 0.05024271844660194
0 0.5039595849262698 0.6611650485436893 0.0173402512288367 0.08907766990291262
0 0.4870289459311851 0.6730582524271844 0.016657564172583288 0.09029126213592233
0 0.4747405789186237 0.6643203883495146 0.009557618787547788 0.08228155339805825
0 0.536182413981431 0.6240291262135922 0.02389404696886947 0.07645631067961164
0 0.5390496996176952 0.5813106796116505 0.019524849808847625 0.070873786407767
0 0.7437192790824686 0.6148058252427184 0.023211359912616056 0.07427184466019418
0 0.7621518296013108 0.6109223300970874 0.021026761332605132 0.08228155339805825
0 0.6495084653194976 0.9599514563106796 0.04055161114145276 0.07985436893203883
0 0.7117695248498088 0.9065533980582524 0.034817039868924086 0.12330097087378641
0 0.6948388858547242 0.670873786407767 0.02539595849262698 0.09466019417475728
0 0.7093118514472966 0.6235436893203884 0.02539595849262698 0.0983009708737864
0 0.8539049699617696 0.5463592233009709 0.015974877116329875 0.03325242718446602
0 0.5583014746040416 0.5635922330097087 0.0173402512288367 0.06043689320388349
0 0.9833424358274168 0.7764563106796116 0.024576734025122882 0.10970873786407767
0 0.70398689240852 0.9633495145631068 0.037684325505188423 0.07305825242718447
0 0.7636537411250682 0.9424757281553398 0.03713817586018569 0.11504854368932038