0 0.5182186234817814 0.12386018237082067 0.05668016194331984 0.15653495440729484
0 0.8269230769230769 0.17477203647416414 0.19635627530364372 0.2765957446808511
0 0.944331983805668 0.1778115501519757 0.11133603238866396 0.3221884498480243
0 0.9919028340080972 0.6724924012158054 0.016194331983805668 0.022796352583586626
0 0.9979757085020243 0.6724924012158054 0.004048582995951417 0.019756838905775075
0 0.9663461538461539 0.676968085106383 0.03390688259109312 0.01958966565349542
0 0.9018421052631579 0.6773860182370821 0.03850202429149794 0.0265045592705168
0 0.7978036437246964 0.6780699088145897 0.020708502024291534 0.015714285714285764
0 0.8889777327935222 0.6787537993920972 0.024919028340080862 0.029240121580547125
0 0.5020242914979757 0.6869300911854104 0.024291497975708502 0.0547112462006079
0 0.7488765182186234 0.6900759878419452 0.028117408906882562 0.04580547112462004
0 0.769423076923077 0.6935714285714286 0.03277327935222683 0.03759878419452889
0 0.8287348178137651 0.6938753799392097 0.021842105263157822 0.019969604863221864
0 0.7884817813765183 0.702355623100304 0.030404858299595106 0.04300911854103336
0 0.809078947368421 0.7066869300911854 0.0189676113360324 0.03951367781155015
0 0.8252732793522267 0.7159878419452887 0.03111336032388665 0.03379939209726445