0 0.5911111111111111 0.017786561264822136 0.044444444444444446 0.03557312252964427
0 0.8072222222222222 0.24950592885375494 0.056666666666666664 0.20059288537549408
0 0.8420833333333333 0.2250494071146245 0.043055555555555555 0.2099802371541502
0 0.8369444444444445 0.07707509881422925 0.05277777777777778 0.1541501976284585
0 0.8147222222222222 0.06126482213438735 0.03611111111111111 0.1225296442687747
0 0.7808333333333334 0.06620553359683795 0.04055555555555555 0.1324110671936759
0 0.8920833333333333 0.14352766798418973 0.0375 0.10622529644268774
0 0.9872222222222222 0.042490118577075096 0.025555555555555557 0.08498023715415019
0 0.705 0.24604743083003952 0.05555555555555555 0.2075098814229249
0 0.6933333333333334 0.06966403162055336 0.05444444444444444 0.13932806324110672
0 0.48638888888888887 0.0266798418972332 0.042777777777777776 0.0533596837944664
0 0.9838888888888889 0.08349802371541502 0.03222222222222222 0.16699604743083005
0 0.19722222222222222 0.7850790513833992 0.24555555555555555 0.4298418972332016
0 0.9325 0.6719367588932806 0.08194444444444444 0.2618577075098814
0 0.8280555555555555 0.6823122529644269 0.08527777777777777 0.31225296442687744
0 0.7177777777777777 0.732707509881423 0.14416666666666667 0.408596837944664
0 0.6372222222222222 0.6091897233201581 0.01972222222222222 0.06867588932806325