0 0.9937837837837837 0.3490384615384615 0.012432432432432432 0.22115384615384615
0 0.6181081081081081 0.5644230769230769 0.05243243243243243 0.10961538461538461
0 0.7425675675675676 0.16274038461538462 0.05540540540540541 0.19951923076923078
0 0.7087837837837838 0.1362980769230769 0.041891891891891894 0.20432692307692307
0 0.7132432432432433 0.03365384615384615 0.051351351351351354 0.0673076923076923
0 0.6601351351351351 0.056971153846153845 0.03648648648648649 0.10336538461538461
0 0.6972972972972973 0.4776442307692308 0.051351351351351354 0.23798076923076922
0 0.497972972972973 0.13149038461538462 0.0472972972972973 0.19471153846153846
0 0.5635135135135135 0.032692307692307694 0.04054054054054054 0.06538461538461539
0 0.52 0.055288461538461536 0.03783783783783784 0.11057692307692307
0 0.5316216216216216 0.027884615384615386 0.028648648648648647 0.05576923076923077
0 0.4586486486486486 0.055288461538461536 0.036216216216216214 0.11057692307692307
0 0.43027027027027026 0.040865384615384616 0.03135135135135135 0.08173076923076923
0 0.7891891891891892 0.04230769230769231 0.043243243243243246 0.08461538461538462
0 0.7545945945945945 0.04230769230769231 0.03891891891891892 0.08461538461538462
0 0.8486486486486486 0.5548076923076923 0.06486486486486487 0.12884615384615383
0 0.8804054054054054 0.12427884615384616 0.0472972972972973 0.19951923076923078
0 0.8532432432432432 0.06394230769230769 0.047027027027027025 0.12788461538461537
0 0.794054054054054 0.8653846153846154 0.2218918918918919 0.26875