0 0.9585195530726257 0.3113207547169811 0.08184357541899441 0.2770605759682224
0 0.9763966480446927 0.3098311817279047 0.047206703910614524 0.24925521350546176
0 0.8769944134078214 0.2711519364448858 0.04484916201117317 0.23668321747765633
0 0.8304972067039107 0.28797418073485603 0.056254189944134045 0.20670804369414097
0 0.7785055865921788 0.26974180734856007 0.03578770949720667 0.2073584905660377
0 0.7435977653631285 0.2624230387288977 0.04053910614525143 0.24220456802383325
0 0.7050474860335195 0.255948361469712 0.03502234636871512 0.20097815292949353
0 0.6796424581005587 0.23869414101290964 0.026963687150838044 0.18590863952333667
0 0.6498966480446927 0.2728301886792453 0.04204189944134078 0.22414101290963262
0 0.6084050279329609 0.27375868917576957 0.03362849162011176 0.18004468718967237
0 0.5866061452513966 0.25524826216484603 0.03178491620111731 0.17483118172790474
0 0.6041927374301677 0.17190665342601788 0.030173184357541894 0.07707547169811321
0 0.6235111731843576 0.1806256206554121 0.025033519553072658 0.09099801390268122
0 0.6422905027932961 0.1641012909632572 0.014410614525139642 0.07457795431976158
0 0.6759776536312849 0.1423485600794439 0.011215083798882707 0.0214995034756704
0 0.6854357541899441 0.1482621648460774 0.011142458100558623 0.04239324726911624
0 0.6993072625698324 0.1490466732869911 0.015927374301675973 0.04396226415094338
0 0.7096368715083798 0.15135551142005954 0.012494413407821234 0.05714498510427018
0 0.7215111731843576 0.16708043694141012 0.012441340782122895 0.08406156901688192
0 0.7367597765363129 0.16103277060575966 0.013743016759776485 0.04929990069513404
0 0.6846368715083799 0.7703574975173784 0.29553072625698323 0.45928500496524327