0 0.30307262569832405 0.42296222664015903 0.012569832402234637 0.07256461232604373
0 0.20782122905027933 0.43141153081510936 0.03715083798882682 0.055666003976143144
0 0.6631284916201118 0.08399602385685885 0.05307262569832402 0.1341948310139165
0 0.6851955307262569 0.4269383697813121 0.05307262569832402 0.06461232604373758
0 0.95 0.08648111332007952 0.05195530726256983 0.17296222664015903
0 0.8276536312849162 0.4294234592445328 0.06424581005586592 0.05964214711729622
0 0.49134078212290505 0.2828031809145129 0.0670391061452514 0.21371769383697814
0 0.8768156424581005 0.21197813121272366 0.061452513966480445 0.23111332007952287
0 0.6812849162011173 0.23682902584493043 0.04189944134078212 0.2062624254473161
0 0.7141061452513966 0.1672465208747515 0.046089385474860335 0.24105367793240556
0 0.7167597765363128 0.05168986083499006 0.04581005586592179 0.10337972166998012
0 0.8153631284916201 0.1386679920477137 0.04189944134078212 0.17395626242544732
0 0.7755586592178771 0.12624254473161034 0.040502793296089384 0.19383697813121273
0 0.504608938547486 0.1386679920477137 0.034916201117318434 0.18886679920477137
0 0.4849162011173184 0.08151093439363817 0.04022346368715084 0.16302186878727634
0 0.45754189944134077 0.07554671968190854 0.0335195530726257 0.15109343936381708
0 0.43547486033519556 0.053180914512922464 0.030726256983240222 0.10636182902584493
0 0.5044692737430168 0.019383697813121274 0.03798882681564246 0.03876739562624255
0 0.5407821229050279 0.03180914512922465 0.034636871508379886 0.0636182902584493
0 0.13798882681564245 0.5571570576540755 0.05307262569832402 0.1341948310139165
0 0.15614525139664803 0.7099900596421471 0.04189944134078212 0.2062624254473161
0 0.18896648044692738 0.6404075546719682 0.046089385474860335 0.24105367793240556
0 0.19162011173184357 0.5178926441351889 0.04581005586592179 0.1172962226640159
0 0.28938547486033517 0.6118290258449304 0.04022346368715084 0.17395626242544732
0 0.2504189944134078 0.5994035785288271 0.040502793296089384 0.19383697813121273
0 0.26340782122905027 0.4746520874751491 0.036312849162011177 0.030815109343936383
0 0.0164804469273743 0.49801192842942343 0.0329608938547486 0.0775347912524851
0 0.23156424581005586 0.9512922465208747 0.05865921787709497 0.09741550695825049
0 0.2899441340782123 0.9165009940357853 0.03910614525139665 0.16699801192842942
0 0.5220670391061453 0.7296222664015904 0.4251396648044693 0.5407554671968191