0 0.9073426573426573 0.6011410788381742 0.06293706293706294 0.09647302904564316
0 0.9562937062937062 0.07313278008298756 0.05536130536130536 0.1400414937759336
0 0.9927156177156177 0.15975103734439833 0.014568764568764568 0.25103734439834025
0 0.9526515151515151 0.23392116182572614 0.05099067599067599 0.21265560165975103
0 0.9618298368298368 0.5492738589211619 0.043706293706293704 0.20020746887966806
0 0.7465034965034965 0.04823651452282158 0.013986013986013986 0.09647302904564316
0 0.7690850815850816 0.09647302904564316 0.039335664335664336 0.18672199170124482
0 0.798951048951049 0.17427385892116182 0.043706293706293704 0.1970954356846473
0 0.8069638694638694 0.36877593360995853 0.056818181818181816 0.2437759336099585
0 0.9772727272727273 0.558091286307054 0.045454545454545456 0.1825726141078838
0 0.12092074592074592 0.9227178423236515 0.24184149184149184 0.1524896265560166
0 0.36305361305361306 0.9284232365145229 0.28525641025641024 0.14263485477178423
0 0.6226689976689976 0.9284232365145229 0.23368298368298368 0.14263485477178423
0 0.872960372960373 0.8573651452282157 0.05536130536130536 0.1400414937759336
0 0.925990675990676 0.9092323651452282 0.047785547785547784 0.18153526970954356
0 0.9290501165501166 0.8067946058091287 0.04807692307692308 0.14263485477178423
0 0.9289044289044289 0.6882780082987552 0.04195804195804196 0.07780082987551867
0 0.8924825174825175 0.6872406639004149 0.042540792540792544 0.07572614107883817
0 0.8691724941724942 0.9559128630705395 0.050699300699300696 0.08817427385892117
0 0.9831002331002331 0.9154564315352697 0.0337995337995338 0.1690871369294606
0 0.9932983682983683 0.7365145228215768 0.013403263403263404 0.17427385892116182
0 0.7485431235431236 0.7323651452282157 0.018065268065268064 0.16597510373443983