0 0.2671957671957672 0.22130761994355597 0.201984126984127 0.3026810912511759
0 0.7596560846560847 0.15780809031044216 0.06243386243386243 0.18320790216368768
0 0.3225026455026455 0.9186124176857949 0.024650793650793607 0.10540921919096892
0 0.26691269841269843 0.9299576669802445 0.025029100529100564 0.12290216368767637
0 0.18413492063492062 0.9107619943555973 0.02653174603174602 0.10225776105362187
0 0.14986772486772487 0.9771872060206962 0.046296296296296294 0.045625587958607716
0 0.3388888888888889 0.9633113828786454 0.0291005291005291 0.07337723424270931
0 0.24325396825396825 0.9583725305738476 0.04312169312169312 0.0832549388523048
0 0.1196984126984127 0.9497365945437442 0.024714285714285734 0.0945860771401694
0 0.3878306878306878 0.9833019755409219 0.038624338624338624 0.03339604891815616
0 0.1981984126984127 0.9306067732831609 0.024415343915343907 0.09535747883349013
0 0.028137566137566142 0.8893979303857008 0.020055555555555542 0.09808560677328325
0 0.0420978835978836 0.8818156161806209 0.02176719576719576 0.09412982126058321
0 0.18541005291005289 0.9419755409219192 0.020187830687830675 0.053762935089369794
0 0.00992063492063492 0.8163217309501412 0.01984126984126984 0.07008466603951082
0 0.007407407407407408 0.751175917215428 0.014814814814814815 0.07431796801505174
0 0.012473544973544968 0.7603151458137347 0.019465608465608446 0.07086547507055496
0 0.7052910052910053 0.8017403574788335 0.05714285714285714 0.07925682031984949
0 0.6869047619047619 0.610065851364064 0.014021164021164021 0.027986829727187208
0 0.8432539682539683 0.6173565380997178 0.014021164021164021 0.02492944496707432
0 0.783994708994709 0.6027751646284102 0.061375661375661375 0.045625587958607716