0 0.05911552346570397 0.7315310492505354 0.06167268351383875 0.2221627408993576
0 0.0967208182912154 0.7020877944325482 0.046630565583634175 0.22751605995717344
0 0.0914560770156438 0.534796573875803 0.057160048134777375 0.18201284796573874
0 0.15087244283995185 0.6137580299785867 0.04061371841155235 0.11509635974304068
0 0.33137785800240677 0.6967344753747323 0.05264741275571601 0.21680942184154176
0 0.2584235860409146 0.5281049250535332 0.04512635379061372 0.19004282655246252
0 0.3065583634175692 0.5749464668094219 0.0421179302045728 0.1980728051391863
0 0.2937725631768953 0.5240899357601713 0.0315884476534296 0.1766595289079229
0 0.375 0.5762847965738758 0.04061371841155235 0.19539614561027838
0 0.4065884476534296 0.5428265524625268 0.034596871239470514 0.1980728051391863
0 0.3742478941034898 0.4785867237687366 0.03910950661853189 0.15524625267665954
0 0.32460890493381467 0.49464668094218417 0.03910950661853189 0.1766595289079229
0 0.2758724428399519 0.42933618843683086 0.043922984356197355 0.059957173447537475
0 0.3083634175691937 0.4095289079229122 0.03910950661853189 0.020342612419700215
0 0.34596871239470517 0.41755888650963596 0.048134777376654635 0.03640256959314775
0 0.015643802647412757 0.5572805139186295 0.031287605294825514 0.1745182012847966
0 0.04557761732851986 0.5481798715203426 0.04362214199759326 0.19271948608137046
0 0.2361612515042118 0.41755888650963596 0.03309265944645006 0.03640256959314775
0 0.5051143200962696 0.9036402569593148 0.05114320096269555 0.19271948608137046
0 0.7283393501805054 0.8029978586723768 0.26624548736462095 0.39400428265524623