0 0.13379888268156426 0.2673956262425447 0.019553072625698324 0.06510934393638171
0 0.1564245810055866 0.28727634194831014 0.021229050279329607 0.09840954274353876
0 0.10726256983240223 0.2738568588469185 0.017039106145251396 0.06510934393638171
0 0.7368715083798882 0.041749502982107355 0.0446927374301676 0.08349900596421471
0 0.7391061452513966 0.011928429423459244 0.04357541899441341 0.02385685884691849
0 0.7991620111731843 0.47962226640159045 0.05195530726256983 0.19980119284294234
0 0.8270949720670391 0.5352882703777336 0.057541899441340784 0.08846918489065607
0 0.5199720670391061 0.301441351888668 0.05726256983240224 0.2062624254473161
0 0.48505586592178773 0.2741053677932406 0.04329608938547486 0.21123260437375746
0 0.4899441340782123 0.11878727634194831 0.05307262569832402 0.16898608349900596
0 0.4347765363128492 0.19209741550695825 0.03770949720670391 0.10685884691848907
0 0.4729050279329609 0.5417495029821073 0.05307262569832402 0.07554671968190854
0 0.8416201117318436 0.009443339960238568 0.030726256983240222 0.018886679920477135
0 0.9682960893854748 0.30641153081510936 0.04329608938547486 0.2062624254473161
0 0.990782122905028 0.29970178926441354 0.018435754189944135 0.19383697813121273
0 0.9921787709497206 0.21570576540755468 0.01564245810055866 0.10934393638170974
0 0.9625698324022346 0.07157057654075547 0.03798882681564246 0.14314115308151093
0 0.5681564245810056 0.13991053677932405 0.0446927374301676 0.16153081510934394
0 0.5325418994413408 0.1312127236580517 0.040502793296089384 0.17892644135188868
0 0.6344972067039106 0.15854870775347912 0.04888268156424581 0.21371769383697814
0 0.9256983240223464 0.04671968190854871 0.0335195530726257 0.09343936381709742
0 0.6854748603351956 0.24428429423459244 0.04748603351955307 0.2062624254473161
0 0.8614525139664805 0.08772365805168986 0.0446927374301676 0.15656063618290258
0 0.9871508379888269 0.18439363817097415 0.02569832402234637 0.14214711729622267
0 0.28212290502793297 0.8210735586481114 0.19553072625698323 0.35785288270377735