0 0.17142857142857143 0.2763653483992467 0.18333333333333332 0.4058380414312618
0 0.38042328042328044 0.04849340866290019 0.042328042328042326 0.09698681732580038
0 0.37883597883597886 0.02024482109227872 0.04126984126984127 0.04048964218455744
0 0.5017195767195767 0.3234463276836158 0.04894179894179894 0.19303201506591336
0 0.5863756613756613 0.3034369114877589 0.05423280423280423 0.19538606403013184
0 0.6194444444444445 0.2775423728813559 0.041005291005291 0.20009416195856874
0 0.6148148148148148 0.13041431261770245 0.05026455026455026 0.160075329566855
0 0.5936507936507937 0.0951035781544256 0.03439153439153439 0.1694915254237288
0 0.5612433862433862 0.11275894538606403 0.03835978835978836 0.1530131826741996
0 0.49047619047619045 0.08615819209039548 0.042328042328042326 0.17231638418079095
0 0.667063492063492 0.1998587570621469 0.03571428571428571 0.1012241054613936
0 0.7484126984126984 0.16337099811676084 0.042328042328042326 0.160075329566855
0 0.8112433862433862 0.2163370998116761 0.03835978835978836 0.17184557438794726
0 0.8006613756613756 0.16807909604519775 0.03835978835978836 0.1694915254237288
0 0.8502645502645503 0.2339924670433145 0.042328042328042326 0.17890772128060264
0 0.8932539682539683 0.2033898305084746 0.03571428571428571 0.18832391713747645
0 0.7653439153439153 0.07203389830508475 0.03968253968253968 0.1440677966101695
0 0.8058201058201058 0.06638418079096045 0.03597883597883598 0.1327683615819209
0 0.8367724867724867 0.0743879472693032 0.03439153439153439 0.1487758945386064
0 0.8687830687830688 0.09157250470809793 0.03439153439153439 0.1530131826741996
0 0.9011904761904762 0.10805084745762712 0.041005291005291 0.1435969868173258
0 0.8145502645502646 0.043785310734463276 0.03439153439153439 0.08757062146892655
0 0.08280423280423281 0.7434086629001884 0.03756613756613757 0.2509416195856874
0 0.14285714285714285 0.7594161958568738 0.05105820105820106 0.3210922787193974
0 0.3911375661375661 0.7947269303201506 0.04894179894179894 0.21657250470809794
0 0.37063492063492065 0.8959510357815442 0.0417989417989418 0.2080979284369115
0 0.6965608465608466 0.9209039548022598 0.06190476190476191 0.15819209039548024
0 0.7772486772486773 0.9759887005649718 0.05185185185185185 0.0480225988700565
0 0.571031746031746 0.6322975517890772 0.04894179894179894 0.19303201506591336
0 0.6556878306878307 0.6122881355932204 0.05423280423280423 0.19538606403013184
0 0.6887566137566138 0.5863935969868174 0.041005291005291 0.20009416195856874
0 0.6838624338624338 0.4990583804143126 0.05026455026455026 0.03954802259887006
0 0.7362433862433863 0.5193032015065914 0.035449735449735446 0.0800376647834275
0 0.8174603174603174 0.5155367231638418 0.042328042328042326 0.07250470809792843
0 0.8804232804232804 0.5451977401129944 0.0380952380952381 0.1318267419962335
0 0.8698412698412699 0.5202448210922788 0.0380952380952381 0.08192090395480225
0 0.9195767195767196 0.5555555555555556 0.042328042328042326 0.15254237288135594
0 0.9624338624338624 0.5428436911487758 0.03597883597883598 0.1271186440677966