0 0.9307692307692308 0.2705078125 0.10247252747252747 0.38232421875
0 0.8151098901098901 0.259765625 0.08351648351648351 0.3642578125
0 0.6068681318681318 0.89990234375 0.05879120879120879 0.2001953125
0 0.17774725274725275 0.759521484375 0.0521978021978022 0.21728515625
0 0.2052197802197802 0.64599609375 0.04945054945054945 0.2294921875
0 0.5107142857142857 0.5185546875 0.0456043956043956 0.05859375
0 0.5642857142857143 0.54443359375 0.04835164835164835 0.1103515625
0 0.5554945054945055 0.814453125 0.04120879120879121 0.224609375
0 0.5038461538461538 0.869140625 0.05934065934065934 0.26171875
0 0.48475274725274725 0.764404296875 0.05357142857142857 0.24169921875
0 0.40233516483516485 0.7021484375 0.05631868131868132 0.2294921875
0 0.34313186813186813 0.57470703125 0.053296703296703295 0.1708984375
0 0.7535714285714286 0.74462890625 0.10961538461538461 0.5107421875
0 0.859065934065934 0.74462890625 0.0967032967032967 0.5107421875
0 0.9423076923076923 0.74462890625 0.10796703296703297 0.5107421875
0 0.9942307692307693 0.759765625 0.011538461538461539 0.47998046875
0 0.8541208791208791 0.74462890625 0.20384615384615384 0.5107421875