0 0.2777449822904368 0.2778361344537815 0.28394332939787487 0.2846638655462185
0 0.9858323494687131 0.051995798319327734 0.02833530106257379 0.10399159663865547
0 0.6812278630460449 0.19905462184873948 0.05608028335301062 0.14180672268907563
0 0.7350944510035419 0.2870273109243697 0.048701298701298704 0.2547268907563025
0 0.7380460448642266 0.1478466386554622 0.048701298701298704 0.14443277310924368
0 0.51357733175915 0.07563025210084033 0.04014167650531287 0.15126050420168066
0 0.7378984651711924 0.03361344537815126 0.04250295159386069 0.06722689075630252
0 0.7010035419126328 0.032563025210084036 0.04309327036599764 0.06512605042016807
0 0.6775383707201889 0.36186974789915966 0.05165289256198347 0.21533613445378152
0 0.45764462809917356 0.13077731092436976 0.03689492325855962 0.18382352941176472
0 0.4915879574970484 0.22268907563025211 0.03984651711924439 0.18907563025210083
0 0.5218417945690673 0.3014705882352941 0.04427390791027155 0.19957983193277312
0 0.8420897284533648 0.2922794117647059 0.047225501770956316 0.19170168067226892
0 0.7963400236127509 0.2778361344537815 0.04132231404958678 0.21008403361344538
0 0.8884297520661157 0.08088235294117647 0.048406139315230225 0.16176470588235295
0 0.8500590318772137 0.07457983193277311 0.04604486422668241 0.14915966386554622
0 0.8175914994096812 0.08245798319327731 0.04250295159386069 0.16491596638655462
0 0.54456906729634 0.0782563025210084 0.03955135773317592 0.1565126050420168
0 0.4831759149940968 0.01680672268907563 0.032467532467532464 0.03361344537815126
0 0.7570838252656434 0.5472689075630253 0.06316410861865407 0.12394957983193278
0 0.8509445100354192 0.5194327731092437 0.06198347107438017 0.1796218487394958
0 0.9239964580873672 0.4721638655462185 0.05460448642266824 0.26260504201680673
0 0.43388429752066116 0.2542016806722689 0.02833530106257379 0.21008403361344538
0 0.5298110979929161 0.49212184873949577 0.05726092089728453 0.2342436974789916
0 0.9002361275088547 0.0351890756302521 0.04014167650531287 0.0703781512605042
0 0.551357733175915 0.012605042016806723 0.03541912632821724 0.025210084033613446
0 0.8066706021251476 0.8508403361344538 0.07644628099173553 0.29831932773109243
0 0.8831168831168831 0.8287815126050421 0.10478158205430933 0.34243697478991597
0 0.7446871310507674 0.8897058823529411 0.06463990554899646 0.22058823529411764
0 0.6812278630460449 0.8944327731092437 0.06936245572609209 0.2111344537815126
0 0.6865407319952774 0.7599789915966386 0.07172373081463991 0.17016806722689076
0 0.5457497048406139 0.8839285714285714 0.10360094451003542 0.23214285714285715
0 0.622491145218418 0.8849789915966386 0.06227863046044864 0.23004201680672268
0 0.6260330578512396 0.7589285714285714 0.06109799291617474 0.15178571428571427
0 0.7455726092089728 0.773109243697479 0.06641086186540732 0.14653361344537816
0 0.5693624557260921 0.7673319327731093 0.070543093270366 0.13655462184873948