0 0.9906759906759907 0.3241701244813278 0.018648018648018648 0.1421161825726141
0 0.9519230769230769 0.3137966804979253 0.07255244755244755 0.15197095435684646
0 0.875 0.3163900414937759 0.0777972027972028 0.14885892116182572
0 0.7998251748251748 0.31431535269709543 0.06235431235431235 0.15300829875518673
0 0.7188228438228438 0.3278008298755187 0.06235431235431235 0.13796680497925312
0 0.5938228438228438 0.3220954356846473 0.04895104895104895 0.16026970954356848
0 0.5294289044289044 0.3215767634854772 0.058857808857808856 0.16597510373443983
0 0.6427738927738927 0.3220954356846473 0.14364801864801865 0.28319502074688796
0 0.4396853146853147 0.8049792531120332 0.12062937062937062 0.3900414937759336
0 0.12237762237762238 0.8049792531120332 0.11771561771561771 0.3900414937759336
0 0.04836829836829837 0.8049792531120332 0.09673659673659674 0.3900414937759336
0 0.23076923076923078 0.8049792531120332 0.12004662004662005 0.3900414937759336
0 0.3385780885780886 0.8049792531120332 0.13403263403263405 0.3900414937759336
0 0.1349067599067599 0.6514522821576764 0.09965034965034965 0.08298755186721991
0 0.21794871794871795 0.6519709543568465 0.09324009324009325 0.08402489626556017
0 0.7741841491841492 0.9045643153526971 0.05536130536130536 0.1908713692946058
0 0.74504662004662 0.8044605809128631 0.05244755244755245 0.2437759336099585
0 0.5402097902097902 0.9087136929460581 0.05944055944055944 0.1825726141078838
0 0.5877039627039627 0.6680497925311203 0.05536130536130536 0.11618257261410789
0 0.9772727272727273 0.7287344398340249 0.045454545454545456 0.23340248962655602