0 0.29921465968586386 0.3319366852886406 0.16518324607329843 0.3361266294227188
0 0.5007853403141361 0.2802607076350093 0.2280104712041885 0.2541899441340782
0 0.5735602094240838 0.319366852886406 0.24790575916230367 0.3268156424581006
0 0.6552356020942408 0.3258845437616387 0.32931937172774867 0.34823091247672255
0 0.10078534031413612 0.3258845437616387 0.20157068062827224 0.34823091247672255
0 0.7099476439790576 0.1527001862197393 0.04790575916230366 0.06564245810055866
0 0.6087696335078534 0.6703910614525139 0.04842931937172775 0.21415270018621974
0 0.6349476439790576 0.7856145251396648 0.05366492146596859 0.2351024208566108
0 0.22643979057591623 0.9129422718808193 0.050785340314136125 0.17411545623836128
0 0.3468586387434555 0.5432960893854749 0.05392670157068063 0.08659217877094973
0 0.31413612565445026 0.5316573556797021 0.040837696335078534 0.0633147113594041
0 0.7821989528795812 0.5256052141527002 0.031413612565445025 0.051210428305400374
0 0.7547120418848168 0.5293296089385475 0.04450261780104712 0.05865921787709497
0 0.5397905759162304 0.9501862197392924 0.06806282722513089 0.09962756052141528
0 0.4594240837696335 0.5349162011173184 0.05602094240837696 0.06983240223463687
0 0.4013089005235602 0.9781191806331471 0.0549738219895288 0.043761638733705775
0 0.44842931937172775 0.9143389199255121 0.07068062827225131 0.1713221601489758
0 0.8107329842931937 0.648975791433892 0.01832460732984293 0.23277467411545624
0 0.3031413612565445 0.7949255121042831 0.049738219895287955 0.23044692737430167
0 0.1099476439790576 0.527001862197393 0.04607329842931937 0.054003724394785846
0 0.993455497382199 0.7216014897579144 0.013089005235602094 0.21415270018621974
0 0.9424083769633508 0.9757914338919925 0.06806282722513089 0.048417132216014895
0 0.8620418848167539 0.5605214152700186 0.05602094240837696 0.12104283054003724
0 0.8531413612565445 0.9399441340782123 0.06649214659685863 0.12011173184357542