0 0.9029411764705882 0.3056083650190114 0.13903743315508021 0.4120722433460076
0 0.139572192513369 0.7010456273764258 0.04385026737967915 0.06226235741444867
0 0.18262032085561497 0.7038973384030418 0.04572192513368984 0.06131178707224334
0 0.25026737967914436 0.8151140684410646 0.30053475935828877 0.3279467680608365
0 0.8695187165775401 0.9615019011406845 0.057754010695187166 0.07699619771863118
0 0.9141711229946524 0.533745247148289 0.05080213903743316 0.027566539923954372
0 0.9631016042780749 0.5988593155893536 0.04385026737967915 0.15779467680608364
0 0.911096256684492 0.6307034220532319 0.04679144385026738 0.19486692015209126
0 0.9195187165775401 0.9139733840304183 0.040106951871657755 0.1720532319391635
0 0.6975935828877006 0.5560836501901141 0.045454545454545456 0.07224334600760456
0 0.7425133689839573 0.5551330798479087 0.03582887700534759 0.07034220532319392
0 0.7697860962566845 0.5931558935361216 0.040106951871657755 0.14638783269961977
0 0.7640374331550802 0.7317015209125475 0.04679144385026738 0.22100760456273763
0 0.6486631016042781 0.5846007604562737 0.01818181818181818 0.12927756653992395
0 0.9497326203208556 0.9258555133079848 0.04171122994652406 0.1482889733840304
0 0.9772727272727273 0.8550380228136882 0.045454545454545456 0.2252851711026616