0 0.5966666666666667 0.2845849802371542 0.47305555555555556 0.5691699604743083
0 0.26916666666666667 0.8720355731225297 0.02 0.10573122529644269
0 0.23833333333333334 0.816699604743083 0.035277777777777776 0.10820158102766798
0 0.8375 0.9555335968379447 0.059444444444444446 0.08893280632411067
0 0.4036111111111111 0.870306324110672 0.05277777777777778 0.2198616600790514
0 0.4313888888888889 0.7554347826086957 0.05 0.23221343873517786
0 0.7402777777777778 0.6126482213438735 0.04611111111111111 0.08695652173913043
0 0.7944444444444444 0.6388339920948617 0.04888888888888889 0.13932806324110672
0 0.7852777777777777 0.9061264822134387 0.041666666666666664 0.18774703557312253
0 0.6306944444444444 0.8122529644268774 0.05694444444444444 0.23221343873517786
0 0.5708333333333333 0.6694664031620553 0.05388888888888889 0.20059288537549408
0 0.9408333333333333 0.6067193675889329 0.041666666666666664 0.07509881422924901
0 0.9473611111111111 0.7122035573122529 0.04861111111111111 0.22974308300395258
0 0.6394444444444445 0.6002964426877471 0.044444444444444446 0.06225296442687747
0 0.6827777777777778 0.5978260869565217 0.03888888888888889 0.05731225296442688
0 0.7541666666666667 0.9184782608695652 0.042777777777777776 0.16304347826086957
0 0.7195833333333334 0.8406620553359684 0.059722222222222225 0.23468379446640317