0 0.1584026128266033 0.2278247096092925 0.049584323040380046 0.455649419218585
0 0.7703384798099763 0.5245512143611405 0.08699524940617577 0.3099260823653643
0 0.7907452494061757 0.5157286166842661 0.05255047505938236 0.2652428722280886
0 0.6836817102137768 0.47418162618796195 0.04767220902612825 0.2516789862724392
0 0.6342577197149645 0.49206969376979937 0.05979513064133013 0.21980464625131993
0 0.5789934679334917 0.4726821541710665 0.03804038004750591 0.22049630411826815
0 0.5418883610451306 0.46489968321013725 0.04309085510688839 0.25755015839493145
0 0.5009115201900237 0.45801478352692715 0.03722684085510692 0.2137117212249208
0 0.4739073634204275 0.4396673706441394 0.028660926365795782 0.19768743400211197
0 0.4422891923990499 0.47596620908130943 0.044688242280285034 0.23834213305174237
0 0.39818586698337294 0.47695353748680036 0.0357452494061758 0.19145195353748687
0 0.3750148456057007 0.4572703273495248 0.0337856294536817 0.18590813093980998
0 0.393708432304038 0.36864836325237593 0.03207244655581947 0.08195881731784584
0 0.4142428741092637 0.3779197465681098 0.02660926365795728 0.09676346356916578
0 0.43420427553444185 0.36034846884899685 0.015317695961995226 0.07930306230200623
0 0.47001187648456055 0.33721752903907076 0.011921021377672236 0.022861668426610443
0 0.4800653206650831 0.3435058078141499 0.011843824228028465 0.045079197465681155
0 0.4948099762470309 0.3443400211193242 0.016929928741092632 0.046747624076029545
0 0.5057897862232779 0.3467951425554382 0.013280878859857487 0.06076557550158403
0 0.5184115201900238 0.3635163674762408 0.013224465558194764 0.08938753959873294
0 0.5346199524940617 0.3570855332629356 0.014608076009501134 0.05242344244984159
0 0.07897862232779097 0.9746568109820486 0.032066508313539195 0.050686378035902854
0 0.30834323040380046 0.92740232312566 0.022862232779097387 0.117740232312566
0 0.2961698337292161 0.866156282998944 0.02672209026128266 0.12407602956705385
0 0.103770783847981 0.7101372756071805 0.02820665083135392 0.061246040126715945
0 0.17799881235154394 0.7133051742344245 0.022268408551068885 0.0675818373812038
0 0.16181710213776723 0.7106652587117213 0.02672209026128266 0.06230200633579725
0 0.1416270783847981 0.7053854276663146 0.02672209026128266 0.05174234424498416
0 0.02041270783847981 0.7750791974656811 0.028948931116389548 0.10823653643083421
0 0.013657957244655582 0.7106652587117213 0.02315914489311164 0.06230200633579725
0 0.035184085510688835 0.6987856388595565 0.018705463182897862 0.038542766631467794
0 0.11564726840855107 0.9350580781414994 0.02820665083135392 0.12988384371700107
0 0.2089519002375297 0.7407602956705386 0.02597980997624703 0.11615628299894404
0 0.18393705463182897 0.98389651531151 0.03711401425178147 0.032206969376979935
0 0.19477434679334918 0.944297782470961 0.032066508313539195 0.11140443505807814
0 0.13212589073634204 0.7453801478352693 0.02820665083135392 0.12539598732840548
0 0.12767220902612827 0.7823389651531151 0.032660332541567694 0.12539598732840548
0 0.012173396674584324 0.7220168954593453 0.021377672209026127 0.0850052798310454
0 0.1514251781472684 0.9619852164730729 0.029691211401425176 0.07602956705385427
0 0.2563836104513064 0.7159450897571278 0.027612826603325414 0.07286166842661035