0 0.8401098901098901 0.31787109375 0.07087912087912088 0.18310546875
0 0.7763736263736264 0.240234375 0.07582417582417582 0.23486328125
0 0.7307692307692307 0.3125 0.0521978021978022 0.18701171875
0 0.6873626373626374 0.31494140625 0.08598901098901099 0.22705078125
0 0.4782967032967033 0.7890625 0.28296703296703296 0.421875
0 0.17307692307692307 0.826171875 0.34615384615384615 0.34765625
0 0.30934065934065935 0.6865234375 0.17225274725274725 0.26708984375
0 0.4351648351648352 0.77001953125 0.11071428571428571 0.32666015625
0 0.6434065934065935 0.9033203125 0.04725274725274725 0.193359375
0 0.673489010989011 0.881591796875 0.042582417582417584 0.20751953125
0 0.6686813186813186 0.72900390625 0.0521978021978022 0.166015625
0 0.6467032967032967 0.6923828125 0.03571428571428571 0.17578125
0 0.6263736263736264 0.71044921875 0.013186813186813187 0.1591796875
0 0.7229395604395604 0.801025390625 0.03708791208791209 0.10498046875
0 0.8074175824175824 0.76318359375 0.04395604395604396 0.166015625
0 0.8726648351648352 0.818115234375 0.03983516483516483 0.17822265625
0 0.8616758241758242 0.76806640625 0.03983516483516483 0.17578125
0 0.9131868131868132 0.83642578125 0.04395604395604396 0.185546875
0 0.9578296703296704 0.8046875 0.03708791208791209 0.1953125
0 0.8252747252747252 0.66064453125 0.04120879120879121 0.166015625
0 0.8671703296703297 0.659423828125 0.03708791208791209 0.14404296875
0 0.8994505494505495 0.664306640625 0.03571428571428571 0.16845703125
0 0.9324175824175824 0.688720703125 0.03571428571428571 0.15869140625
0 0.9660714285714286 0.705810546875 0.042582417582417584 0.14892578125
0 0.8760989010989011 0.61181640625 0.03571428571428571 0.1455078125