0 0.9538674033149172 0.3143418467583497 0.052486187845303865 0.12966601178781925
0 0.9262430939226519 0.2450884086444008 0.049723756906077346 0.23084479371316308
0 0.8417127071823205 0.030451866404715127 0.052486187845303865 0.060903732809430254
0 0.7638121546961326 0.05992141453831041 0.04806629834254143 0.11984282907662082
0 0.7375690607734806 0.3330058939096267 0.05966850828729282 0.09233791748526522
0 0.6284530386740331 0.06827111984282908 0.037016574585635356 0.13654223968565815
0 0.6265193370165746 0.10265225933202357 0.03314917127071823 0.20530451866404714
0 0.1718232044198895 0.6704322200392927 0.34226519337016575 0.5820235756385069
0 0.45138121546961324 0.650294695481336 0.2201657458563536 0.4086444007858546
0 0.23535911602209944 0.6738703339882122 0.21187845303867403 0.4179764243614931
0 0.30220994475138124 0.6070726915520629 0.15441988950276242 0.45579567779960706
0 0.912292817679558 0.7868369351669942 0.05939226519337017 0.22593320235756384
0 0.6350828729281768 0.4823182711198428 0.05027624309392265 0.206286836935167
0 0.8030386740331492 0.41453831041257366 0.05359116022099448 0.07072691552062868
0 0.9770718232044199 0.6517681728880157 0.04585635359116022 0.2504911591355599