0 0.3755004003202562 0.2687841530054645 0.009407526020816653 0.028346994535519126
0 0.3823058446757406 0.26741803278688525 0.011008807045636509 0.028346994535519126
0 0.3510808646917534 0.9579918032786885 0.02241793434747798 0.08401639344262295
0 0.2580064051240993 0.9733606557377049 0.016413130504403524 0.05327868852459016
0 0.23398718975180144 0.9733606557377049 0.016413130504403524 0.05327868852459016
0 0.26281024819855886 0.98224043715847 0.02522017614091273 0.03551912568306011
0 0.27702161729383507 0.9706284153005464 0.017614091273018415 0.05874316939890711
0 0.3875100080064051 0.9528688524590164 0.016813450760608487 0.0942622950819672
0 0.40192153722978385 0.8370901639344263 0.016012810248198558 0.08674863387978142
0 0.23346277021617295 0.644938524590164 0.014711769415532426 0.05705601092896173
0 0.24585268214571662 0.6584016393442623 0.011565252201761357 0.06860655737704922
0 0.13663730984787828 0.5840437158469945 0.013274619695756548 0.027513661202185773
0 0.11143714971977578 0.592301912568306 0.009355484387509964 0.04085382513661198
0 0.04771817453963172 0.6630054644808743 0.013606885508406729 0.033654371584699444
0 0.0014011208967173738 0.682035519125683 0.0028022417934347476 0.029371584699453553
0 0.008706965572457967 0.7033674863387979 0.011381104883907152 0.03412568306010932
0 0.013702962369895924 0.8231079234972677 0.02363490792634106 0.04301912568306012
0 0.007205764611689352 0.7978142076502732 0.014411529223378704 0.04234972677595628
0 0.05522017614091275 0.7987568306010929 0.022606084867894328 0.03872267759562845
0 0.08703362690152125 0.8201161202185793 0.019855884707766176 0.04728825136612023
0 0.04039231385108086 0.722301912568306 0.015916733386709365 0.03607923497267755
0 0.030264211369095285 0.7385314207650273 0.014675740592474012 0.04122267759562835
0 0.020756605284227393 0.7408811475409837 0.013678943154523648 0.052759562841530064
0 0.03125300240192156 0.6821516393442623 0.010696557245796648 0.034378415300546396
0 0.08040032025620493 0.6665573770491804 0.00791433146517213 0.03735655737704922
0 0.15693755004003201 0.6387909836065574 0.00786228983186544 0.027930327868852526
0 0.1451841473178543 0.6447745901639345 0.007369895916733329 0.024515027322404438
0 0.1699439551641313 0.6168032786885246 0.01185748598879099 0.05396174863387978
0 0.08403122497998403 0.6399863387978142 0.010628502802241866 0.03088797814207652
0 0.40452361889511607 0.7762978142076503 0.010808646917534028 0.040300546448087435
0 0.38278222578062454 0.7989480874316939 0.017542033626901588 0.0824180327868853
0 0.3715172137710168 0.8445218579234973 0.01861088871096869 0.09532786885245897
0 0.3359367493995196 0.690792349726776 0.00786228983186544 0.05736338797814209
0 0.327097678142514 0.6927868852459016 0.007149719775820708 0.06021174863387985
0 0.32042834267413933 0.6858060109289618 0.005820656525220161 0.04625000000000003
0 0.2973738991192954 0.6950819672131148 0.008302642113690865 0.056830601092896206
0 0.2868694955964771 0.6943715846994535 0.0073058446757405925 0.06109972677595631
0 0.3052121697357887 0.6331420765027322 0.007293835068054364 0.046796448087431684
0 0.2776981585268215 0.6216120218579235 0.006313050440352274 0.04763661202185793
0 0.2695276220976781 0.6157718579234973 0.0066533226581264576 0.05190573770491804
0 0.31696557245796636 0.6325751366120219 0.008122497998398705 0.049077868852458954
0 0.3201361088871097 0.6570628415300547 0.006889511609287444 0.04112704918032789
0 0.31813450760608486 0.594275956284153 0.006453162530023975 0.0407786885245902
0 0.3260528422738191 0.6013934426229508 0.005612489991993588 0.04249316939890713
0 0.35798638911128905 0.6023907103825137 0.008094475580464291 0.049043715846994504
0 0.34698158526821454 0.5965505464480875 0.006765412329863927 0.0407786885245902
0 0.33264211369095276 0.5944193989071038 0.004775820656525155 0.049036885245901614
0 0.33714571657325865 0.6007991803278688 0.006897518014411536 0.04293715846994529
0 0.3643234587670136 0.5798907103825137 0.006757405924739835 0.04617486338797816
0 0.3589031224979984 0.5724863387978142 0.00392313851080872 0.03591530054644804
0 0.3492313851080865 0.5790368852459017 0.006597277822257813 0.03648907103825134
0 0.3393955164131305 0.5877254098360656 0.007606084867894315 0.04475409836065573
0 0.22611689351481182 0.8285177595628416 0.020492393915132127 0.0473770491803278
0 0.2122938350680544 0.8459221311475409 0.019775820656525257 0.05733606557377053
0 0.10512810248198555 0.5981489071038252 0.010144115292233845 0.04176912568306017
0 0.008526821457165714 0.6089275956284154 0.01421136909527622 0.0340300546448087
0 0.18178943154523614 0.5870969945355191 0.008110488390712657 0.02333333333333339
0 0.17371096877502004 0.5870969945355191 0.00854283426741399 0.025286885245901627
0 0.047638110488390714 0.9859972677595629 0.04243394715772618 0.028005464480874317
0 0.3653082465972778 0.7687295081967214 0.01791032826261 0.06523907103825136
0 0.3949839871897518 0.8250751366120218 0.0179543634907926 0.08619535519125687
0 0.4043234587670136 0.7547814207650273 0.01120896717373899 0.04234972677595628
0 0.4031224979983987 0.7387295081967213 0.013610888710968775 0.030737704918032786
0 0.39425540432345874 0.7662158469945355 0.009123298638911115 0.03379781420765029
0 0.3877181745396317 0.6842349726775957 0.011521216973578944 0.05836065573770496
0 0.3817814251401121 0.6908128415300546 0.011116893514811842 0.06054644808743176
0 0.38965172137710163 0.5610587431693989 0.006753402722177698 0.039699453551912574
0 0.3333546837469976 0.6797540983606557 0.01105684547638106 0.06123633879781427
0 0.09168534827862289 0.6648770491803279 0.01858686949559641 0.03317622950819668
0 0.19904323458767015 0.6185177595628415 0.011132906325060025 0.05853825136612025
0 0.22231385108086466 0.5663183060109289 0.007630104083266591 0.04406420765027322
0 0.6485188150520417 0.7855191256830601 0.10828662930344275 0.16393442622950818
0 0.7455964771817454 0.7158469945355191 0.11589271417133706 0.21004098360655737
0 0.8150520416333067 0.7807377049180327 0.07946357085668534 0.16734972677595628
0 0.8817053642914331 0.7827868852459017 0.1313050440352282 0.2028688524590164