0 0.3225058004640371 0.18619489559164734 0.030162412993039442 0.052204176334106726
0 0.30104408352668216 0.14907192575406034 0.02320185614849188 0.0382830626450116
0 0.3404872389791183 0.14559164733178653 0.02320185614849188 0.034222737819025524
0 0.39153132250580047 0.1711136890951276 0.03480278422273782 0.03306264501160093
0 0.5220417633410673 0.24477958236658934 0.08584686774941995 0.4895591647331787
0 0.7279582366589327 0.08758700696055685 0.191415313225058 0.1751740139211137
0 0.8480278422273781 0.24477958236658934 0.2923433874709977 0.4895591647331787
0 0.570185614849188 0.09048723897911833 0.15893271461716937 0.18097447795823665
0 0.9274941995359629 0.05162412993039443 0.14501160092807425 0.10324825986078887
0 0.09396751740139211 0.7685614849187935 0.05104408352668213 0.16009280742459397
0 0.8445475638051044 0.7447795823665894 0.3109048723897912 0.5104408352668214