0 0.773371104815864 0.051604782882315924 0.02891879131255902 0.10305223410950283
0 0.8270774315391879 0.04247954688483323 0.02726628895184136 0.04908747640025173
0 0.8858593012275732 0.04247954688483323 0.0341123701605288 0.05239144115796098
0 0.9569169027384324 0.08259911894273128 0.02986307837582625 0.09329767149150409
0 0.9825306893295562 0.0736312146003776 0.024669499527856468 0.08842039018250472
0 0.07294617563739376 0.8006607929515418 0.014636449480642116 0.06293266205160478
0 0.08970727101038715 0.7994021397105098 0.0226628895184136 0.07016991818753933
0 0.11473087818696884 0.7957835116425425 0.020066100094428708 0.07016991818753933
0 0.31397544853635506 0.7268722466960352 0.015344664778092541 0.0434235368156073
0 0.2975684608120869 0.722624292007552 0.015344664778092541 0.054436752674638135
0 0.2817516525023607 0.7279735682819384 0.020066100094428708 0.048458149779735685
0 0.2694759206798867 0.5670232850849591 0.015344664778092541 0.0144745122718691
0 0.4006137865911237 0.7547199496538703 0.016288951841359773 0.03618628067967275
0 0.3843248347497639 0.7522026431718062 0.016288951841359773 0.0289490245437382
0 0.413833805476865 0.7311202013845186 0.015344664778092541 0.051919446192573944