0 0.7966439135381115 0.2925101214574899 0.08902161547212742 0.23228744939271256
0 0.25341296928327645 0.9271255060728745 0.0540386803185438 0.145748987854251
0 0.1083617747440273 0.9296558704453441 0.06541524459613197 0.14068825910931174
0 0.17889647326507394 0.9635627530364372 0.05858930602957907 0.0728744939271255
0 0.4513651877133106 0.7403846153846154 0.06825938566552901 0.21761133603238866
0 0.05858930602957907 0.7074898785425101 0.06257110352673492 0.15587044534412955
0 0.2579635949943117 0.7140688259109311 0.042662116040955635 0.16902834008097167
0 0.22440273037542663 0.687246963562753 0.047212741751990896 0.11538461538461539
0 0.1214448236632537 0.6558704453441295 0.042662116040955635 0.05263157894736842
0 0.1618316268486917 0.6543522267206477 0.04152445961319681 0.04959514170040486
0 0.4377133105802048 0.6594129554655871 0.03583617747440273 0.0597165991902834
0 0.7798634812286689 0.8147773279352226 0.4402730375426621 0.37044534412955465