0 0.6225824800910125 0.24190283400809717 0.20534698521046643 0.3881578947368421
0 0.7937997724687145 0.14524291497975708 0.04920364050056883 0.10475708502024292
0 0.18430034129692832 0.6928137651821862 0.07878270762229807 0.4686234817813765
0 0.4101251422070535 0.7029352226720648 0.08304891922639362 0.4559716599190283
0 0.32764505119453924 0.7029352226720648 0.11433447098976109 0.43775303643724695
0 0.26678043230944254 0.7044534412955465 0.10580204778156997 0.4326923076923077
0 0.6060864618885097 0.8044028340080972 0.0540386803185438 0.22520242914979757
0 0.6345278725824801 0.6867408906882592 0.051194539249146756 0.23785425101214575
0 0.9507963594994312 0.5172064777327935 0.047212741751990896 0.13562753036437247
0 0.9906143344709898 0.5440283400809717 0.01877133105802048 0.18927125506072875
0 0.8475540386803185 0.5045546558704453 0.04550625711035267 0.11032388663967611
0 0.8919226393629124 0.5020242914979757 0.03981797497155859 0.10526315789473684
0 0.8208191126279863 0.6487854251012146 0.051194539249146756 0.22773279352226722
0 0.9310295790671217 0.694331983805668 0.04977246871444824 0.22773279352226722
0 0.732650739476678 0.777834008097166 0.059726962457337884 0.2732793522267207
0 0.9749715585893061 0.8709514170040485 0.05005688282138794 0.2479757085020243