0 0.7836158192090396 0.4874245472837022 0.05084745762711865 0.16398390342052313
0 0.7223163841807909 0.06287726358148893 0.05254237288135593 0.12575452716297786
0 0.7237288135593221 0.022635814889336015 0.05536723163841808 0.04527162977867203
0 0.7083333333333334 0.21428571428571427 0.052259887005649715 0.18611670020120724
0 0.634180790960452 0.34632796780684105 0.062146892655367235 0.23390342052313884
0 0.4711864406779661 0.3008048289738431 0.04293785310734463 0.24346076458752516
0 0.4725988700564972 0.1675050301810865 0.04576271186440678 0.13782696177062373
0 0.5720338983050848 0.2721327967806841 0.0423728813559322 0.176056338028169
0 0.5317796610169492 0.2595573440643863 0.04096045197740113 0.19617706237424548
0 0.6149717514124293 0.07193158953722334 0.04124293785310734 0.14386317907444668
0 0.576271186440678 0.06690140845070422 0.03389830508474576 0.13380281690140844
0 0.5449152542372881 0.0744466800804829 0.03672316384180791 0.1488933601609658
0 0.8714689265536724 0.1966800804828974 0.03672316384180791 0.14084507042253522
0 0.8559322033898306 0.08853118712273642 0.05084745762711865 0.176056338028169
0 0.8677966101694915 0.02665995975855131 0.02937853107344633 0.05331991951710262
0 0.8409604519774011 0.032696177062374245 0.04350282485875706 0.06539235412474849
0 0.9392655367231638 0.15392354124748492 0.03672316384180791 0.1659959758551308
0 0.980225988700565 0.2112676056338028 0.03954802259887006 0.19114688128772636
0 0.9864406779661017 0.12877263581488935 0.02711864406779661 0.12072434607645875
0 0.9943502824858758 0.0960764587525151 0.011299435028248588 0.14587525150905434
0 0.5819209039548022 0.5412474849094567 0.06779661016949153 0.056338028169014086