0 0.1992656875834446 0.2777777777777778 0.02403204272363151 0.14673913043478262
0 0.22429906542056074 0.1956521739130435 0.01602136181575434 0.05615942028985507
0 0.24833110814419226 0.19806763285024154 0.022363150867823766 0.05495169082125604
0 0.5153538050734312 0.05676328502415459 0.0520694259012016 0.11352657004830918
0 0.1491989319092123 0.730072463768116 0.09712950600801068 0.20108695652173914
0 0.6805740987983978 0.9015700483091788 0.19425901201602136 0.19685990338164253
0 0.6562082777036048 0.6684782608695652 0.102803738317757 0.3176328502415459
0 0.9732977303070761 0.7077294685990339 0.0534045393858478 0.3961352657004831
0 0.7393190921228304 0.6859903381642513 0.09145527369826435 0.3526570048309179
0 0.7957276368491322 0.6841787439613527 0.08411214953271028 0.34903381642512077
0 0.6805740987983978 0.9015700483091788 0.19425901201602136 0.19685990338164253
0 0.6562082777036048 0.6684782608695652 0.102803738317757 0.3176328502415459
0 0.9732977303070761 0.7077294685990339 0.0534045393858478 0.3961352657004831
0 0.6805740987983978 0.9015700483091788 0.19425901201602136 0.19685990338164253
0 0.9732977303070761 0.7077294685990339 0.0534045393858478 0.3961352657004831
0 0.6805740987983978 0.9015700483091788 0.19425901201602136 0.19685990338164253
0 0.9732977303070761 0.7077294685990339 0.0534045393858478 0.3961352657004831
0 0.6805740987983978 0.9015700483091788 0.19425901201602136 0.19685990338164253
0 0.9732977303070761 0.7077294685990339 0.0534045393858478 0.3961352657004831
0 0.6805740987983978 0.9015700483091788 0.19425901201602136 0.19685990338164253
0 0.9732977303070761 0.7077294685990339 0.0534045393858478 0.3961352657004831
0 0.6805740987983978 0.9015700483091788 0.19425901201602136 0.19685990338164253
0 0.9732977303070761 0.7077294685990339 0.0534045393858478 0.3961352657004831