0 0.6290960451977401 0.2562877263581489 0.05367231638418079 0.2238430583501006
0 0.6573446327683616 0.13933601609657947 0.05084745762711865 0.23641851106639838
0 0.7766949152542373 0.13933601609657947 0.05508474576271186 0.2665995975855131
0 0.8536723163841808 0.1267605633802817 0.062146892655367235 0.22635814889336017
0 0.9490112994350283 0.1846076458752515 0.06073446327683616 0.23138832997987926
0 0.4977401129943503 0.02665995975855131 0.03615819209039548 0.05331991951710262
0 0.653954802259887 0.8883299798792756 0.011299435028248588 0.04074446680080483
0 0.6262711864406779 0.8802816901408451 0.010169491525423728 0.0306841046277666
0 0.6206214689265537 0.8787726358148893 0.007909604519774011 0.0306841046277666
0 0.614406779661017 0.8752515090543259 0.011299435028248588 0.03219315895372234
0 0.6912429378531073 0.8727364185110664 0.015819209039548022 0.02464788732394366
0 0.9271186440677966 0.8737424547283702 0.014689265536723164 0.029175050301810865