0 0.9790960451977401 0.07494969818913481 0.04180790960451977 0.14989939637826963
0 0.9918079096045198 0.15845070422535212 0.01638418079096045 0.2545271629778672
0 0.5721751412429379 0.31966800804828976 0.05508474576271186 0.23390342052313884
0 0.6548022598870057 0.1687625754527163 0.05367231638418079 0.24899396378269617
0 0.730225988700565 0.3953722334004024 0.06610169491525424 0.1891348088531187
0 0.8327683615819209 0.4416498993963783 0.07909604519774012 0.096579476861167
0 0.9344632768361582 0.41901408450704225 0.07909604519774012 0.14185110663983905
0 0.8129943502824859 0.31841046277665996 0.06779661016949153 0.2716297786720322
0 0.038700564971751415 0.6267605633802817 0.01440677966101695 0.0925553319919517
0 0.047740112994350284 0.6569416498993964 0.012146892655367232 0.10814889336016097
0 0.03615819209039548 0.8933601609657947 0.016101694915254237 0.12525150905432594
0 0.08728813559322034 0.7062374245472837 0.01864406779661017 0.09758551307847083
0 0.11299435028248588 0.7168008048289738 0.012146892655367232 0.11116700201207244
0 0.09463276836158192 0.6448692152917505 0.01327683615819209 0.1011066398390342
0 0.17598870056497176 0.7072434607645876 0.01864406779661017 0.09959758551307847
0 0.1903954802259887 0.6378269617706237 0.015536723163841809 0.07696177062374246
0 0.211864406779661 0.6720321931589537 0.012711864406779662 0.08048289738430583
0 0.2248587570621469 0.6197183098591549 0.016101694915254237 0.08249496981891348
0 0.26073446327683614 0.6514084507042254 0.016666666666666666 0.0875251509054326
0 0.26807909604519775 0.8425553319919518 0.020338983050847456 0.12022132796780684
0 0.35423728813559324 0.7032193158953722 0.016666666666666666 0.11116700201207244
0 0.17994350282485877 0.5306841046277666 0.01384180790960452 0.0789738430583501
0 0.23418079096045197 0.545271629778672 0.011299435028248588 0.04627766599597585
0 0.22231638418079097 0.5160965794768612 0.011299435028248588 0.052313883299798795
0 0.327683615819209 0.5256539235412475 0.011864406779661017 0.07092555331991952
0 0.35084745762711866 0.5241448692152918 0.010169491525423728 0.06841046277665996