0 0.3447222222222222 0.14575098814229248 0.010555555555555556 0.17687747035573123
0 0.7855555555555556 0.22233201581027667 0.056666666666666664 0.19367588932806323
0 0.8204166666666667 0.20133399209486166 0.043055555555555555 0.2099802371541502
0 0.8152777777777778 0.06521739130434782 0.05277777777777778 0.13043478260869565
0 0.8704166666666666 0.11981225296442688 0.0375 0.10622529644268774
0 0.9697222222222223 0.06422924901185771 0.041666666666666664 0.12845849802371542
0 0.9938888888888889 0.05928853754940711 0.012222222222222223 0.11857707509881422
0 0.46194444444444444 0.030632411067193676 0.03722222222222222 0.06126482213438735
0 0.35555555555555557 0.22480237154150198 0.011111111111111112 0.18873517786561264
0 0.35638888888888887 0.08745059288537549 0.012777777777777779 0.1650197628458498
0 0.7377777777777778 0.0741106719367589 0.044444444444444446 0.1482213438735178
0 0.7730555555555556 0.0741106719367589 0.04055555555555555 0.1482213438735178
0 0.6440277777777778 0.18898221343873517 0.04861111111111111 0.20503952569169961
0 0.6716666666666666 0.09634387351778656 0.04888888888888889 0.19268774703557312