0 0.6906077348066298 0.41159135559921417 0.06906077348066299 0.22838899803536344
0 0.2988950276243094 0.8752455795677799 0.13812154696132597 0.24950884086444008
0 0.0649171270718232 0.9145383104125737 0.1298342541436464 0.17092337917485265
0 0.6143646408839779 0.9739685658153242 0.05966850828729282 0.05206286836935167
0 0.7110497237569061 0.6620825147347741 0.045303867403314914 0.06483300589390963
0 0.657182320441989 0.6881139489194499 0.04806629834254143 0.1168958742632613
0 0.6660220994475138 0.924852652259332 0.04143646408839779 0.15029469548133595
0 0.8110497237569061 0.649803536345776 0.04419889502762431 0.04027504911591356
0 0.9017955801104972 0.7932220039292731 0.05386740331491713 0.26031434184675833
0 0.8265193370165745 0.7809430255402751 0.06077348066298342 0.22102161100196463
0 0.7332872928176796 0.837426326129666 0.05939226519337017 0.22593320235756384