0 0.6864361702127659 0.3534971644612476 0.2643617021276596 0.33223062381852553
0 0.6704787234042553 0.19234404536862004 0.03590425531914894 0.07797731568998109
0 0.936968085106383 0.3445179584120983 0.12606382978723404 0.33081285444234404
0 0.8715425531914893 0.2504725897920605 0.11781914893617021 0.1720226843100189
0 0.8436170212765958 0.23062381852551986 0.06648936170212766 0.16918714555765596
0 0.7178191489361702 0.19896030245746693 0.0973404255319149 0.15075614366729678
0 0.5143617021276595 0.40973534971644615 0.02872340425531915 0.22022684310018903
0 0.21622340425531916 0.7641776937618148 0.11462765957446809 0.13516068052930058
0 0.463031914893617 0.774102079395085 0.061436170212765956 0.0949905482041588
0 0.3904255319148936 0.7707939508506616 0.0797872340425532 0.11058601134215501
0 0.4021276595744681 0.6304347826086957 0.0973404255319149 0.20699432892249528
0 0.21914893617021278 0.6176748582230623 0.04920212765957447 0.07466918714555766
0 0.10079787234042553 0.666351606805293 0.06648936170212766 0.20132325141776938
0 0.054787234042553194 0.6167296786389413 0.03803191489361702 0.14508506616257089
0 0.7671914893617022 0.8137618147448016 0.10840957446808508 0.2407277882797732