0 0.13983050847457626 0.0437625754527163 0.01864406779661017 0.0875251509054326
0 0.11242937853107345 0.0437625754527163 0.021468926553672316 0.0875251509054326
0 0.14858757062146893 0.08601609657947686 0.020903954802259886 0.15090543259557343
0 0.18305084745762712 0.2369215291750503 0.02937853107344633 0.043259557344064385
0 0.4827683615819209 0.19014084507042253 0.08389830508474576 0.1836016096579477
0 0.7700564971751412 0.19466800804828974 0.05649717514124294 0.1493963782696177
0 0.6418079096045197 0.20422535211267606 0.07570621468926554 0.20372233400402415
0 0.35903954802259885 0.20975855130784707 0.11497175141242938 0.18611670020120724
0 0.42344632768361584 0.21227364185110664 0.06440677966101695 0.16851106639839034
0 0.8129943502824859 0.21780684104627768 0.06666666666666667 0.12474849094567404
0 0.5435028248587571 0.22686116700201206 0.07203389830508475 0.20271629778672032
0 0.7161016949152542 0.25201207243460766 0.07853107344632769 0.2560362173038229
0 0.9144067796610169 0.3551307847082495 0.15649717514124295 0.3289738430583501
0 0.669774011299435 0.3641851106639839 0.11186440677966102 0.358148893360161
0 0.5833333333333334 0.36167002012072436 0.10451977401129943 0.37525150905432597
0 0.49180790960451976 0.3888329979879276 0.09858757062146893 0.28269617706237427
0 0.8502824858757062 0.39134808853118713 0.11581920903954802 0.26509054325955733
0 0.7364406779661017 0.391851106639839 0.07344632768361582 0.27816901408450706
0 0.7980225988700564 0.39587525150905434 0.07203389830508475 0.28621730382293764
0 0.3375706214689266 0.39889336016096577 0.0748587570621469 0.3008048289738431
0 0.4138418079096045 0.4059356136820926 0.10903954802259887 0.28672032193158953
0 0.24491525423728813 0.926056338028169 0.05367231638418079 0.14788732394366197
0 0.21666666666666667 0.8475855130784709 0.05084745762711865 0.23641851106639838
0 0.05056497175141243 0.6343058350100603 0.04915254237288136 0.17002012072434608
0 0.14096045197740112 0.5900402414486922 0.05254237288135593 0.08148893360160966
0 0.024858757062146894 0.9300804828973843 0.04971751412429379 0.1398390342052314
0 0.3677966101694915 0.8008048289738431 0.13531073446327685 0.23591549295774647