0 0.8272368421052632 0.50187265917603 0.056578947368421055 0.2153558052434457
0 0.4160526315789474 0.35557116104868913 0.05 0.20833333333333334
0 0.4423684210526316 0.24672284644194756 0.04736842105263158 0.2200374531835206
0 0.735 0.07631086142322098 0.04368421052631579 0.15262172284644196
0 0.7864473684210527 0.10627340823970037 0.046052631578947366 0.19194756554307116
0 0.7778947368421053 0.40823970037453183 0.039473684210526314 0.2153558052434457
0 0.9521052631578948 0.03323970037453183 0.035789473684210524 0.06647940074906367
0 0.925 0.07069288389513109 0.039473684210526314 0.14138576779026218
0 0.6394736842105263 0.06460674157303371 0.042105263157894736 0.12921348314606743
0 0.6805263157894736 0.062265917602996254 0.03684210526315789 0.12453183520599251
0 0.7153947368421053 0.3274812734082397 0.056578947368421055 0.22237827715355804
0 0.6318421052631579 0.27364232209737827 0.05526315789473684 0.21301498127340823
0 0.5667105263157894 0.2045880149812734 0.04868421052631579 0.2340823970037453
0 0.31842105263157894 0.05664794007490637 0.03684210526315789 0.11329588014981273
0 0.9180263157894737 0.22799625468164794 0.05131578947368421 0.2200374531835206
0 0.7581578947368421 0.4386704119850187 0.05263157894736842 0.24344569288389514
0 0.5657894736842105 0.9199438202247191 0.10342105263157894 0.1596441947565543