0 0.9583333333333334 0.31759443339960236 0.08333333333333333 0.5755467196819085
0 0.8920634920634921 0.39214711729622265 0.07182539682539682 0.42992047713717696
0 0.5138888888888888 0.323558648111332 0.0880952380952381 0.5636182902584493
0 0.7904761904761904 0.4025844930417495 0.06547619047619048 0.4115308151093439
0 0.5904761904761905 0.3961232604373757 0.07896825396825397 0.426441351888668
0 0.7277777777777777 0.3986083499005964 0.08452380952380953 0.4194831013916501
0 0.6567460317460317 0.39214711729622265 0.07777777777777778 0.43190854870775347
0 0.5742063492063492 0.19433399602385687 0.06428571428571428 0.15457256461232605
0 0.8325396825396826 0.3911530815109344 0.05873015873015873 0.42047713717693835
0 0.8444444444444444 0.1908548707753479 0.03888888888888889 0.15904572564612326
0 0.7845238095238095 0.19831013916500995 0.05952380952380952 0.17147117296222664
0 0.7317460317460317 0.18737574552683897 0.16746031746031745 0.18886679920477137
0 0.6222222222222222 0.19135188866799205 0.04563492063492063 0.15109343936381708
0 0.6932539682539682 0.21123260437375746 0.046825396825396826 0.14761431411530815
0 0.621031746031746 0.3558648111332008 0.05 0.47763419483101394
0 0.692063492063492 0.2852882703777336 0.04563492063492063 0.2957256461232604
0 0.8948412698412699 0.24204771371769385 0.0761904761904762 0.27286282306163023
0 0.7317460317460317 0.20526838966202784 0.08095238095238096 0.13767395626242546
0 0.6317460317460317 0.808648111332008 0.1380952380952381 0.3827037773359841
0 0.9424603174603174 0.8096421471172962 0.11507936507936507 0.38071570576540753
0 0.7253968253968254 0.8081510934393639 0.15079365079365079 0.3836978131212724
0 0.553968253968254 0.8056660039761432 0.1253968253968254 0.38866799204771374
0 0.8428571428571429 0.8215705765407555 0.1126984126984127 0.35685884691848907
0 0.48968253968253966 0.8046719681908548 0.03968253968253968 0.39065606361829025
0 0.5134920634920634 0.8046719681908548 0.0873015873015873 0.39065606361829025
0 0.8452380952380952 0.672962226640159 0.1523809523809524 0.1272365805168986