0 0.6662429378531074 0.22962776659959758 0.05790960451977401 0.20875251509054327
0 0.7015536723163842 0.20196177062374246 0.043785310734463276 0.2137826961770624
0 0.6963276836158192 0.06488933601609657 0.05367231638418079 0.12977867203219315
0 0.7524011299435028 0.11896378269617706 0.038135593220338986 0.10814889336016097
0 0.713276836158192 0.4768611670020121 0.05367231638418079 0.08450704225352113
0 0.9218926553672316 0.19693158953722334 0.04943502824858757 0.20372233400402415
0 0.8533898305084746 0.06388329979879276 0.0423728813559322 0.12776659959758552
0 0.8983050847457628 0.0875251509054326 0.03954802259887006 0.1750503018108652
0 0.8864406779661017 0.05885311871227364 0.02937853107344633 0.11770623742454728
0 0.9627118644067797 0.0875251509054326 0.0384180790960452 0.1750503018108652
0 0.988135593220339 0.07243460764587525 0.023728813559322035 0.1448692152917505
0 0.961864406779661 0.03219315895372234 0.03672316384180791 0.06438631790744467
0 0.9155367231638418 0.04476861167002012 0.03672316384180791 0.08953722334004025
0 0.6175141242937853 0.07394366197183098 0.04519774011299435 0.14788732394366197
0 0.6533898305084745 0.07394366197183098 0.04124293785310734 0.14788732394366197
0 0.5221751412429378 0.18938631790744467 0.04943502824858757 0.20875251509054327
0 0.5502824858757062 0.096579476861167 0.04971751412429379 0.193158953722334
0 0.1943502824858757 0.7987927565392354 0.026271186440677965 0.08501006036217304
0 0.4491525423728814 0.7308853118712274 0.05875706214689266 0.3028169014084507