0 0.8491735537190083 0.29464285714285715 0.12514757969303425 0.21271008403361344
0 0.21074380165289255 0.5877100840336135 0.05608028335301062 0.14180672268907563
0 0.1568772136953955 0.6756827731092437 0.048701298701298704 0.2547268907563025
0 0.15392561983471073 0.5365021008403361 0.048701298701298704 0.14443277310924368
0 0.37839433293978747 0.4847689075630252 0.04014167650531287 0.11029411764705882
0 0.21443329397874852 0.7505252100840336 0.05165289256198347 0.21533613445378152
0 0.43270365997638727 0.520483193277311 0.03423848878394333 0.18172268907563024
0 0.40038370720188904 0.6113445378151261 0.03984651711924439 0.18907563025210083
0 0.37012987012987014 0.6901260504201681 0.04427390791027155 0.19957983193277312
0 0.04988193624557261 0.6809348739495799 0.047225501770956316 0.19170168067226892
0 0.09563164108618655 0.6664915966386554 0.04132231404958678 0.21008403361344538
0 0.013872491145218418 0.4900210084033613 0.027744982290436836 0.1207983193277311
0 0.04191263282172373 0.483718487394958 0.04604486422668241 0.10819327731092437
0 0.0743801652892562 0.49159663865546216 0.04250295159386069 0.12394957983193278
0 0.3474025974025974 0.48739495798319327 0.03955135773317592 0.11554621848739496
0 0.36186540731995276 0.881827731092437 0.05785123966942149 0.23634453781512604
0 0.18152302243211335 0.4653361344537815 0.04427390791027155 0.07142857142857142
0 0.13046044864226683 0.4742647058823529 0.04604486422668241 0.08928571428571429
0 0.03364817001180637 0.8881302521008403 0.06493506493506493 0.22373949579831934
0 0.1331168831168831 0.917016806722689 0.06316410861865407 0.16596638655462184
0 0.7650531286894924 0.6449579831932774 0.06877213695395513 0.19012605042016806