0 0.2662087912087912 0.15478515625 0.5324175824175824 0.3095703125
0 0.7494505494505495 0.16357421875 0.0521978021978022 0.1318359375
0 0.6967032967032967 0.12158203125 0.014285714285714285 0.1806640625
0 0.6994505494505494 0.25 0.01978021978021978 0.119140625
0 0.7063186813186814 0.22802734375 0.033516483516483515 0.1630859375
0 0.9038461538461539 0.2509765625 0.05384615384615385 0.1171875
0 0.9163461538461538 0.145263671875 0.042582417582417584 0.17333984375
0 0.876510989010989 0.09765625 0.034340659340659344 0.1806640625
0 0.971978021978022 0.09033203125 0.046703296703296704 0.1806640625
0 0.9387362637362637 0.01220703125 0.04120879120879121 0.0244140625
0 0.657967032967033 0.966796875 0.05879120879120879 0.06640625
0 0.22884615384615384 0.89208984375 0.0521978021978022 0.2158203125
0 0.2563186813186813 0.77978515625 0.04945054945054945 0.2294921875
0 0.3159340659340659 0.3515625 0.05054945054945055 0.083984375
0 0.6120879120879121 0.48193359375 0.0521978021978022 0.1318359375
0 0.4747252747252747 0.46728515625 0.04120879120879121 0.185546875
0 0.5049450549450549 0.4599609375 0.04945054945054945 0.1806640625
0 0.542032967032967 0.4404296875 0.04945054945054945 0.1806640625
0 0.5461538461538461 0.61376953125 0.0521978021978022 0.2099609375
0 0.5633241758241758 0.551513671875 0.04532967032967033 0.17333984375
0 0.00989010989010989 0.42529296875 0.01978021978021978 0.1611328125
0 0.43214285714285716 0.32958984375 0.03571428571428571 0.0400390625
0 0.4604395604395604 0.326171875 0.04285714285714286 0.033203125
0 0.4967032967032967 0.33349609375 0.04945054945054945 0.0478515625
0 0.1896978021978022 0.39404296875 0.04532967032967033 0.146484375
0 0.19505494505494506 0.34423828125 0.04835164835164835 0.0693359375
0 0.12225274725274725 0.3759765625 0.04010989010989011 0.1328125
0 0.5898351648351648 0.8935546875 0.0521978021978022 0.212890625
0 0.521978021978022 0.9580078125 0.06153846153846154 0.083984375
0 0.3401098901098901 0.50634765625 0.0521978021978022 0.1806640625
0 0.041346153846153845 0.43798828125 0.03159340659340659 0.1953125
0 0.07431318681318681 0.44287109375 0.04807692307692308 0.1904296875
0 0.07335164835164835 0.3798828125 0.04120879120879121 0.140625
0 0.05508241758241758 0.668701171875 0.04807692307692308 0.21728515625
0 0.016758241758241758 0.6708984375 0.033516483516483515 0.1875
0 0.02142857142857143 0.602783203125 0.04120879120879121 0.14892578125
0 0.017582417582417582 0.533203125 0.035164835164835165 0.126953125
0 0.41771978021978023 0.5478515625 0.04807692307692308 0.21484375
0 0.44368131868131866 0.91064453125 0.05879120879120879 0.1787109375
0 0.7791208791208791 0.5703125 0.05631868131868132 0.07568359375
0 0.8546703296703296 0.65966796875 0.037637362637362635 0.13818359375