0 0.30625 0.30684007707129096 0.159375 0.3217726396917148
0 0.11076388888888888 0.3559730250481696 0.11041666666666666 0.2947976878612717
0 0.41944444444444445 0.30828516377649323 0.03993055555555555 0.2947976878612717
0 0.2125 0.2846820809248555 0.044097222222222225 0.09152215799614644
0 0.2621527777777778 0.22639691714836224 0.044097222222222225 0.11705202312138728
0 0.3902777777777778 0.2846820809248555 0.03611111111111111 0.09152215799614644
0 0.4829861111111111 0.2846820809248555 0.08680555555555555 0.569364161849711
0 0.9166666666666666 0.2846820809248555 0.16666666666666666 0.569364161849711
0 0.8402777777777778 0.2846820809248555 0.1486111111111111 0.569364161849711
0 0.5465277777777777 0.2846820809248555 0.1111111111111111 0.569364161849711
0 0.6409722222222223 0.2581888246628131 0.15694444444444444 0.5163776493256262
0 0.6024305555555556 0.7846820809248555 0.32569444444444445 0.430635838150289