0 0.3956866197183099 0.3346394984326019 0.03961267605633803 0.07366771159874608
0 0.0682218309859155 0.8769592476489029 0.13600352112676056 0.24529780564263323
0 0.20862676056338028 0.8871473354231975 0.1602112676056338 0.22570532915360503
0 0.1835387323943662 0.8699059561128527 0.13468309859154928 0.2601880877742947
0 0.33758802816901406 0.8800940438871473 0.16725352112676056 0.2390282131661442
0 0.3939260563380282 0.8683385579937304 0.11355633802816902 0.26332288401253917
0 0.4762323943661972 0.8816614420062696 0.1813380281690141 0.23667711598746083
0 0.5189260563380281 0.8769592476489029 0.10211267605633803 0.24608150470219436
0 0.5761443661971831 0.8409090909090909 0.09198943661971831 0.1669278996865204
0 0.5955105633802817 0.8628526645768025 0.06602112676056338 0.274294670846395
0 0.7411971830985915 0.9067398119122257 0.22359154929577466 0.1865203761755486