0 0.707258064516129 0.2719885277246654 0.14301075268817204 0.39053537284894835
0 0.24973118279569892 0.6931166347992351 0.059408602150537636 0.1338432122370937
0 0.6647849462365591 0.7559751434034416 0.051075268817204304 0.2127151051625239
0 0.6916666666666667 0.6448374760994264 0.04838709677419355 0.22466539196940727
0 0.9747311827956989 0.5372848948374761 0.05053763440860215 0.09560229445506692
0 0.867741935483871 0.8181166347992351 0.06182795698924731 0.20793499043977057
0 0.8900537634408602 0.9263862332695985 0.06827956989247312 0.14722753346080306
0 0.9516129032258065 0.8891013384321224 0.060215053763440864 0.22179732313575526
0 0.4946236559139785 0.5659655831739961 0.047311827956989246 0.15296367112810708
0 0.4521505376344086 0.5597514340344169 0.043010752688172046 0.14053537284894838
0 0.4615591397849462 0.5167304015296367 0.04032258064516129 0.05449330783938815
0 0.43010752688172044 0.5420650095602294 0.02043010752688172 0.10516252390057361