0 0.9602888086642599 0.06423982869379015 0.06618531889290012 0.1284796573875803
0 0.75 0.07119914346895075 0.04512635379061372 0.1423982869379015
0 0.7851985559566786 0.042826552462526764 0.049338146811071 0.08565310492505353
0 0.9070397111913358 0.22162740899357602 0.06799037304452467 0.11563169164882227
0 0.23495788206979543 0.9379014989293362 0.09807460890493382 0.12419700214132762
0 0.3462695547533093 0.9191648822269807 0.038206979542719614 0.16167023554603854
0 0.37545126353790614 0.9598501070663812 0.025571600481347774 0.08029978586723768
0 0.4666064981949459 0.9223768736616702 0.06377858002406739 0.15471092077087795
0 0.5700962695547533 0.9223768736616702 0.07882069795427196 0.15471092077087795
0 0.41726835138387486 0.911134903640257 0.038206979542719614 0.1664882226980728
0 0.38176895306859204 0.8849036402569593 0.0315884476534296 0.0904710920770878
0 0.802647412755716 0.7334047109207709 0.04632972322503008 0.28640256959314775
0 0.7397713598074609 0.7462526766595289 0.03489771359807461 0.28640256959314775
0 0.7196149217809867 0.7146680942184154 0.026173285198555957 0.24464668094218414
0 0.6495186522262335 0.6927194860813705 0.0351985559566787 0.32494646680942185
0 0.851684717208183 0.5968950749464668 0.015944645006016847 0.07708779443254818
0 0.868531889290012 0.5840471092077087 0.008122743682310469 0.04229122055674518