0 0.4325053995680346 0.44164265129682995 0.0642548596112311 0.15345821325648415
0 0.13606911447084233 0.4365994236311239 0.04643628509719223 0.1642651296829971
0 0.10583153347732181 0.44020172910662825 0.029157667386609073 0.1563400576368876
0 0.3444924406047516 0.430835734870317 0.056155507559395246 0.17579250720461095
0 0.3601511879049676 0.42363112391930835 0.028077753779697623 0.1260806916426513
0 0.17980561555075594 0.42219020172910665 0.028077753779697623 0.1138328530259366
0 0.08855291576673865 0.430835734870317 0.019438444924406047 0.10878962536023054
0 0.6468682505399568 0.28097982708933716 0.13174946004319654 0.38904899135446686
0 0.9319654427645788 0.4474063400576369 0.13606911447084233 0.14265129682997119
0 0.5529157667386609 0.2896253602305475 0.08639308855291576 0.3515850144092219
0 0.7602591792656588 0.2730547550432277 0.1079913606911447 0.3184438040345821
0 0.8903887688984882 0.29394812680115273 0.14578833693304535 0.4495677233429395
0 0.83207343412527 0.43948126801152737 0.1285097192224622 0.1585014409221902
0 0.9767818574514039 0.29394812680115273 0.04643628509719223 0.3025936599423631
0 0.6214902807775378 0.4589337175792507 0.1306695464362851 0.11959654178674352
0 0.7257019438444925 0.44164265129682995 0.13606911447084233 0.15417867435158503
0 0.13336933045356372 0.7593659942363112 0.26673866090712745 0.4812680115273775