0 0.7097238204833142 0.37871033776867963 0.12730149597238205 0.3623336745138178
0 0.9626006904487917 0.2978505629477994 0.07465477560414269 0.49590583418628453
0 0.5957997698504027 0.30962128966223135 0.06818181818181818 0.49590583418628453
0 0.9178653624856157 0.38510747185261 0.11622554660529344 0.34493346980552714
0 0.6419735327963176 0.31832139201637666 0.07336018411967779 0.4506141248720573
0 0.7153337169159953 0.176560900716479 0.0811277330264672 0.21596724667349027
0 0.7843785960874569 0.2850562947799386 0.0700517836593786 0.38689866939611056
0 0.8311277330264673 0.2359263050153531 0.05451668584579977 0.2812180143295803
0 0.7548906789413119 0.12359263050153531 0.03955696202531646 0.10107471852610031
0 0.6805235903337169 0.13408393039918118 0.04674913693901036 0.17528147389969292
0 0.8866513233601842 0.2420675537359263 0.07465477560414269 0.27763561924257935
0 0.882192174913694 0.12717502558853633 0.0759493670886076 0.14048106448311157
0 0.21979286536248563 0.8848515864892528 0.11047180667433831 0.23029682702149437
0 0.11809551208285385 0.9104401228249744 0.06703107019562715 0.17911975435005117
0 0.06098964326812428 0.8917604912998977 0.05293440736478711 0.2164790174002047
0 0.019131185270425777 0.8948311156601843 0.038262370540851555 0.21033776867963153
0 0.33170310701956274 0.9058341862845445 0.045454545454545456 0.18833162743091095
0 0.2913060989643268 0.8859160696008188 0.028063866513233653 0.21991811668372582
0 0.32373417721518993 0.8102661207778915 0.03706559263521293 0.07783520982599802
0 0.2657710011507479 0.8270470829068577 0.023423475258918316 0.1436693961105425
0 0.45100115074798613 0.8925486182190379 0.03299769850402757 0.20669396110542482
0 0.4095195627157652 0.8749385875127943 0.043104142692750265 0.20824974411463668
0 0.36434407364787114 0.812661207778915 0.016996547756041407 0.09139713408393048
0 0.34602416570770994 0.8043858751279427 0.020782508630609833 0.0883316274309109
0 0.31763808975834285 0.7804350051177072 0.026498849252013977 0.06381780962128956