0 0.95 0.2777777777777778 0.1 0.3422222222222222
0 0.5777027027027027 0.29888888888888887 0.12567567567567567 0.3
0 0.8472972972972973 0.29444444444444445 0.11081081081081082 0.3088888888888889
0 0.6783783783783783 0.29888888888888887 0.10270270270270271 0.3
0 0.4101351351351351 0.3 0.09054054054054055 0.29777777777777775
0 0.7533783783783784 0.3211111111111111 0.09324324324324325 0.25555555555555554
0 0.4817567567567568 0.30444444444444446 0.09864864864864865 0.28888888888888886
0 0.08945945945945945 0.7105555555555556 0.12237837837837846 0.23808888888888885
0 0.1 0.5022222222222222 0.051351351351351354 0.10666666666666667
0 0.904054054054054 0.5155555555555555 0.11283783783783784 0.13333333333333333
0 0.5851351351351352 0.5422222222222223 0.10405405405405406 0.13
0 0.4594594594594595 0.7055555555555556 0.21891891891891893 0.2833333333333333