0 0.255241935483871 0.5315186246418339 0.20241935483870968 0.3545845272206304
0 0.3616935483870968 0.5522922636103151 0.2153225806451613 0.22851002865329512
0 0.9338709677419355 0.5401146131805158 0.010483870967741936 0.04871060171919771
0 0.9318548387096774 0.5229226361031518 0.01129032258064516 0.05659025787965616
0 0.9395161290322581 0.7507163323782235 0.017741935483870968 0.05730659025787966
0 0.9241935483870968 0.748567335243553 0.020967741935483872 0.06160458452722063
0 0.880241935483871 0.6461318051575932 0.025403225806451612 0.06876790830945559
0 0.8887096774193548 0.6318051575931232 0.020161290322580645 0.07449856733524356
0 0.8129032258064516 0.6790830945558739 0.017338709677419354 0.07449856733524356
0 0.6608870967741935 0.7055873925501432 0.018145161290322582 0.0830945558739255
0 0.6943548387096774 0.7106017191977078 0.015725806451612902 0.07091690544412607
0 0.7112903225806452 0.7077363896848138 0.012903225806451613 0.09312320916905444
0 0.7205645161290323 0.6862464183381088 0.012096774193548387 0.07091690544412607
0 0.7322580645161291 0.5501432664756447 0.017338709677419354 0.08094555873925502
0 0.7790322580645161 0.5630372492836676 0.021774193548387097 0.052292263610315186
0 0.819758064516129 0.5229226361031518 0.020161290322580645 0.036532951289398284
0 0.8491935483870968 0.47636103151862463 0.014112903225806451 0.036532951289398284
0 0.8814516129032258 0.5422636103151862 0.018951612903225806 0.04871060171919771
0 0.8254032258064516 0.5630372492836676 0.017338709677419354 0.034383954154727794
0 0.8024193548387096 0.6260744985673352 0.018951612903225806 0.036532951289398284
0 0.972983870967742 0.579512893982808 0.020967741935483872 0.04871060171919771
0 0.9689516129032258 0.5630372492836676 0.025403225806451612 0.03868194842406877
0 0.8189516129032258 0.4691977077363897 0.00967741935483871 0.04656160458452722
0 0.8133064516129033 0.4068767908309456 0.006048387096774193 0.05659025787965616
0 0.807258064516129 0.3968481375358166 0.0068548387096774195 0.04871060171919771
0 0.867741935483871 0.37034383954154726 0.006048387096774193 0.044412607449856735
0 0.882258064516129 0.38896848137535817 0.0036290322580645163 0.03868194842406877
0 0.8834677419354838 0.36962750716332377 0.005241935483870968 0.042263610315186245
0 0.8939516129032258 0.3989971346704871 0.006048387096774193 0.04656160458452722
0 0.9012096774193549 0.3875358166189112 0.006048387096774193 0.04871060171919771
0 0.8951612903225806 0.35744985673352436 0.010483870967741936 0.002148997134670487
0 0.8411290322580646 0.39255014326647564 0.007661290322580645 0.044412607449856735
0 0.8528225806451613 0.36031518624641834 0.006048387096774193 0.04011461318051576
0 0.8471774193548387 0.3674785100286533 0.004435483870967742 0.04011461318051576
0 0.822983870967742 0.37965616045845274 0.006048387096774193 0.052292263610315186
0 0.8290322580645161 0.35816618911174786 0.0068548387096774195 0.04011461318051576
0 0.8225806451612904 0.32808022922636104 0.00967741935483871 0.036532951289398284
0 0.8157258064516129 0.3624641833810888 0.007661290322580645 0.034383954154727794
0 0.7806451612903226 0.3230659025787966 0.0068548387096774195 0.04656160458452722
0 0.7951612903225806 0.32808022922636104 0.008870967741935484 0.052292263610315186
0 0.7512096774193548 0.5200573065902578 0.01653225806451613 0.027936962750716332
0 0.7612903225806451 0.5171919770773639 0.01129032258064516 0.027936962750716332
0 0.769758064516129 0.5007163323782235 0.010483870967741936 0.024355300859598854
0 0.7830645161290323 0.4806590257879656 0.014112903225806451 0.027936962750716332
0 0.757258064516129 0.34025787965616044 0.0036290322580645163 0.04011461318051576
0 0.7512096774193548 0.3330945558739255 0.01129032258064516 0.04871060171919771
0 0.9923387096774193 0.3137535816618911 0.005241935483870968 0.04656160458452722
0 0.9629032258064516 0.27650429799426934 0.0068548387096774195 0.04011461318051576
0 0.9520161290322581 0.25859598853868193 0.0068548387096774195 0.042263610315186245
0 0.917741935483871 0.22994269340974213 0.005241935483870968 0.04656160458452722
0 0.9076612903225807 0.22707736389684813 0.006048387096774193 0.03868194842406877
0 0.8895161290322581 0.2191977077363897 0.0068548387096774195 0.04011461318051576
0 0.8637096774193549 0.2027220630372493 0.005241935483870968 0.032234957020057305
0 0.853225806451613 0.19412607449856734 0.007661290322580645 0.03008595988538682
0 0.844758064516129 0.19269340974212035 0.0036290322580645163 0.03008595988538682
0 0.8270161290322581 0.18696275071633237 0.006048387096774193 0.034383954154727794
0 0.8209677419354838 0.18481375358166188 0.004435483870967742 0.027936962750716332
0 0.7883064516129032 0.17048710601719197 0.006048387096774193 0.036532951289398284
0 0.780241935483871 0.16332378223495703 0.005241935483870968 0.04656160458452722
0 0.7846774193548387 0.167621776504298 0.006048387096774193 0.044412607449856735
0 0.8842741935483871 0.2148997134670487 0.0068548387096774195 0.04011461318051576
0 0.6935483870967742 0.4677650429799427 0.017338709677419354 0.052292263610315186
0 0.6887096774193548 0.5100286532951289 0.014919354838709677 0.04656160458452722
0 0.7354838709677419 0.1669054441260745 0.0036290322580645163 0.027936962750716332
0 0.7439516129032258 0.167621776504298 0.006048387096774193 0.024355300859598854
0 0.7919354838709678 0.3001432664756447 0.0036290322580645163 0.02650429799426934
0 0.7891129032258064 0.29512893982808025 0.004435483870967742 0.03008595988538682
0 0.7532258064516129 0.28653295128939826 0.0036290322580645163 0.024355300859598854
0 0.7475806451612903 0.28653295128939826 0.005241935483870968 0.0164756446991404
0 0.6661290322580645 0.4885386819484241 0.008870967741935484 0.032234957020057305
0 0.6443548387096775 0.417621776504298 0.007661290322580645 0.054441260744985676
0 0.6487903225806452 0.3624641833810888 0.0036290322580645163 0.042263610315186245
0 0.6084677419354839 0.3839541547277937 0.0068548387096774195 0.042263610315186245
0 0.5907258064516129 0.3968481375358166 0.006048387096774193 0.044412607449856735
0 0.5794354838709678 0.40974212034383956 0.005241935483870968 0.04656160458452722
0 0.5810483870967742 0.39183381088825214 0.006048387096774193 0.050143266475644696
0 0.5850806451612903 0.36174785100286533 0.004435483870967742 0.04011461318051576
0 0.5806451612903226 0.36174785100286533 0.006048387096774193 0.036532951289398284
0 0.5879032258064516 0.32808022922636104 0.006048387096774193 0.022206303724928367
0 0.6100806451612903 0.32521489971346706 0.005241935483870968 0.03008595988538682
0 0.6169354838709677 0.3209169054441261 0.006048387096774193 0.032234957020057305
0 0.6189516129032258 0.28653295128939826 0.0024193548387096775 0.027936962750716332
0 0.6125 0.28868194842406875 0.006048387096774193 0.03008595988538682
0 0.6463709677419355 0.30587392550143266 0.006048387096774193 0.032234957020057305
0 0.6584677419354839 0.3008595988538682 0.005241935483870968 0.036532951289398284
0 0.6705645161290322 0.3130372492836676 0.0036290322580645163 0.03008595988538682
0 0.6758064516129032 0.34097421203438394 0.0036290322580645163 0.036532951289398284
0 0.6608870967741935 0.3502865329512894 0.005241935483870968 0.042263610315186245
0 0.6834677419354839 0.33739255014326647 0.004435483870967742 0.032234957020057305
0 0.6806451612903226 0.3237822349570201 0.004435483870967742 0.04011461318051576
0 0.6887096774193548 0.332378223495702 0.005241935483870968 0.036532951289398284
0 0.6915322580645161 0.3015759312320917 0.004435483870967742 0.03008595988538682
0 0.6782258064516129 0.2793696275071633 0.004435483870967742 0.027936962750716332
0 0.6842741935483871 0.27793696275071633 0.004435483870967742 0.03008595988538682
0 0.719758064516129 0.3116045845272206 0.0024193548387096775 0.034383954154727794
0 0.7129032258064516 0.3173352435530086 0.0024193548387096775 0.032234957020057305
0 0.7346774193548387 0.31876790830945556 0.005241935483870968 0.03008595988538682
0 0.7274193548387097 0.3108882521489971 0.004435483870967742 0.03868194842406877
0 0.7306451612903225 0.3030085959885387 0.004435483870967742 0.032234957020057305
0 0.7068548387096775 0.3001432664756447 0.005241935483870968 0.036532951289398284
0 0.7141129032258065 0.29584527220630374 0.0036290322580645163 0.02650429799426934
0 0.7254032258064517 0.27793696275071633 0.004435483870967742 0.027936962750716332
0 0.7012096774193548 0.2815186246418338 0.005241935483870968 0.024355300859598854
0 0.694758064516129 0.2829512893982808 0.006048387096774193 0.02005730659025788
0 0.5830645161290322 0.6540114613180515 0.014112903225806451 0.06088825214899714
0 0.584274193548387 0.6912607449856734 0.014112903225806451 0.06446991404011461
0 0.7391129032258065 0.7657593123209169 0.013709677419354839 0.027220630372492838
0 0.6625 0.1683381088825215 0.004435483870967742 0.027936962750716332
0 0.65 0.17478510028653296 0.006048387096774193 0.03008595988538682
0 0.6778225806451613 0.167621776504298 0.0036290322580645163 0.02650429799426934
0 0.6701612903225806 0.1683381088825215 0.0036290322580645163 0.032234957020057305
0 0.6532258064516129 0.16260744985673353 0.0024193548387096775 0.02650429799426934
0 0.6580645161290323 0.16977077363896848 0.0024193548387096775 0.032234957020057305
0 0.597983870967742 0.29656160458452724 0.0024193548387096775 0.03008595988538682
0 0.6665322580645161 0.2793696275071633 0.0036290322580645163 0.027936962750716332
0 0.5705645161290323 0.40257879656160456 0.006048387096774193 0.04656160458452722
0 0.5564516129032258 0.35959885386819485 0.005241935483870968 0.036532951289398284
0 0.5681451612903226 0.3359598853868195 0.0036290322580645163 0.027936962750716332
0 0.5737903225806451 0.32879656160458454 0.005241935483870968 0.036532951289398284
0 0.527016129032258 0.3846704871060172 0.006048387096774193 0.042263610315186245
0 0.532258064516129 0.5730659025787965 0.012096774193548387 0.06876790830945559
0 0.5185483870967742 0.5888252148997135 0.018951612903225806 0.06088825214899714
0 0.4959677419354839 0.5064469914040115 0.0068548387096774195 0.032234957020057305
0 0.49838709677419357 0.4863896848137536 0.010483870967741936 0.05873925501432665
0 0.5193548387096775 0.3946991404011461 0.0068548387096774195 0.032234957020057305
0 0.5181451612903226 0.36962750716332377 0.005241935483870968 0.027936962750716332
0 0.48024193548387095 0.5730659025787965 0.020161290322580645 0.032234957020057305
0 0.5096774193548387 0.7356733524355301 0.01653225806451613 0.0666189111747851
0 0.5229838709677419 0.7478510028653295 0.018145161290322582 0.052292263610315186
0 0.5588709677419355 0.21131805157593123 0.005241935483870968 0.036532951289398284
0 0.5024193548387097 0.251432664756447 0.007661290322580645 0.042263610315186245
0 0.4737903225806452 0.663323782234957 0.008870967741935484 0.05873925501432665
0 0.7943548387096774 0.4455587392550143 0.01129032258064516 0.050143266475644696
0 0.807258064516129 0.4484240687679083 0.008870967741935484 0.044412607449856735
0 0.6745967741935484 0.49570200573065903 0.008870967741935484 0.036532951289398284
0 0.7399193548387096 0.4835243553008596 0.007661290322580645 0.032234957020057305