0 0.8821428571428571 0.26904296875 0.17445054945054944 0.3828125
0 0.008241758241758242 0.89697265625 0.016483516483516484 0.2060546875
0 0.41620879120879123 0.753662109375 0.0521978021978022 0.21728515625
0 0.38873626373626374 0.64013671875 0.04945054945054945 0.2294921875
0 0.08296703296703296 0.505859375 0.045054945054945054 0.072265625
0 0.029395604395604395 0.53173828125 0.0478021978021978 0.1240234375
0 0.038461538461538464 0.80859375 0.04120879120879121 0.224609375
0 0.08983516483516484 0.8662109375 0.05879120879120879 0.267578125
0 0.1092032967032967 0.758544921875 0.05357142857142857 0.24169921875
0 0.19162087912087913 0.6962890625 0.05631868131868132 0.2294921875
0 0.25054945054945055 0.56201171875 0.05384615384615385 0.1845703125
0 0.1824175824175824 0.49365234375 0.04395604395604396 0.0478515625
0 0.1401098901098901 0.4912109375 0.038461538461538464 0.04296875