0 0.08039647577092511 0.18061674008810572 0.16079295154185022 0.36123348017621143
0 0.5099118942731278 0.21696035242290748 0.07709251101321586 0.21365638766519823
0 0.947136563876652 0.24008810572687225 0.10572687224669604 0.17180616740088106
0 0.9823788546255506 0.2698237885462555 0.03524229074889868 0.2621145374449339
0 0.6156387665198237 0.34030837004405284 0.1343612334801762 0.3766519823788546
0 0.6894273127753304 0.30176211453744495 0.28193832599118945 0.45374449339207046
0 0.6894273127753304 0.4592511013215859 0.08370044052863436 0.07709251101321586
0 0.2687224669603524 0.76431718061674 0.5374449339207048 0.4713656387665198
0 0.7544052863436124 0.8711453744493393 0.4118942731277533 0.2577092511013216
0 0.973568281938326 0.775330396475771 0.05286343612334802 0.2907488986784141
0 0.8337004405286343 0.8006607929515418 0.17841409691629956 0.27973568281938327