0 0.1737704918032787 0.15962099125364432 0.09180327868852459 0.31924198250728864
0 0.41885245901639345 0.19169096209912537 0.1180327868852459 0.25510204081632654
0 0.5475409836065573 0.2018950437317784 0.15204918032786885 0.23396501457725946
0 0.523360655737705 0.18513119533527697 0.12786885245901639 0.26822157434402333
0 0.6688524590163935 0.1946064139941691 0.15901639344262294 0.24927113702623907
0 0.7229508196721312 0.18294460641399418 0.10778688524590165 0.26822157434402333
0 0.8008196721311476 0.19606413994169097 0.1721311475409836 0.24635568513119532
0 0.8413934426229508 0.19169096209912537 0.09672131147540984 0.25510204081632654
0 0.8959016393442623 0.14795918367346939 0.08729508196721311 0.15962099125364432
0 0.9413934426229508 0.17857142857142858 0.1168032786885246 0.28061224489795916
0 0.03360655737704918 0.5736151603498543 0.06721311475409836 0.48250728862973763
0 0.7598360655737705 0.6705539358600583 0.364344262295082 0.6588921282798834
0 0.4967213114754098 0.6785714285714286 0.25573770491803277 0.6428571428571429