0 0.22447368421052633 0.21910112359550563 0.12078947368421053 0.1750936329588015
0 0.2694736842105263 0.2841760299625468 0.16052631578947368 0.3445692883895131
0 0.8173684210526316 0.5421348314606742 0.056842105263157895 0.054307116104868915
0 0.861578947368421 0.08192883895131087 0.05 0.12640449438202248
0 0.9096052631578947 0.16034644194756553 0.04342105263157895 0.22705992509363296
0 0.9121052631578948 0.050093632958801496 0.0431578947368421 0.10018726591760299
0 0.7121052631578947 0.019662921348314606 0.035789473684210524 0.03932584269662921
0 0.8582894736842105 0.22705992509363296 0.046052631578947366 0.19194756554307116
0 0.866578947368421 0.4953183520599251 0.039473684210526314 0.14794007490636704
0 0.6621052631578948 0.05149812734082397 0.03263157894736842 0.10299625468164794
0 0.6925 0.10299625468164794 0.035526315789473684 0.16853932584269662
0 0.7194736842105263 0.17322097378277154 0.039473684210526314 0.17790262172284643
0 0.9918421052631579 0.1647940074906367 0.01631578947368421 0.1704119850187266
0 0.9642105263157895 0.15215355805243447 0.03684210526315789 0.18726591760299627
0 0.9821052631578947 0.025749063670411985 0.035789473684210524 0.05149812734082397
0 0.7397368421052631 0.02200374531835206 0.035263157894736843 0.04400749063670412
0 0.9293421052631579 0.4482677902621723 0.056578947368421055 0.22237827715355804
0 0.9926315789473684 0.39419475655430714 0.014736842105263158 0.21348314606741572
0 0.6313157894736842 0.13108614232209737 0.04473684210526316 0.18726591760299627
0 0.5951315789473685 0.136938202247191 0.04078947368421053 0.1802434456928839
0 0.7267105263157895 0.3487827715355805 0.05131578947368421 0.2200374531835206
0 0.8863157894736842 0.5032771535580525 0.05263157894736842 0.13202247191011235
0 0.4142105263157895 0.778558052434457 0.027894736842105264 0.035580524344569285