0 0.42967914438502675 0.3189163498098859 0.2197860962566845 0.34125475285171103
0 0.9764705882352941 0.4529467680608365 0.047058823529411764 0.07319391634980989
0 0.5644385026737968 0.37690114068441066 0.04973262032085562 0.21197718631178708
0 0.5906417112299466 0.2666349809885932 0.0481283422459893 0.22338403041825095
0 0.9366310160427808 0.02043726235741445 0.05080213903743316 0.0408745247148289
0 0.8879679144385026 0.08555133079847908 0.04438502673796792 0.17110266159695817
0 0.9402406417112299 0.12404942965779468 0.04679144385026738 0.19486692015209126
0 0.931283422459893 0.4054182509505703 0.040106951871657755 0.1682509505703422
0 0.881283422459893 0.4230038022813688 0.057754010695187166 0.13307984790874525
0 0.8625668449197861 0.37690114068441066 0.052406417112299465 0.2252851711026616
0 0.7824866310160428 0.32129277566539927 0.05481283422459893 0.22338403041825095
0 0.725 0.16682509505703422 0.05213903743315508 0.22813688212927757
0 0.6179144385026738 0.02043726235741445 0.04438502673796792 0.0408745247148289
0 0.7909090909090909 0.07366920152091255 0.0427807486631016 0.1473384030418251
0 0.832620320855615 0.07129277566539924 0.0374331550802139 0.14258555133079848