0 0.4774590163934426 0.4805327868852459 0.004098360655737705 0.05942622950819672
0 0.45184426229508196 0.48155737704918034 0.022540983606557378 0.05737704918032787
0 0.13217213114754098 0.46311475409836067 0.018442622950819672 0.045081967213114756
0 0.0932377049180328 0.4661885245901639 0.010245901639344262 0.03483606557377049
0 0.11577868852459017 0.4661885245901639 0.010245901639344262 0.0430327868852459
0 0.06147540983606557 0.735655737704918 0.060450819672131145 0.2305327868852459
0 0.09836065573770492 0.6875 0.0389344262295082 0.11885245901639344
0 0.12090163934426229 0.6495901639344263 0.028688524590163935 0.05737704918032787
0 0.15061475409836064 0.7920081967213115 0.050204918032786885 0.382172131147541
0 0.27459016393442626 0.8094262295081968 0.060450819672131145 0.36475409836065575
0 0.2848360655737705 0.6168032786885246 0.03483606557377049 0.040983606557377046
0 0.35655737704918034 0.7520491803278688 0.039959016393442626 0.3155737704918033
0 0.4702868852459016 0.7735655737704918 0.018442622950819672 0.41598360655737704
0 0.4375 0.6895491803278688 0.03790983606557377 0.20491803278688525
0 0.4016393442622951 0.6116803278688525 0.022540983606557378 0.0471311475409836
0 0.38524590163934425 0.6403688524590164 0.030737704918032786 0.10758196721311475
0 0.24385245901639344 0.6362704918032787 0.02663934426229508 0.05737704918032787
0 0.22028688524590165 0.639344262295082 0.011270491803278689 0.042008196721311473
0 0.20901639344262296 0.7622950819672131 0.0625 0.29405737704918034
0 0.02151639344262295 0.6362704918032787 0.011270491803278689 0.0430327868852459
0 0.6209016393442623 0.7694672131147541 0.2827868852459016 0.4610655737704918
0 0.8647540983606558 0.7725409836065574 0.25 0.45491803278688525