0 0.7532051282051282 0.5726141078838174 0.05536130536130536 0.11410788381742738
0 0.7237762237762237 0.5093360995850622 0.05244755244755245 0.24066390041493776
0 0.6605477855477856 0.050311203319502076 0.05419580419580419 0.10062240663900415
0 0.662004662004662 0.008817427385892116 0.05710955710955711 0.017634854771784232
0 0.49242424242424243 0.17894190871369295 0.043706293706293704 0.1970954356846473
0 0.4603729603729604 0.17116182572614108 0.05244755244755245 0.19190871369294607
0 0.42103729603729606 0.1504149377593361 0.05244755244755245 0.19190871369294607
0 0.5375874125874126 0.026970954356846474 0.03787878787878788 0.05394190871369295
0 0.5075757575757576 0.023340248962655602 0.045454545454545456 0.046680497925311204
0 0.46911421911421913 0.03112033195020747 0.05244755244755245 0.06224066390041494
0 0.7887529137529138 0.04253112033195021 0.050699300699300696 0.08506224066390042
0 0.5528846153846154 0.2645228215767635 0.05099067599067599 0.22821576763485477
0 0.40472027972027974 0.2733402489626556 0.049533799533799536 0.245850622406639
0 0.4026806526806527 0.345954356846473 0.045454545454545456 0.245850622406639
0 0.8005536130536131 0.1517116182572614 0.04807692307692308 0.16338174273858921
0 0.8690268065268065 0.11281120331950208 0.04224941724941725 0.16856846473029047
0 0.9178321678321678 0.1724585062240664 0.046620046620046623 0.20487551867219916
0 0.9236596736596736 0.07131742738589211 0.04079254079254079 0.12188796680497925
0 0.9578962703962703 0.15560165975103735 0.039335664335664336 0.18153526970954356
0 0.6461247086247086 0.19190871369294607 0.053904428904428904 0.19190871369294607
0 0.5183566433566433 0.5767634854771784 0.06701631701631702 0.10580912863070539
0 0.9606643356643356 0.08298755186721991 0.03671328671328671 0.16597510373443983
0 0.9953379953379954 0.2733402489626556 0.009324009324009324 0.12136929460580913
0 0.9828088578088578 0.31068464730290457 0.034382284382284384 0.07780082987551867
0 0.9637237762237763 0.429201244813278 0.04516317016317016 0.23599585062240663
0 0.9880536130536131 0.43516597510373445 0.023892773892773892 0.21265560165975103
0 0.6899766899766899 0.8148340248962656 0.62004662004662 0.3703319502074689