0 0.14367816091954022 0.3432377049180328 0.0735632183908046 0.05122950819672131
0 0.3431034482758621 0.33709016393442626 0.026436781609195402 0.06352459016393443
0 0.37528735632183907 0.33401639344262296 0.03793103448275862 0.06967213114754098
0 0.5988505747126437 0.24385245901639344 0.1793103448275862 0.25
0 0.9091954022988505 0.0778688524590164 0.08045977011494253 0.1557377049180328
0 0.18029885057471265 0.7175 0.0669885057471264 0.23879098360655732
0 0.375 0.768483606557377 0.08552873563218387 0.2597950819672131
0 0.635632183908046 0.8299180327868853 0.12643678160919541 0.3401639344262295
0 0.8982758620689655 0.8299180327868853 0.15747126436781608 0.3401639344262295
0 0.756896551724138 0.8176229508196722 0.1367816091954023 0.36475409836065575
0 0.8080459770114943 0.6219262295081968 0.12873563218390804 0.5061475409836066
0 0.6804597701149425 0.5881147540983607 0.1724137931034483 0.4385245901639344
0 0.9201149425287356 0.625 0.15977011494252874 0.5122950819672131
0 0.8885057471264368 0.6485655737704918 0.1103448275862069 0.3012295081967213