0 0.05203349282296651 0.7297872340425532 0.10406698564593302 0.5170212765957447
0 0.2215909090909091 0.7047872340425532 0.1680622009569378 0.5904255319148937
0 0.37978468899521534 0.7670212765957447 0.1076555023923445 0.46595744680851064
0 0.4267344497607656 0.7047872340425532 0.07715311004784689 0.5904255319148937
0 0.31220095693779903 0.6867021276595745 0.09569377990430622 0.5542553191489362
0 0.15998803827751196 0.7468085106382979 0.125 0.5063829787234042
0 0.15938995215311005 0.5069148936170212 0.09629186602870814 0.1946808510638298
0 0.49850478468899523 0.9117021276595745 0.05801435406698564 0.17659574468085107
0 0.9626196172248804 0.7795212765957447 0.056818181818181816 0.23670212765957446
0 0.9327153110047847 0.6558510638297872 0.05382775119617225 0.25
0 0.8211722488038278 0.45 0.05861244019138756 0.08085106382978724
0 0.7523923444976076 0.43563829787234043 0.05861244019138756 0.052127659574468084
0 0.6169258373205742 0.49946808510638296 0.056818181818181816 0.1797872340425532
0 0.5983851674641149 0.4553191489361702 0.049641148325358854 0.09148936170212765
0 0.7368421052631579 0.8486702127659574 0.0687799043062201 0.23138297872340424
0 0.7338516746411483 0.9622340425531914 0.07177033492822966 0.07553191489361702
0 0.6357655502392344 0.9154255319148936 0.061004784688995214 0.16914893617021276
0 0.569377990430622 0.799468085106383 0.056818181818181816 0.2712765957446808