0 0.8177083333333334 0.17849794238683128 0.05497685185185185 0.1388888888888889
0 0.5593171296296297 0.20781893004115226 0.03877314814814815 0.16255144032921812
0 0.6171875 0.18467078189300412 0.05613425925925926 0.2088477366255144
0 0.6730324074074074 0.16306584362139917 0.043402777777777776 0.19547325102880658
0 0.7048611111111112 0.15534979423868311 0.052083333333333336 0.19032921810699588
0 0.7439236111111112 0.13477366255144033 0.052083333333333336 0.19032921810699588
0 0.7479745370370371 0.24794238683127573 0.05497685185185185 0.0823045267489712
0 0.7662037037037037 0.22479423868312756 0.047453703703703706 0.1286008230452675
0 0.6281828703703703 0.01954732510288066 0.03761574074074074 0.03909465020576132
0 0.6579861111111112 0.01594650205761317 0.04513888888888889 0.03189300411522634
0 0.6961805555555556 0.023662551440329218 0.052083333333333336 0.047325102880658436
0 0.9759837962962963 0.24897119341563786 0.048032407407407406 0.08024691358024691
0 0.9855324074074074 0.15895061728395063 0.028935185185185185 0.18209876543209877
0 0.9515335648148148 0.10905349794238683 0.03616898148148148 0.19032921810699588
0 0.9508101851851852 0.010802469135802469 0.034722222222222224 0.021604938271604937
0 0.1244212962962963 0.5303497942386831 0.031828703703703706 0.09310699588477367
0 0.26707175925925924 0.5426954732510288 0.05150462962962963 0.13477366255144033
0 0.13859953703703703 0.5704732510288066 0.044270833333333336 0.1522633744855967
0 0.7699652777777778 0.6656378600823045 0.4600694444444444 0.668724279835391