0 0.39038785834738615 0.3003003003003003 0.3288364249578415 0.3783783783783784
0 0.026559865092748734 0.6816816816816816 0.05311973018549747 0.2882882882882883
0 0.07883642495784149 0.6659159159159159 0.048060708263069137 0.25675675675675674
0 0.6205733558178752 0.6321321321321322 0.0016863406408094434 0.09309309309309309
0 0.6496627318718381 0.6561561561561562 0.05986509274873524 0.14714714714714713
0 0.6869182124789207 0.6616891891891892 0.04100337268128162 0.1522072072072072
0 0.7496079258010119 0.698978978978979 0.03535413153456994 0.20576576576576572
0 0.8077360876897134 0.7215765765765766 0.09784991568296793 0.17588588588588586
0 0.6446037099494097 0.7537537537537538 0.049747048903878585 0.1921921921921922
0 0.9413996627318718 0.8205705705705706 0.11720067453625632 0.3588588588588589
0 0.6395446880269815 0.8363363363363363 0.03962900505902192 0.32732732732732733