0 0.14831460674157304 0.199 0.1797752808988764 0.398
0 0.03089887640449438 0.06 0.06179775280898876 0.12
0 0.6587078651685393 0.18 0.025842696629213482 0.0625
0 0.7744382022471911 0.188 0.041853932584269664 0.09
0 0.6702247191011236 0.207 0.035955056179775284 0.102
0 0.2542134831460674 0.77975 0.05337078651685393 0.2225
0 0.28230337078651685 0.6635 0.05056179775280899 0.235
0 0.4558988764044944 0.9715 0.07696629213483146 0.057
0 0.45786516853932585 0.8805 0.06741573033707865 0.239
0 0.018258426966292134 0.732 0.03651685393258427 0.228
0 0.020224719101123594 0.5255 0.04044943820224719 0.071
0 0.054775280898876406 0.5515 0.03651685393258427 0.123
0 0.08904494382022472 0.5565 0.052247191011235955 0.133
0 0.7682584269662921 0.76275 0.05337078651685393 0.2225
0 0.7963483146067416 0.6465 0.05056179775280899 0.235
0 0.9657303370786516 0.963 0.06853932584269663 0.074
0 0.9691011235955056 0.869 0.06179775280898876 0.25
0 0.5688202247191011 0.543 0.03651685393258427 0.106
0 0.6030898876404495 0.548 0.052247191011235955 0.116