0 0.29521276595744683 0.4862948960302457 0.047872340425531915 0.12570888468809074
0 0.35332446808510637 0.0949905482041588 0.04920212765957447 0.1323251417769376
0 0.35212765957446807 0.04253308128544423 0.052127659574468084 0.08506616257088846
0 0.6398936170212766 0.24621928166351606 0.05053191489361702 0.1275992438563327
0 0.5913563829787234 0.3253780718336484 0.043882978723404256 0.22920604914933837
0 0.5886968085106383 0.20014177693761814 0.043882978723404256 0.12996219281663515
0 0.7896276595744681 0.029773156899810964 0.028191489361702127 0.05954631379962193
0 0.643218085106383 0.3927221172022684 0.04654255319148936 0.1937618147448015
0 0.8413563829787234 0.18478260869565216 0.03324468085106383 0.16540642722117202
0 0.4949468085106383 0.3301039697542533 0.0425531914893617 0.1724952741020794
0 0.5361702127659574 0.31710775047258977 0.03723404255319149 0.1890359168241966
0 0.4851063829787234 0.036862003780718335 0.036170212765957444 0.07372400756143667
0 0.4876329787234043 0.11743856332703213 0.041223404255319146 0.16776937618147447
0 0.5168882978723405 0.12925330812854444 0.03856382978723404 0.1724952741020794
0 0.8183510638297873 0.048676748582230624 0.02925531914893617 0.09735349716446125
0 0.7569148936170212 0.04489603024574669 0.031914893617021274 0.08979206049149338
0 0.6132978723404255 0.08553875236294896 0.0398936170212766 0.16540642722117202
0 0.5674202127659574 0.0997164461247637 0.041223404255319146 0.17013232514177692
0 0.25638297872340426 0.18100189035916825 0.03297872340425532 0.1767485822306238
0 0.7555851063829787 0.2025047258979206 0.031914893617021274 0.16304347826086957
0 0.7941489361702128 0.1906899810964083 0.0425531914893617 0.1441398865784499
0 0.799468085106383 0.31001890359168244 0.0425531914893617 0.15595463137996218
0 0.7828457446808511 0.43525519848771266 0.05186170212765957 0.16068052930056712
0 0.7672872340425532 0.5099243856332704 0.04521276595744681 0.07844990548204159
0 0.43710106382978725 0.1930529300567108 0.03590425531914894 0.16776937618147447
0 0.42912234042553193 0.0914461247637051 0.03590425531914894 0.139413988657845
0 0.4696808510638298 0.4706994328922495 0.047872340425531915 0.15689981096408318
0 0.5726063829787233 0.4919659735349716 0.04627659574468085 0.11436672967863894
0 0.386968085106383 0.5203213610586012 0.05585106382978723 0.057655954631379965
0 0.8513297872340425 0.24503780718336485 0.0398936170212766 0.1819470699432892
0 0.9184840425531915 0.3761814744801512 0.04920212765957447 0.20321361058601134
0 0.17074468085106384 0.8941398865784499 0.038829787234042554 0.09262759924385633
0 0.6345744680851064 0.8237240075614367 0.08377659574468085 0.2334593572778828