0 0.17822185970636215 0.17246376811594202 0.019168026101141926 0.02246376811594203
0 0.053833605220228384 0.17898550724637682 0.016721044045676998 0.028985507246376812
0 0.3299347471451876 0.13043478260869565 0.049755301794453505 0.08188405797101449
0 0.4049755301794454 0.1282608695652174 0.07871125611745514 0.08985507246376812
0 0.4465742251223491 0.13043478260869565 0.03466557911908646 0.07898550724637682
0 0.8201468189233279 0.18333333333333332 0.28466557911908646 0.3115942028985507
0 0.4416802610114193 0.47681159420289854 0.0399673735725938 0.17681159420289855
0 0.15905383360522024 0.8601449275362318 0.06525285481239804 0.27391304347826084
0 0.21859706362153344 0.8775362318840579 0.07177814029363784 0.24492753623188407
0 0.38499184339314846 0.8898550724637682 0.06851549755301795 0.22028985507246376
0 0.8707177814029364 0.6550724637681159 0.23572593800978792 0.4463768115942029