0 0.8037542662116041 0.17560728744939272 0.21928327645051193 0.3248987854251012
0 0.4775312855517634 0.9645748987854251 0.0540386803185438 0.0708502024291498
0 0.44880546075085326 0.902834008097166 0.051194539249146756 0.19433198380566802
0 0.080773606370876 0.6158906882591093 0.0540386803185438 0.13663967611336034
0 0.13267918088737202 0.7006578947368421 0.04692832764505119 0.24544534412955465
0 0.1353811149032992 0.5875506072874493 0.04664391353811149 0.09615384615384616
0 0.07721843003412969 0.7727732793522267 0.04977246871444824 0.2074898785425101
0 0.23577929465301478 0.7057186234817814 0.04550625711035267 0.1847165991902834
0 0.19169510807736065 0.6918016194331984 0.03981797497155859 0.20242914979757085
0 0.21217292377701935 0.5612348178137652 0.040955631399317405 0.043522267206477734
0 0.4974402730375427 0.590080971659919 0.04835039817974972 0.10121457489878542
0 0.6874288964732651 0.6396761133603239 0.005119453924914676 0.1902834008097166
0 0.6161831626848692 0.7462044534412956 0.04977246871444824 0.1847165991902834
0 0.2974971558589306 0.5941295546558705 0.038680318543799774 0.10931174089068826
0 0.2627986348122867 0.8861336032388664 0.051194539249146756 0.22773279352226722
0 0.15244596131968147 0.9089068825910931 0.05005688282138794 0.18218623481781376
0 0.3506825938566553 0.9392712550607287 0.059726962457337884 0.1214574898785425
0 0.6732081911262798 0.6649797570850202 0.0335608646188851 0.1902834008097166
0 0.8114334470989761 0.7282388663967612 0.029863481228668942 0.2525303643724696
0 0.8771331058020477 0.7105263157894737 0.03441410693970421 0.3016194331983806
0 0.8364618885096701 0.6705465587044535 0.030716723549488054 0.2555668016194332
0 0.8156996587030717 0.5986842105263158 0.019340159271899887 0.0931174089068826
0 0.8492605233219568 0.6295546558704453 0.020193401592719 0.1437246963562753