0 0.31623376623376626 0.3103112840466926 0.34545454545454546 0.45622568093385213
0 0.6025974025974026 0.30836575875486383 0.24415584415584415 0.46108949416342415
0 0.07012987012987013 0.20330739299610895 0.14025974025974025 0.4066147859922179
0 0.6084415584415584 0.8745136186770428 0.24285714285714285 0.2509727626459144
0 0.09285714285714286 0.769455252918288 0.18051948051948052 0.46108949416342415
0 0.19805194805194806 0.8871595330739299 0.23246753246753246 0.22568093385214008
0 0.7032467532467532 0.7869649805447471 0.053246753246753244 0.4260700389105058
0 0.6032467532467533 0.7169260700389105 0.16233766233766234 0.3560311284046693
0 0.4649350649350649 0.7859922178988327 0.14025974025974025 0.4280155642023346
0 0.37142857142857144 0.7889105058365758 0.10909090909090909 0.42217898832684825
0 0.5240259740259741 0.6254863813229572 0.07922077922077922 0.16926070038910507
0 0.6727272727272727 0.664396887159533 0.09350649350649351 0.2509727626459144
0 0.2603896103896104 0.7957198443579766 0.14935064935064934 0.4085603112840467
0 0.2694805194805195 0.6439688715953308 0.15194805194805194 0.21011673151750973
0 0.9115974025974026 0.6831712062256808 0.06401298701298697 0.23352140077821018