0 0.29851116625310176 0.35820648577101255 0.05806451612903226 0.28358702845797484
0 0.38970223325062037 0.35903375248180014 0.07468982630272952 0.2819324950363997
0 0.37109181141439207 0.32643944407677034 0.03933002481389578 0.13054268696227664
0 0.34987593052109184 0.2807743216412972 0.030024813895781637 0.15486432825943083
0 0.7385856079404467 0.16181336863004633 0.04665012406947891 0.16710787557908668
0 0.3704714640198511 0.5173726009265387 0.014392059553349877 0.03474520185307743
0 0.24317617866004962 0.5064526803441429 0.013399503722084368 0.012905360688285903
0 0.22133995037220844 0.5097617471872932 0.02481389578163772 0.019523494374586368
0 0.4392059553349876 0.5198544010589013 0.021339950372208438 0.03970880211780278
0 0.40049627791563275 0.5102581072137657 0.01141439205955335 0.020516214427531435
0 0.06513647642679901 0.5114162806088683 0.017121588089330026 0.022832561217736597
0 0.7753101736972705 0.6970549305095963 0.10173697270471464 0.2217074784910655
0 0.9272952853598014 0.7665453342157511 0.13436724565756825 0.4669093315684977
0 0.4992555831265509 0.7863997352746526 0.08771712158808934 0.4270350761085374
0 0.9632754342431762 0.7897088021178028 0.07344913151364764 0.42041694242223693