0 0.05837696335078534 0.28305400372439476 0.06439790575916231 0.29236499068901306
0 0.39842931937172776 0.048417132216014895 0.048167539267015703 0.09683426443202979
0 0.37225130890052355 0.11126629422718808 0.05340314136125655 0.22253258845437615
0 0.7807591623036649 0.2539571694599628 0.051047120418848166 0.2164804469273743
0 0.4675392670157068 0.324487895716946 0.06806282722513089 0.20949720670391062
0 0.606020942408377 0.35242085661080075 0.0549738219895288 0.15363128491620112
0 0.5589005235602095 0.2772346368715084 0.07068062827225131 0.25837988826815644
0 0.5130890052356021 0.38640595903165736 0.05759162303664921 0.0856610800744879
0 0.19240837696335078 0.04236499068901303 0.025654450261780103 0.08472998137802606
0 0.7039267015706806 0.11452513966480447 0.049738219895287955 0.22905027932960895
0 0.05439267015706806 0.6449813780260708 0.024827225130890092 0.05830540037243938
0 0.010209424083769634 0.6410614525139665 0.020418848167539267 0.04748603351955307
0 0.36282722513089005 0.49162011173184356 0.03664921465968586 0.12476722532588454
0 0.4232984293193717 0.5218808193668529 0.041884816753926704 0.11173184357541899
0 0.4214659685863874 0.4753258845437616 0.040837696335078534 0.09217877094972067
0 0.3649214659685864 0.9273743016759777 0.048167539267015703 0.1452513966480447
0 0.6268324607329843 0.7814245810055865 0.05366492146596859 0.19320297951582868
0 0.6595549738219896 0.7558193668528864 0.04057591623036649 0.1978584729981378
0 0.6549738219895288 0.6103351955307262 0.049738219895287955 0.15828677839851024
0 0.6340314136125654 0.5754189944134078 0.034031413612565446 0.16759776536312848
0 0.6019633507853404 0.5928770949720671 0.03795811518324607 0.15130353817504655
0 0.7066753926701571 0.6790037243947858 0.03534031413612566 0.10009310986964619
0 0.8493455497382199 0.6952979515828678 0.03795811518324607 0.16992551210428306
0 0.8388743455497382 0.6475791433891993 0.03795811518324607 0.16759776536312848
0 0.8879581151832461 0.712756052141527 0.041884816753926704 0.17690875232774675
0 0.8041884816753927 0.5451582867783985 0.03926701570680628 0.15828677839851024
0 0.8441099476439791 0.5439944134078212 0.03534031413612566 0.1373370577281192
0 0.874869109947644 0.5486499068901304 0.034031413612565446 0.16061452513966482
0 0.9062827225130891 0.571927374301676 0.034031413612565446 0.15130353817504655
0 0.9383507853403141 0.5882216014897579 0.04057591623036649 0.1419925512104283
0 0.8526178010471204 0.49860335195530725 0.034031413612565446 0.1387337057728119
0 0.5195026178010471 0.5835661080074488 0.051047120418848166 0.18389199255121041
0 0.19345549738219894 0.7565176908752328 0.02774869109947644 0.17225325884543763
0 0.21910994764397906 0.7558193668528864 0.04450261780104712 0.18854748603351956
0 0.19214659685863875 0.6750465549348231 0.025130890052356022 0.10242085661080075
0 0.19136125654450262 0.5353817504655494 0.02356020942408377 0.16759776536312848
0 0.21583769633507854 0.5393389199255121 0.03795811518324607 0.16992551210428306
0 0.22892670157068062 0.61731843575419 0.04057591623036649 0.16294227188081936
0 0.23350785340314137 0.5102420856610801 0.034031413612565446 0.15363128491620112
0 0.2675392670157068 0.5253724394785847 0.031413612565445025 0.13268156424581007
0 0.32447643979057594 0.5195530726256983 0.04057591623036649 0.148975791433892
0 0.7943717277486911 0.6208100558659218 0.032722513089005235 0.16061452513966482
0 0.9167539267015706 0.6533985102420856 0.04712041884816754 0.16061452513966482
0 0.5142670157068063 0.7639664804469274 0.056282722513089 0.19553072625698323