0 0.168646408839779 0.6141944990176817 0.05662983425414365 0.2038310412573674
0 0.20303867403314918 0.5957760314341847 0.042541436464088395 0.19155206286836934
0 0.2527624309392265 0.5294695481335953 0.037016574585635356 0.05893909626719057
0 0.33756906077348064 0.5255402750491159 0.04419889502762431 0.05108055009823183
0 0.40331491712707185 0.556483300589391 0.039779005524861875 0.11296660117878192
0 0.39226519337016574 0.5304518664047151 0.039779005524861875 0.060903732809430254
0 0.44419889502762433 0.5672888015717092 0.04419889502762431 0.13457760314341846
0 0.4889502762430939 0.5540275049115914 0.03756906077348066 0.10805500982318271
0 0.20027624309392264 0.9169941060903732 0.05359116022099448 0.16601178781925344
0 0.5828729281767956 0.887524557956778 0.061878453038674036 0.224950884086444
0 0.06712707182320442 0.6105108055009824 0.055248618784530384 0.2111984282907662
0 0.8049723756906078 0.9548133595284872 0.05414364640883978 0.09037328094302555
0 0.6779005524861879 0.5785854616895875 0.056353591160221 0.15717092337917485
0 0.7124309392265193 0.5663064833005894 0.042541436464088395 0.13261296660117877
0 0.7243093922651934 0.8769646365422397 0.052486187845303865 0.2431237721021611
0 0.9279005524861879 0.5613948919449901 0.04806629834254143 0.12278978388998035