0 0.1012514220705347 0.2798582995951417 0.1751990898748578 0.37955465587044535
0 0.23265073947667805 0.3603238866396761 0.16666666666666666 0.21811740890688258
0 0.8734357224118316 0.284919028340081 0.06370875995449374 0.20445344129554655
0 0.71160409556314 0.2823886639676113 0.05688282138794084 0.1715587044534413
0 0.6447667804323094 0.28289473684210525 0.06370875995449374 0.17307692307692307
0 0.5756541524459613 0.2793522267206478 0.058304891922639365 0.1771255060728745
0 0.464448236632537 0.23633603238866396 0.06626848691695109 0.09868421052631579
0 0.9795221843003413 0.3021255060728745 0.040955631399317405 0.21761133603238866
0 0.7650739476678043 0.2889676113360324 0.05005688282138794 0.18522267206477733
0 0.9323094425483504 0.28441295546558704 0.07053469852104664 0.17560728744939272
0 0.5389647326507395 0.4367408906882591 0.11774744027303755 0.06578947368421052
0 0.3503981797497156 0.9838056680161943 0.03526734926052332 0.032388663967611336
0 0.17235494880546076 0.9635627530364372 0.02844141069397042 0.0728744939271255
0 0.5580204778156996 0.7378542510121457 0.13395904436860068 0.21710526315789475