0 0.5209125475285171 0.14782608695652175 0.049429657794676805 0.08405797101449275
0 0.5666757197175448 0.14903381642512079 0.043726235741444866 0.08164251207729468
0 0.6427818500814775 0.18985507246376812 0.6428571428571429 0.18937198067632852 0.6442151004888648 0.1681159420289855 0.637153720803911 0.1323671497584541 0.6249321021184139 0.11980676328502415 0.623574144486692 0.09951690821256039 0.621401412275937 0.09613526570048309 0.6178707224334601 0.09468599033816426 0.61352525801195 0.09613526570048309 0.6110809342748507 0.10096618357487923 0.6089082020640956 0.1178743961352657 0.6059206952743075 0.13043478260869565 0.6029331884845193 0.13719806763285025 0.6007604562737643 0.1603864734299517 0.6010320478001087 0.17681159420289855 0.6027574527430745 0.18985507246376812 0.6427818500814775 0.18985507246376812
0 0.694731124388919 0.18985507246376812 0.694731124388919 0.18695652173913044 0.6931015752308528 0.1647342995169082 0.6827810972297664 0.13429951690821257 0.6806083650190115 0.12415458937198068 0.6770776751765345 0.11932367149758454 0.6719174361759913 0.12077294685990338 0.6692015209125475 0.12608695652173912 0.6692015209125475 0.1492753623188406 0.66811515480717 0.1536231884057971 0.6613253666485606 0.16328502415458937 0.6564367191743617 0.17632850241545894 0.6534492123845737 0.17777777777777778 0.6480173818576861 0.1753623188405797 0.6455730581205866 0.18888888888888888 0.6461162411732754 0.18985507246376812 0.694731124388919 0.18985507246376812
0 0.7503101007604562 0.18985507246376812 0.7512221618685497 0.1463768115942029 0.7479630635524172 0.12270531400966184 0.7409016838674634 0.10869565217391304 0.7387289516567083 0.1072463768115942 0.7351982618142314 0.1072463768115942 0.7324823465507876 0.1106280193236715 0.7300380228136882 0.13043478260869565 0.7216186854970125 0.14106280193236714 0.7194459532862575 0.15410628019323672 0.7194459532862575 0.16570048309178745 0.7221618685497012 0.17198067632850242 0.7219525168386747 0.18985507246376812 0.7503101007604562 0.18985507246376812
0 0.8171723441064639 0.18985507246376812 0.8202064095600218 0.178743961352657 0.8193916349809885 0.16135265700483092 0.8150461705594786 0.11932367149758454 0.8126018468223791 0.11352657004830918 0.8082563824008691 0.09516908212560386 0.8039109179793591 0.08792270531400966 0.8014665942422596 0.08792270531400966 0.7965779467680608 0.09227053140096618 0.7925040738728951 0.10483091787439613 0.7884302009777295 0.12367149758454106 0.7892449755567627 0.15507246376811595 0.7916394152634438 0.18985507246376812 0.8171723441064639 0.18985507246376812
0 0.766567083107007 0.13260869565217392 0.041010320478001086 0.1144927536231884
0 0.7786067354698534 0.093792270531401 0.015676262900597322 0.04863285024154593
0 0.870190114068441 0.18985507246376812 0.874253123302553 0.17922705314009663 0.8750678978815861 0.15893719806763285 0.8731667571971754 0.1463768115942029 0.870722433460076 0.13816425120772946 0.8658337859858772 0.13091787439613525 0.8587724063009234 0.12512077294685992 0.860673546985334 0.11497584541062802 0.8585008147745791 0.09951690821256039 0.856328082563824 0.0966183574879227 0.850624660510592 0.09468599033816426 0.8484519282998371 0.09565217391304348 0.8468223791417708 0.10096618357487923 0.8454644215100489 0.11256038647342995 0.8457360130363932 0.12560386473429952 0.8438348723519826 0.12995169082125604 0.8386746333514394 0.1357487922705314 0.837588267246062 0.14347826086956522 0.837588267246062 0.1502415458937198 0.8397609994568169 0.16280193236714977 0.8389462248777838 0.18985507246376812 0.870190114068441 0.18985507246376812
0 0.8862031504617056 0.14347826086956522 0.026615969581749048 0.0927536231884058
0 0.8981531776208582 0.1393719806763285 0.027702335687126562 0.10096618357487923
0 0.895048886474742 0.09373913043478259 0.02542368278109714 0.06024154589371972
0 0.865844649646931 0.09031400966183577 0.015765888104291196 0.06607729468599044
0 0.8217001629549158 0.13115942028985508 0.03231939163498099 0.11739130434782609
0 0.24796306355241715 0.6666666666666666 0.2228408473655622 0.6666666666666666
0 0.7388647474198805 0.5669082125603865 0.09750135795763172 0.3422705314009662
0 0.6939163498098859 0.5751207729468599 0.10592069527430745 0.3280193236714976
0 0.6309071156979902 0.5838164251207729 0.06355241716458447 0.34347826086956523
0 0.8048614883215643 0.6004830917874396 0.07577403585008148 0.37657004830917873
0 0.5765888104291146 0.6147342995169082 0.07998370450841934 0.3391304347826087
0 0.8779196089082021 0.6560386473429952 0.13824008690928843 0.377536231884058
0 0.5456273764258555 0.7473429951690821 0.1313145029875068 0.5053140096618357
0 0.9429657794676806 0.7560386473429952 0.11406844106463879 0.48792270531400966