0 0.5851383874849578 0.525695931477516 0.09085439229843562 0.1670235546038544
0 0.7647412755716004 0.3442184154175589 0.4500601684717208 0.5299785867237687
0 0.8811672683513839 0.33886509635974305 0.20276774969915765 0.5406852248394004
0 0.4858604091456077 0.934154175588865 0.05475330926594465 0.1316916488222698
0 0.018116726835138326 0.9109528907922912 0.02125752105896506 0.10622055674518205
0 0.05890493381468116 0.8960706638115631 0.01990974729241886 0.08360813704496779
0 0.24227436823104692 0.9026017130620985 0.015908543922984388 0.09604925053533195
0 0.4535559566787003 0.9029229122055675 0.02282190132370628 0.18653104925053537
0 0.4220818291215403 0.9036402569593148 0.0246690734055355 0.19271948608137046
0 0.5133995186522262 0.8975695931477516 0.015451263537906039 0.14012847965738745
0 0.49952466907340554 0.8431156316916488 0.018977135980746067 0.07228051391862954
0 0.4321600481347774 0.8389614561027837 0.017478941034897822 0.04789079229122058