0 0.7991159135559921 0.3584905660377358 0.0893909626719057 0.4811320754716981
0 0.4543222003929273 0.8191823899371069 0.09135559921414538 0.36163522012578614
0 0.3516699410609037 0.9166666666666666 0.13948919449901767 0.16666666666666666
0 0.10903732809430255 0.9205974842767296 0.14931237721021612 0.15880503144654087
0 0.23477406679764243 0.9119496855345912 0.137524557956778 0.1761006289308176
0 0.3801571709233792 0.8490566037735849 0.11394891944990176 0.2138364779874214
0 0.030451866404715127 0.8545597484276729 0.060903732809430254 0.23742138364779874
0 0.12475442043222004 0.839622641509434 0.24950884086444008 0.2610062893081761
0 0.2956777996070727 0.845125786163522 0.08055009823182711 0.20911949685534592
0 0.16994106090373282 0.8726415094339622 0.0825147347740668 0.20440251572327045
0 0.29764243614931235 0.8710691823899371 0.08840864440078586 0.2578616352201258
0 0.1719056974459725 0.8852201257861635 0.08055009823182711 0.22955974842767296
0 0.10216110019646366 0.8639937106918238 0.14341846758349705 0.19025157232704404
0 0.8035363457760314 0.7468553459119497 0.12082514734774066 0.14465408805031446
0 0.6281925343811395 0.8977987421383647 0.13113948919449903 0.20361635220125787
0 0.8182711198428291 0.8985849056603774 0.17043222003929273 0.2028301886792453
0 0.5476424361493124 0.8349056603773585 0.093811394891945 0.2099056603773585
0 0.6615913555992141 0.7531446540880503 0.1100196463654224 0.15487421383647798
0 0.918958742632613 0.7735849056603774 0.16011787819253437 0.29323899371069184