0 0.13277777777777777 0.21393280632411066 0.17416666666666666 0.41205533596837945
0 0.2863888888888889 0.2149209486166008 0.18138888888888888 0.41007905138339923
0 0.06638888888888889 0.10968379446640317 0.13277777777777777 0.1857707509881423
0 0.41638888888888886 0.07707509881422925 0.10138888888888889 0.13290513833992096
0 0.32861111111111113 0.01383399209486166 0.06277777777777778 0.02766798418972332
0 0.2611111111111111 0.008399209486166008 0.07444444444444444 0.016798418972332016
0 0.4502777777777778 0.6971343873517787 0.06388888888888888 0.3191699604743083
0 0.3227777777777778 0.6902173913043478 0.05 0.3073122529644269
0 0.021111111111111112 0.8527667984189723 0.042222222222222223 0.2826086956521739
0 0.07777777777777778 0.6788537549407114 0.05555555555555555 0.2924901185770751
0 0.6157833333333332 0.782005928853755 0.11635000000000004 0.3571936758893281