0 0.7513736263736264 0.134765625 0.09505494505494505 0.26953125
0 0.6398351648351648 0.134765625 0.09395604395604396 0.26953125
0 0.5368131868131868 0.134765625 0.05384615384615385 0.26953125
0 0.6881868131868132 0.134765625 0.08626373626373626 0.26953125
0 0.5483516483516484 0.134765625 0.07252747252747253 0.26953125
0 0.6134615384615385 0.666748046875 0.0521978021978022 0.21728515625
0 0.640934065934066 0.55322265625 0.04945054945054945 0.2294921875
0 0.9851648351648352 0.29541015625 0.02967032967032967 0.0517578125
0 0.859065934065934 0.30126953125 0.04120879120879121 0.0634765625
0 0.8895604395604395 0.29638671875 0.04945054945054945 0.0537109375
0 0.9741758241758242 0.68505859375 0.051648351648351645 0.2490234375
0 0.7244505494505494 0.31982421875 0.0521978021978022 0.1005859375
0 0.8021978021978022 0.34912109375 0.04835164835164835 0.1591796875
0 0.8486263736263736 0.87060546875 0.06868131868131869 0.2587890625
0 0.828434065934066 0.725341796875 0.059065934065934064 0.26123046875
0 0.9442307692307692 0.357421875 0.0521978021978022 0.17578125
0 0.9527472527472527 0.398193359375 0.06043956043956044 0.23193359375
0 0.9087912087912088 0.77783203125 0.054945054945054944 0.234375