0 0.08806818181818182 0.23484848484848486 0.11316287878787878 0.4696969696969697
0 0.2566287878787879 0.31136363636363634 0.08475378787878787 0.3159090909090909
0 0.21212121212121213 0.3181818181818182 0.09801136363636363 0.30227272727272725
0 0.010416666666666666 0.1893939393939394 0.017992424242424244 0.09772727272727273
0 0.036931818181818184 0.20075757575757575 0.017045454545454544 0.07121212121212121
0 0.4152462121212121 0.28106060606060607 0.23200757575757575 0.3765151515151515
0 0.8702651515151515 0.3575757575757576 0.17140151515151514 0.22424242424242424
0 0.14962121212121213 0.7674242424242425 0.29924242424242425 0.4643939393939394
0 0.2206439393939394 0.6606060606060606 0.14488636363636365 0.3386363636363636
0 0.3437594696969697 0.8584242424242423 0.02582386363636362 0.07575757575757576
0 0.3295549242424242 0.8449545454545455 0.011003787878787884 0.07071212121212116
0 0.3025568181818182 0.7416666666666667 0.006628787878787879 0.05
0 0.3300757575757576 0.7662424242424243 0.017310606060606033 0.06313636363636357
0 0.3132481060606061 0.7157424242424242 0.014242424242424208 0.06986363636363638
0 0.3053977272727273 0.7113636363636363 0.01231060606060606 0.05606060606060606
0 0.3072916666666667 0.6590909090909091 0.016098484848484848 0.05454545454545454
0 0.33797348484848483 0.6286212121212121 0.016259469696969658 0.04713636363636366
0 0.36163825757575757 0.610939393939394 0.01624999999999997 0.03872727272727273
0 0.37268939393939393 0.616 0.015312499999999962 0.043772727272727255
0 0.39478219696969696 0.6130454545454546 0.00361742424242429 0.04630303030303022
0 0.49025568181818174 0.5953636363636363 0.012537878787878796 0.0446060606060606
0 0.5094602272727273 0.5823181818181818 0.006751893939394043 0.037030303030303025
0 0.5233996212121212 0.5852727272727273 0.009564393939393854 0.0412424242424242
0 0.5231344696969696 0.5924242424242424 0.01428977272727265 0.04209090909090905
0 0.5133996212121212 0.5957878787878789 0.013589015151515066 0.037030303030303025
0 0.556534090909091 0.5898939393939394 0.019034090909090823 0.040409090909090936
0 0.5633712121212121 0.6004242424242424 0.011676136363636295 0.03956060606060608
0 0.6727935606060607 0.6113636363636363 0.009337121212121118 0.03283333333333327
0 0.6846306818181819 0.6084242424242424 0.009071969696969629 0.033666666666666706
0 0.521780303030303 0.9863636363636363 0.028409090909090908 0.02727272727272727
0 0.5549242424242424 0.9863636363636363 0.03787878787878788 0.02727272727272727
0 0.6051988636363637 0.8361060606060605 0.0153693181818182 0.06313636363636357
0 0.6059848484848485 0.8933484848484848 0.02851325757575748 0.058075757575757635
0 0.642282196969697 0.8457878787878789 0.010643939393939402 0.07239393939393936
0 0.6246590909090909 0.8516818181818182 0.013267045454545446 0.07912121212121216
0 0.6215056818181818 0.8289545454545455 0.013267045454545446 0.06565151515151521
0 0.6659564393939394 0.9131363636363637 0.038001893939394044 0.04713636363636366
0 0.6527935606060606 0.9333333333333333 0.04090909090909095 0.06733333333333341
0 0.6730587121212122 0.9665757575757576 0.03642045454545458 0.056393939393939434
0 0.6974431818181818 0.990909090909091 0.03125 0.01818181818181818
0 0.7324999999999999 0.8861969696969697 0.024867424242424233 0.0538787878787878
0 0.7253977272727272 0.8487424242424243 0.0390625 0.03619696969696968
0 0.7353882575757577 0.8344242424242425 0.025388257575757522 0.03787878787878788
0 0.7453787878787879 0.8260151515151516 0.016979166666666726 0.03956060606060608
0 0.7622159090909091 0.7915 0.024346590909090943 0.04292424242424249
0 0.7851041666666667 0.8070757575757577 0.03539772727272738 0.04713636363636366
0 0.7687878787878788 0.7447878787878788 0.011193181818181758 0.0572424242424242
0 0.7553787878787879 0.7405757575757576 0.017736742424242443 0.06228787878787881
0 0.6664772727272726 0.7372121212121212 0.02011363636363637 0.05050000000000006
0 0.6483333333333333 0.7254242424242424 0.021685606060606148 0.0538787878787878
0 0.7222348484848484 0.6530303030303031 0.012765151515151533 0.05050000000000006
0 0.7127651515151515 0.6412424242424243 0.012765151515151533 0.055560606060606
0 0.6993560606060606 0.6454545454545455 0.010909090909090893 0.0572424242424242
0 0.8592708333333333 0.7910757575757575 0.016477272727272813 0.06565151515151521
0 0.8479640151515152 0.7342575757575758 0.022263257575757568 0.04966666666666662
0 0.8311268939393939 0.7186818181818182 0.01173295454545464 0.033666666666666706
0 0.780625 0.6968030303030303 0.010672348484848467 0.04881818181818186
0 0.7693181818181818 0.7031212121212121 0.013001893939393957 0.06649999999999998
0 0.8072916666666666 0.9803030303030303 0.038825757575757576 0.03939393939393939
0 0.7982954545454546 0.9787878787878788 0.030303030303030304 0.04242424242424243
0 0.8806818181818182 0.9825757575757575 0.02462121212121212 0.03484848484848485
0 0.8834659090909092 0.9097575757575759 0.024895833333333298 0.09259090909090911
0 0.8655776515151514 0.9122878787878788 0.009820075757575654 0.08922727272727271
0 0.8745265151515151 0.8306363636363637 0.02069128787878779 0.06228787878787881
0 0.8932007575757576 0.8356969696969696 0.01385416666666677 0.06228787878787881
0 0.8818844696969697 0.8436818181818181 0.015075757575757645 0.04966666666666662
0 0.8926704545454545 0.8053939393939393 0.013494318181818182 0.0858636363636363
0 0.8479545454545455 0.6757575757575758 0.010350378787878848 0.0572424242424242
0 0.8119223484848485 0.6597575757575758 0.006676136363636321 0.05892424242424241
0 0.8190246212121212 0.6463030303030303 0.008257575757575783 0.05218181818181809
0 0.7940435606060606 0.6841818181818182 0.010890151515151516 0.045454545454545456
0 0.758532196969697 0.6576666666666666 0.01458333333333342 0.03451515151515147
0 0.7582670454545455 0.6151515151515151 0.0056439393939394285 0.021878787878787963
0 0.7335416666666666 0.616409090909091 0.009857954545454623 0.0446060606060606
0 0.7082954545454546 0.5991515151515151 0.008806818181818138 0.043772727272727255
0 0.7748390151515152 0.892090909090909 0.028560606060606137 0.0572424242424242
0 0.7477462121212122 0.6239848484848486 0.013001893939393957 0.0446060606060606
0 0.8385416666666666 0.4954545454545455 0.01231060606060606 0.051515151515151514
0 0.7447916666666666 0.4765151515151515 0.006628787878787879 0.013636363636363636
0 0.9441287878787878 0.9825757575757575 0.02462121212121212 0.03484848484848485
0 0.9038825757575758 0.9636363636363636 0.019886363636363636 0.07272727272727272
0 0.9171401515151515 0.9674242424242424 0.023674242424242424 0.06515151515151515
0 0.9285037878787878 0.9681818181818181 0.023674242424242424 0.06363636363636363
0 0.9267613636363636 0.947030303030303 0.013863636363636458 0.058863636363636396
0 0.9025473484848485 0.9502272727272727 0.02660037878787871 0.07575757575757576
0 0.9236742424242425 0.8995303030303031 0.02733901515151505 0.0839090909090909
0 0.9018181818181819 0.8022121212121213 0.020047348484848553 0.07225757575757567
0 0.9666477272727273 0.8960303030303031 0.018607954545454632 0.06410606060606053
0 0.9591761363636363 0.9525606060606061 0.026979166666666676 0.08624242424242418
0 0.9803030303030303 0.9146818181818183 0.03135416666666679 0.07925757575757585
0 0.9895833333333334 0.8856060606060606 0.020833333333333332 0.05909090909090909
0 0.9864867424242424 0.8660303030303029 0.022613636363636468 0.06351515151515146
0 0.9924242424242424 0.9356060606060606 0.015151515151515152 0.06515151515151515
0 0.9957386363636364 0.9598484848484848 0.008522727272727272 0.06818181818181818
0 0.9957386363636364 0.9787878787878788 0.008522727272727272 0.04242424242424243
0 0.9981060606060606 0.9030303030303031 0.003787878787878788 0.06363636363636363
0 0.42173295454545456 0.5784393939393939 0.012130681818181766 0.03380303030303031
0 0.4122632575757576 0.574939393939394 0.008267045454545471 0.044287878787878814
0 0.3991477272727273 0.5743636363636364 0.006297348484848463 0.03845454545454545
0 0.3847632575757576 0.5772727272727273 0.00863636363636364 0.044287878787878814
0 0.3909564393939394 0.5714393939393939 0.010303030303030298 0.05245454545454546
0 0.3161174242424242 0.5892121212121212 0.009015151515151499 0.03671212121212124