0 0.1032986111111111 0.09722222222222222 0.017939814814814815 0.09104938271604938
0 0.0859375 0.11162551440329219 0.015046296296296295 0.10905349794238683
0 0.5413773148148148 0.3544238683127572 0.4632523148148148 0.49074074074074076
0 0.7913773148148148 0.29886831275720166 0.41724537037037035 0.3482510288065844
0 0.17997685185185186 0.8261316872427984 0.25925925925925924 0.3477366255144033
0 0.7170138888888888 0.632201646090535 0.046296296296296294 0.06481481481481481
0 0.49233217592592593 0.8901748971193416 0.05931712962962963 0.21347736625514405
0 0.4561631944444444 0.8618827160493827 0.044849537037037035 0.21862139917695472
0 0.46122685185185186 0.7011316872427984 0.05497685185185185 0.1748971193415638
0 0.4040798611111111 0.7770061728395061 0.0390625 0.11059670781893004
0 0.3159722222222222 0.6944444444444444 0.01273148148148148 0.1831275720164609
0 0.8292824074074074 0.6579218106995884 0.03935185185185185 0.11625514403292181
0 0.9565972222222222 0.8940329218106996 0.04513888888888889 0.21193415637860083
0 0.9852430555555556 0.8883744855967078 0.029513888888888888 0.2006172839506173
0 0.9866898148148148 0.801440329218107 0.02662037037037037 0.11316872427983539
0 0.9567418981481481 0.7435699588477366 0.04774305555555555 0.17232510288065844
0 0.9508101851851852 0.6630658436213992 0.03935185185185185 0.12654320987654322
0 0.5422453703703703 0.7229938271604939 0.046296296296296294 0.16718106995884774
0 0.5053530092592593 0.7139917695473251 0.04195601851851852 0.18518518518518517
0 0.6399016203703703 0.849022633744856 0.05063657407407408 0.21347736625514405
0 0.6109664351851852 0.7422839506172839 0.05063657407407408 0.22119341563786007
0 0.9126157407407407 0.6373456790123457 0.034722222222222224 0.07510288065843622