0 0.08729281767955802 0.3894891944990177 0.17458563535911603 0.3605108055009823
0 0.3041436464088398 0.3698428290766208 0.28756906077348066 0.38654223968565815
0 0.40607734806629836 0.3433202357563851 0.16657458563535912 0.26964636542239684
0 0.7334254143646409 0.3700884086444008 0.052486187845303865 0.21856581532416502
0 0.761049723756906 0.25589390962671904 0.049723756906077346 0.23084479371316308
0 0.9679558011049724 0.06630648330058939 0.04419889502762431 0.13261296660117877
0 0.5038674033149171 0.2961689587426326 0.028729281767955802 0.23280943025540274
0 0.8777624309392266 0.25589390962671904 0.05386740331491713 0.26031434184675833
0 0.5044198895027624 0.08497053045186641 0.02983425414364641 0.16994106090373282
0 0.5104972375690607 0.03585461689587426 0.041988950276243095 0.07170923379174853
0 0.5544198895027624 0.03585461689587426 0.04585635359116022 0.07170923379174853
0 0.5986187845303867 0.08595284872298625 0.04806629834254143 0.1719056974459725
0 0.9419889502762431 0.21905697445972494 0.049723756906077346 0.22102161100196463
0 0.876243093922652 0.8443025540275049 0.14861878453038674 0.26277013752455797
0 0.7455801104972376 0.8477406679764243 0.13646408839779006 0.2593320235756385
0 0.6176795580110497 0.8477406679764243 0.14972375690607734 0.3045186640471513
0 0.8353591160220994 0.7220039292730844 0.04861878453038674 0.06335952848722987
0 0.5820441988950277 0.7293713163064833 0.10662983425414364 0.10510805500982318
0 0.7729281767955801 0.712180746561886 0.08425414364640885 0.06630648330058939
0 0.6983425414364641 0.7328094302554028 0.07955801104972375 0.07956777996070727
0 0.7055248618784531 0.7028487229862476 0.07486187845303867 0.050589390962671905
0 0.6162983425414365 0.6910609037328095 0.07955801104972375 0.04420432220039293
0 0.8035911602209945 0.75049115913556 0.06906077348066299 0.068762278978389
0 0.8041436464088397 0.8133595284872298 0.07209944751381216 0.1949901768172888
0 0.6386740331491713 0.6866404715127702 0.03259668508287293 0.0343811394891945