0 0.21077348066298343 0.75049115913556 0.2577348066298343 0.19646365422396855
0 0.9446132596685083 0.6281925343811395 0.05110497237569061 0.137524557956778
0 0.9458563535911603 0.568762278978389 0.05414364640883978 0.09823182711198428
0 0.6469613259668509 0.7853634577603144 0.052486187845303865 0.13261296660117877
0 0.9308011049723757 0.7829076620825147 0.05110497237569061 0.18172888015717092
0 0.48977900552486187 0.9381139489194499 0.04033149171270718 0.1237721021611002
0 0.8580110497237569 0.8988212180746562 0.06077348066298342 0.20235756385068762
0 0.6649171270718232 0.9169941060903732 0.04143646408839779 0.16601178781925344
0 0.6973756906077349 0.8676326129666012 0.04558011049723757 0.2382121807465619
0 0.7001381215469613 0.737475442043222 0.04558011049723757 0.13506876227897838
0 0.7975138121546961 0.8393909626719057 0.04143646408839779 0.1719056974459725
0 0.7581491712707182 0.8271119842829077 0.04005524861878453 0.19155206286836934
0 0.8396408839779006 0.6367878192534381 0.04005524861878453 0.15471512770137524
0 0.8016574585635359 0.62450884086444 0.03314917127071823 0.15962671905697445
0 0.7712707182320442 0.6331041257367387 0.03591160220994475 0.1719056974459725
0 0.4901933701657459 0.8393909626719057 0.034530386740331494 0.18664047151277013
0 0.48011049723756904 0.7814341846758349 0.020994475138121547 0.16404715127701375
0 0.4901933701657459 0.6699410609037328 0.03729281767955801 0.14243614931237722
0 0.5261049723756906 0.6736247544204322 0.034530386740331494 0.18418467583497053