0 0.20302197802197802 0.19580078125 0.04642857142857143 0.08935546875
0 0.5134615384615384 0.279296875 0.02197802197802198 0.0810546875
0 0.49423076923076925 0.2744140625 0.020879120879120878 0.06494140625
0 0.3793956043956044 0.2294921875 0.02554945054945055 0.0439453125
0 0.8060439560439561 0.1796875 0.09340659340659341 0.359375
0 0.7038461538461539 0.19921875 0.08791208791208792 0.3984375
0 0.5862637362637363 0.19091796875 0.07252747252747253 0.3818359375
0 0.9898351648351649 0.15087890625 0.02032967032967033 0.3017578125
0 0.4431318681318681 0.9052734375 0.05879120879120879 0.189453125
0 0.020054945054945057 0.77001953125 0.04010989010989011 0.2177734375
0 0.04148351648351648 0.65673828125 0.04945054945054945 0.2294921875
0 0.34697802197802197 0.5341796875 0.0456043956043956 0.048828125
0 0.40054945054945057 0.56005859375 0.04835164835164835 0.1005859375
0 0.39175824175824175 0.8251953125 0.04120879120879121 0.224609375
0 0.326510989010989 0.740966796875 0.059065934065934064 0.23193359375
0 0.2392857142857143 0.684814453125 0.057692307692307696 0.22216796875
0 0.17115384615384616 0.6220703125 0.0510989010989011 0.224609375
0 0.5304945054945055 0.63720703125 0.03901098901098901 0.2294921875
0 0.37115384615384617 0.85693359375 0.054945054945054944 0.25390625
0 0.5815934065934066 0.9287109375 0.0521978021978022 0.142578125
0 0.609065934065934 0.85302734375 0.04945054945054945 0.2294921875
0 0.9645604395604396 0.5654296875 0.0521978021978022 0.111328125
0 0.9425824175824176 0.93017578125 0.0521978021978022 0.1396484375
0 0.6824175824175824 0.576171875 0.05054945054945055 0.1328125
0 0.7546703296703297 0.680908203125 0.06043956043956044 0.22705078125
0 0.9469780219780219 0.705322265625 0.04120879120879121 0.20263671875
0 0.9146978021978022 0.636962890625 0.04532967032967033 0.23681640625
0 0.9118131868131868 0.5419921875 0.0456043956043956 0.064453125
0 0.8151098901098901 0.60888671875 0.04120879120879121 0.1708984375
0 0.8541208791208791 0.6005859375 0.04010989010989011 0.181640625
0 0.8728021978021978 0.947265625 0.057692307692307696 0.10546875
0 0.8054945054945055 0.92138671875 0.06593406593406594 0.1572265625