0 0.31208053691275167 0.258955223880597 0.2143456375838926 0.3
0 0.10906040268456375 0.3044776119402985 0.2181208053691275 0.208955223880597
0 0.20973154362416108 0.2044776119402985 0.41946308724832215 0.408955223880597
0 0.6606543624161074 0.19552238805970149 0.16191275167785235 0.39104477611940297
0 0.14597315436241612 0.6149253731343284 0.0398489932885906 0.2253731343283582
0 0.09312080536912752 0.5664179104477612 0.03271812080536913 0.1947761194029851
0 0.2911073825503356 0.558955223880597 0.020553691275167787 0.12388059701492538
0 0.125 0.5059701492537313 0.01971476510067114 0.16492537313432837
0 0.03313758389261745 0.6634328358208955 0.04236577181208054 0.24104477611940298
0 0.22902684563758388 0.95 0.0796979865771812 0.07686567164179105
0 0.25838926174496646 0.5231343283582089 0.033976510067114093 0.14701492537313432
0 0.1078020134228188 0.5104477611940299 0.024328859060402684 0.141044776119403
0 0.23951342281879195 0.47313432835820896 0.034395973154362415 0.07611940298507462
0 0.08976510067114093 0.4798507462686567 0.026006711409395974 0.08432835820895522
0 0.03859060402684564 0.6029850746268657 0.026426174496644295 0.17537313432835822
0 0.6929530201342282 0.7044776119402985 0.3926174496644295 0.591044776119403