0 0.7929775280898876 0.3095 0.2042134831460674 0.5805
0 0.699438202247191 0.3805 0.17949438202247192 0.436
0 0.9376404494382022 0.338 0.12471910112359551 0.5235
0 0.28202247191011237 0.8565 0.2533707865168539 0.287
0 0.9303370786516854 0.6725 0.046067415730337076 0.145
0 0.875561797752809 0.699 0.04887640449438202 0.198
0 0.8845505617977528 0.9515 0.042134831460674156 0.097
0 0.6985955056179776 0.6265 0.037640449438202245 0.053
0 0.7272471910112359 0.6665 0.042134831460674156 0.133
0 0.9845505617977528 0.6575 0.03089887640449438 0.115
0 0.735252808988764 0.8255 0.054775280898876406 0.235
0 0.952808988764045 0.8875 0.060674157303370786 0.225
0 0.6193820224719101 0.67 0.019662921348314606 0.14