0 0.403968253968254 0.269774011299435 0.13174603174603175 0.53954802259887
0 0.29325396825396827 0.356638418079096 0.2119047619047619 0.365819209039548
0 0.04523809523809524 0.3644067796610169 0.09047619047619047 0.3502824858757062
0 0.19563492063492063 0.2909604519774011 0.2503968253968254 0.4971751412429379
0 0.9757936507936508 0.03672316384180791 0.048412698412698414 0.07344632768361582
0 0.8182539682539682 0.2782485875706215 0.12380952380952381 0.5225988700564972
0 0.1261904761904762 0.8312146892655368 0.2523809523809524 0.24364406779661016
0 0.3984126984126984 0.768361581920904 0.14285714285714285 0.3792372881355932
0 0.09087301587301587 0.7238700564971752 0.18174603174603174 0.10875706214689265
0 0.13174603174603175 0.6440677966101694 0.18611111111111112 0.20903954802259886
0 0.2638888888888889 0.6271186440677966 0.10357142857142858 0.1751412429378531
0 0.3265873015873016 0.606638418079096 0.11825396825396825 0.134180790960452