0 0.9660023446658851 0.13517745302713988 0.06799531066822978 0.27035490605427975
0 0.7881008206330598 0.1419624217118998 0.06740914419695193 0.2839248434237996
0 0.8868698710433763 0.16231732776617955 0.07268464243845252 0.3246346555323591
0 0.6277842907385698 0.162839248434238 0.06096131301289566 0.325678496868476
0 0.6611957796014069 0.17484342379958245 0.07033997655334115 0.3496868475991649
0 0.7288980070339977 0.17484342379958245 0.11430246189917936 0.3496868475991649
0 0.944021101992966 0.17484342379958245 0.09906213364595545 0.3496868475991649
0 0.8361664712778429 0.17484342379958245 0.11078546307151231 0.3496868475991649
0 0.5958382180539273 0.17484342379958245 0.03223915592028136 0.3496868475991649
0 0.9882766705744431 0.8549060542797495 0.023446658851113716 0.24008350730688935
0 0.5926143024618992 0.5704592901878914 0.02579132473622509 0.2453027139874739
0 0.9053341148886284 0.40762004175365346 0.04865181711606096 0.11586638830897704
0 0.9624853458382181 0.4352818371607516 0.05158264947245018 0.17118997912317327
0 0.9531066822977726 0.7505219206680585 0.043962485345838215 0.24008350730688935
0 0.7989449003516998 0.3945720250521921 0.04689331770222743 0.08977035490605428
0 0.8446658851113716 0.39196242171189977 0.041031652989449004 0.08455114822546973
0 0.703253223915592 0.5704592901878914 0.05715123094958968 0.2766179540709812
0 0.7831184056271981 0.55741127348643 0.06447831184056271 0.2348643006263048
0 0.8820339976553341 0.6174321503131524 0.06301289566236812 0.24008350730688935