0 0.8255528255528255 0.3867102396514161 0.18181818181818182 0.18518518518518517
0 0.7665847665847666 0.09422657952069717 0.11056511056511056 0.18845315904139434
0 0.9778869778869779 0.2935729847494553 0.044226044226044224 0.37145969498910675
0 0.6461916461916462 0.09586056644880174 0.12776412776412777 0.19172113289760348
0 0.9115479115479116 0.06209150326797386 0.12039312039312039 0.12418300653594772
0 0.9692874692874693 0.051742919389978215 0.06142506142506143 0.10348583877995643
0 0.10626535626535627 0.9618736383442266 0.21253071253071254 0.07625272331154684
0 0.4201474201474201 0.8099128540305011 0.19901719901719903 0.3801742919389978
0 0.7757985257985258 0.7919389978213508 0.18058968058968058 0.41612200435729846
0 0.8845208845208845 0.7396514161220044 0.11302211302211303 0.5206971677559913
0 0.9705159705159705 0.8197167755991286 0.05896805896805897 0.36056644880174293
0 0.9674447174447175 0.8061002178649237 0.06511056511056511 0.3877995642701525