0 0.164 0.4108761329305136 0.136 0.3806646525679758
0 0.269 0.2945619335347432 0.114 0.48036253776435045
0 0.313 0.27492447129909364 0.062 0.34441087613293053
0 0.378 0.23564954682779457 0.084 0.24169184290030213
0 0.378 0.11933534743202417 0.08 0.09969788519637462
0 0.416 0.20090634441087613 0.044 0.24471299093655588
0 0.441 0.2326283987915408 0.034 0.2598187311178248
0 0.539 0.2809667673716012 0.03 0.24169184290030213
0 0.483 0.2628398791540785 0.03 0.2537764350453172
0 0.497 0.3066465256797583 0.09 0.2990936555891239
0 0.578 0.3323262839879154 0.044 0.16314199395770393
0 0.621 0.3429003021148036 0.034 0.1540785498489426
0 0.644 0.29607250755287007 0.028 0.054380664652567974
0 0.562 0.28700906344410876 0.02 0.09667673716012085
0 0.661 0.32326283987915405 0.026 0.07250755287009064