0 0.03898305084745763 0.12627118644067797 0.07796610169491526 0.20508474576271185
0 0.22542372881355932 0.10762711864406779 0.08135593220338982 0.16440677966101694
0 0.07457627118644068 0.11864406779661017 0.02711864406779661 0.0711864406779661
0 0.5576271186440678 0.10423728813559321 0.023728813559322035 0.06271186440677966
0 0.5084745762711864 0.10084745762711865 0.02711864406779661 0.06949152542372881
0 0.4694915254237288 0.10084745762711865 0.02711864406779661 0.07288135593220339
0 0.5330508474576271 0.1016949152542373 0.025423728813559324 0.06440677966101695
0 0.42203389830508475 0.10847457627118644 0.01694915254237288 0.0576271186440678
0 0.40084745762711865 0.10762711864406779 0.015254237288135594 0.05593220338983051
0 0.3694915254237288 0.11779661016949153 0.020338983050847456 0.03898305084745763
0 0.38813559322033897 0.10338983050847457 0.013559322033898305 0.04745762711864407
0 0.7661016949152543 0.2805084745762712 0.3525423728813559 0.4559322033898305
0 0.19491525423728814 0.9593220338983051 0.12203389830508475 0.08135593220338982
0 0.15037288135593224 0.7437796610169493 0.11215254237288129 0.19811864406779658
0 0.735593220338983 0.7745762711864407 0.29152542372881357 0.45084745762711864
0 0.7457627118644068 0.5906779661016949 0.12542372881355932 0.08305084745762711