0 0.9013440860215054 0.4574569789674952 0.051075268817204304 0.10420650095602295
0 0.8741935483870967 0.3991395793499044 0.04838709677419355 0.2208413001912046
0 0.5263440860215054 0.10946462715105162 0.051075268817204304 0.12906309751434034
0 0.5475806451612903 0.4588910133843212 0.051075268817204304 0.10133843212237094
0 0.8025537634408603 0.10707456978967496 0.04973118279569892 0.17686424474187382
0 0.3763440860215054 0.30066921606118546 0.03333333333333333 0.2055449330783939
0 0.7319892473118279 0.23255258126195028 0.05913978494623656 0.2222753346080306
0 0.5438172043010753 0.256453154875717 0.04032258064516129 0.19837476099426385
0 0.5754032258064516 0.18953154875717018 0.04435483870967742 0.23183556405353728
0 0.5779569892473119 0.06405353728489484 0.04408602150537634 0.12810707456978968
0 0.6728494623655914 0.16204588910133844 0.04032258064516129 0.16730401529636713
0 0.6345430107526882 0.15009560229445507 0.038978494623655914 0.1864244741873805
0 0.7137096774193549 0.020076481835564052 0.03924731182795699 0.040152963671128104
0 0.6470430107526882 0.022466539196940728 0.03494623655913978 0.044933078393881457
0 0.375 0.1615678776290631 0.03064516129032258 0.18164435946462715
0 0.36693548387096775 0.10564053537284895 0.014516129032258065 0.15965583173996176
0 0.3758064516129032 0.032982791586998086 0.03225806451612903 0.06596558317399617
0 0.40860215053763443 0.044933078393881457 0.03333333333333333 0.08986615678776291
0 0.9577956989247312 0.09034416826003824 0.03494623655913978 0.1338432122370937
0 0.943010752688172 0.03537284894837476 0.04838709677419355 0.07074569789674952
0 0.6163978494623656 0.47562141491395793 0.056451612903225805 0.06787762906309751
0 0.682258064516129 0.4502868068833652 0.06451612903225806 0.11854684512428298
0 0.2884408602150538 0.7762906309751434 0.12473118279569892 0.37141491395793497
0 0.1575268817204301 0.8087954110898662 0.10403225806451613 0.30879541108986613
0 0.15913978494623657 0.8326959847036329 0.10241935483870968 0.26673040152963673
0 0.5447580645161291 0.8193116634799236 0.05779569892473118 0.2198852772466539
0 0.9647849462365592 0.6699330783938815 0.051075268817204304 0.2127151051625239
0 0.9376344086021505 0.5903441682600382 0.04838709677419355 0.1615678776290631
0 0.6112903225806452 0.6878585086042065 0.051075268817204304 0.24378585086042065
0 0.4241935483870968 0.5353728489483748 0.06451612903225806 0.05162523900573614
0 0.6959677419354838 0.8288718929254302 0.06720430107526881 0.29158699808795413
0 0.6798387096774193 0.7069789674952199 0.056451612903225805 0.21510516252390058
0 0.7456989247311828 0.6675430210325047 0.06451612903225806 0.23661567877629064