0 0.6202185792349727 0.4766990291262136 0.05901639344262295 0.1262135922330097
0 0.6658469945355191 0.015048543689320388 0.05191256830601093 0.030097087378640777
0 0.7158469945355191 0.08155339805825243 0.04480874316939891 0.16310679611650486
0 0.6627049180327869 0.11504854368932038 0.04781420765027322 0.19902912621359223
0 0.6715846994535519 0.42815533980582526 0.040983606557377046 0.22330097087378642
0 0.8147540983606557 0.06941747572815533 0.04371584699453552 0.13883495145631067
0 0.7726775956284153 0.06699029126213592 0.03825136612021858 0.13398058252427184
0 0.9045081967213114 0.2606796116504854 0.05327868852459016 0.25728155339805825
0 0.5021857923497268 0.054854368932038836 0.04371584699453552 0.10970873786407767
0 0.5192622950819672 0.1587378640776699 0.05327868852459016 0.1650485436893204
0 0.5349726775956284 0.3067961165048544 0.04644808743169399 0.22330097087378642
0 0.840983606557377 0.22427184466019418 0.04918032786885246 0.21844660194174756
0 0.7351092896174863 0.26796116504854367 0.04781420765027322 0.21844660194174756
0 0.3160218579234973 0.7260388349514563 0.04981967213114758 0.20899029126213592
0 0.27837158469945356 0.6114563106796116 0.023765027322404375 0.10335922330097086
0 0.5959016393442623 0.5849514563106796 0.05792349726775956 0.0825242718446602
0 0.49098360655737705 0.6058252427184466 0.04207650273224044 0.1145631067961165
0 0.5461748633879782 0.5883495145631068 0.04781420765027322 0.0970873786407767
0 0.5658469945355191 0.5635922330097087 0.017759562841530054 0.04514563106796116