0 0.16746031746031745 0.2777777777777778 0.20396825396825397 0.11958568738229755
0 0.7293650793650793 0.2010357815442561 0.1701058201058201 0.2678907721280603
0 0.3423280423280423 0.7688323917137476 0.017195767195767195 0.0852165725047081
0 0.0068783068783068784 0.7693032015065914 0.013492063492063493 0.07203389830508475
0 0.26005291005291004 0.7198681732580038 0.019576719576719578 0.05084745762711865
0 0.8648148148148148 0.9303201506591338 0.05026455026455026 0.1393596986817326
0 0.8383597883597883 0.8564030131826742 0.047619047619047616 0.22128060263653485
0 0.7806878306878307 0.4665725047080979 0.049206349206349205 0.03483992467043315
0 0.49576719576719575 0.5692090395480226 0.05026455026455026 0.1271186440677966
0 0.6280423280423281 0.5550847457627118 0.03968253968253968 0.17890772128060264
0 0.5989417989417989 0.5480225988700564 0.047619047619047616 0.17419962335216574
0 0.562962962962963 0.5324858757062146 0.047619047619047616 0.16666666666666666
0 0.5592592592592592 0.6963276836158192 0.05026455026455026 0.2024482109227872
0 0.5427248677248677 0.6362994350282486 0.04365079365079365 0.16713747645951035
0 0.3798941798941799 0.5207156308851224 0.020105820105820106 0.1431261770244821
0 0.9023809523809524 0.5018832391713748 0.043915343915343914 0.10546139359698682
0 0.9671957671957672 0.4901129943502825 0.0380952380952381 0.08192090395480225
0 0.5166666666666667 0.9317325800376648 0.05026455026455026 0.13653483992467044
0 0.7576719576719577 0.5927495291902072 0.05026455026455026 0.17419962335216574
0 0.682936507936508 0.632768361581921 0.046296296296296294 0.2071563088512241
0 0.6576719576719576 0.948210922787194 0.05714285714285714 0.10357815442561205