0 0.4581829121540313 0.8474304068522484 0.017448856799037304 0.25160599571734477
0 0.8294223826714802 0.541220556745182 0.057160048134777375 0.10385438972162742
0 0.6790012033694344 0.547644539614561 0.04512635379061372 0.11670235546038545
0 0.7123947051744886 0.5422912205567452 0.05415162454873646 0.10599571734475374
0 0.7527075812274369 0.5315845824411135 0.05415162454873646 0.08458244111349036
0 0.9846570397111913 0.6622055674518201 0.030685920577617327 0.21948608137044967
0 0.9687123947051745 0.5182012847965739 0.03730445246690734 0.057815845824411134
0 0.8053549939831528 0.9277301927194861 0.057160048134777375 0.14453961456102785
0 0.5315884476534296 0.5679871520342612 0.057160048134777375 0.15738758029978586
0 0.6167268351383874 0.6001070663811563 0.052948255114320095 0.22162740899357602
0 0.6453068592057761 0.9464668094218416 0.06438026474127558 0.10706638115631692
0 0.7722623345367028 0.6092077087794433 0.057160048134777375 0.2398286937901499
0 0.7815884476534296 0.6774625267665952 0.06618531889290012 0.25428265524625265