0 0.27903835764451645 0.15417867435158503 0.11939492166396543 0.1733909702209414
0 0.31118314424635335 0.03650336215177714 0.023365748244192328 0.044908741594620556
0 0.8318476499189628 0.1829971181556196 0.06793625067531064 0.08309317963496637
0 0.7576985413290114 0.14505283381364073 0.06347920043219882 0.08861671469740634
0 0.7313614262560778 0.2744956772334294 0.06604538087520259 0.04803073967339097
0 0.06037277147487844 0.888088376560999 0.045650999459751485 0.22382324687800192
0 0.11574824419232847 0.883525456292027 0.05861696380334954 0.2329490874159462
0 0.16653160453808752 0.8876080691642652 0.06131820637493247 0.22478386167146974
0 0.4180172879524581 0.8595100864553314 0.06347920043219882 0.28097982708933716
0 0.7239330091842248 0.7521613832853026 0.04443544030253917 0.436359269932757
0 0.6655861696380335 0.7406340057636888 0.08792544570502431 0.5187319884726225
0 0.5244462452728255 0.7495196926032661 0.07104267963263101 0.49759846301633043
0 0.6395191788222583 0.7219020172910663 0.04538087520259319 0.420268972142171