0 0.15497553017944535 0.3065217391304348 0.27446982055464925 0.5456521739130434
0 0.3433931484502447 0.3173913043478261 0.21207177814029363 0.5246376811594203
0 0.399673735725938 0.23550724637681159 0.05261011419249592 0.14057971014492754
0 0.43148450244698205 0.2463768115942029 0.030179445350734094 0.12608695652173912
0 0.24714518760195758 0.21666666666666667 0.009380097879282219 0.035507246376811595
0 0.27446982055464925 0.21304347826086956 0.013050570962479609 0.04057971014492753
0 0.3637846655791191 0.21159420289855072 0.018760195758564437 0.05652173913043478
0 0.6986133768352365 0.505072463768116 0.06973898858075041 0.13695652173913042
0 0.8152528548123981 0.11594202898550725 0.026508972267536703 0.15869565217391304
0 0.8650081566068516 0.2920289855072464 0.06810766721044045 0.20507246376811594
0 0.48164763458401305 0.927536231884058 0.06443719412724307 0.14420289855072463