0 0.29958246346555323 0.16449814126394052 0.5991649269311065 0.32899628252788105
0 0.7724425887265136 0.16449814126394052 0.3465553235908142 0.32899628252788105
0 0.9577244258872651 0.16449814126394052 0.08455114822546973 0.32899628252788105
0 0.3408141962421712 0.6245353159851301 0.22599164926931106 0.22026022304832713
0 0.41805845511482254 0.7881040892193308 0.3616910229645094 0.275092936802974
0 0.28340292275574114 0.8280669144981413 0.5668058455114823 0.34014869888475835
0 0.22233820459290188 0.5195167286245354 0.05636743215031315 0.0687732342007435
0 0.8997912317327766 0.6644981412639405 0.20041753653444677 0.671003717472119
0 0.8042797494780793 0.7276951672862454 0.19102296450939457 0.5446096654275093
0 0.6774530271398748 0.7788104089219331 0.15657620041753653 0.4423791821561338
0 0.6403966597077244 0.7462825278810409 0.04018789144050104 0.16263940520446096
0 0.6727557411273486 0.7806691449814126 0.12160751565762004 0.34107806691449816