0 0.6531818181818182 0.39898255813953487 0.035454545454545454 0.02180232558139535
0 0.7115181818181819 0.36257267441860463 0.008290909090908991 0.06343023255813951
0 0.7181272727272727 0.3605959302325581 0.00658181818181819 0.0436046511627907
0 0.7210181818181818 0.3424273255813953 0.009890909090908983 0.04954941860465121
0 0.5417 0.13927325581395347 0.011500000000000083 0.051526162790697744
0 0.5516181818181818 0.13497093023255816 0.012327272727272678 0.04558139534883723
0 0.5607090909090909 0.12473837209302324 0.009854545454545586 0.042281976744186094
0 0.5642181818181818 0.11812500000000002 0.011918181818181727 0.04889534883720928
0 0.6406545454545455 0.16140988372093024 0.012763636363636331 0.050872093023255814
0 0.6472727272727272 0.13234011627906977 0.006154545454545438 0.036337209302325583
0 0.6755727272727272 0.20071220930232556 0.01814545454545458 0.050218023255813884
0 0.7166818181818182 0.22648255813953488 0.016918181818181728 0.059462209302325535
0 0.7377545454545454 0.21656976744186046 0.01279090909090924 0.03963662790697672
0 0.7497363636363636 0.2393604651162791 0.007009090909090942 0.04030523255813956
0 0.7365181818181818 0.2439825581395349 0.013618181818181835 0.050872093023255814
0 0.7307272727272727 0.2618313953488372 0.013654545454545438 0.0561627906976744
0 0.8011818181818181 0.2955232558139535 0.014872727272727388 0.06672965116279066
0 0.7960090909090909 0.2816424418604651 0.017772727272727232 0.06408430232558145
0 0.8152272727272727 0.20632267441860463 0.019009090909090982 0.054840116279069796
0 0.7257727272727273 0.1313372093023256 0.007000000000000041 0.042281976744186094
0 0.7499454545454546 0.1666860465116279 0.007418181818181686 0.04425872093023262
0 0.7590363636363637 0.1759447674418605 0.012381818181818082 0.04295058139534877
0 0.6764 0.12671511627906978 0.008227272727272686 0.029069767441860465
0 0.6871363636363637 0.1257267441860465 0.008227272727272686 0.029723837209302308
0 0.6493363636363636 0.19146802325581397 0.014418181818181934 0.03039244186046507
0 0.8172727272727273 0.0188953488372093 0.00909090909090909 0.0377906976744186
0 0.9158090909090909 0.356235465116279 0.01734545454545448 0.06508720930232555
0 0.9413 0.3429651162790697 0.01853636363636352 0.0334883720930232
0 0.8956545454545455 0.2781831395348837 0.015854545454545503 0.055610465116279054
0 0.8899181818181818 0.2725 0.018618181818181836 0.056874999999999995
0 0.9083 0.2936627906976744 0.01576363636363629 0.029694767441860392
0 0.8266909090909091 0.21594476744186045 0.012190909090909165 0.04866279069767444
0 0.8492181818181818 0.20709302325581397 0.008245454545454488 0.05119186046511632
0 0.8608727272727273 0.20803779069767442 0.009427272727272628 0.045494186046511564
0 0.866009090909091 0.24184593023255813 0.015863636363636406 0.03728197674418601
0 0.8770818181818182 0.24405523255813957 0.01575454545454539 0.03159883720930234
0 0.7709636363636363 0.28765988372093027 0.022600000000000117 0.06446220930232562
0 0.7784727272727272 0.2740843023255814 0.016127272727272737 0.06129360465116273
0 0.985 0.3800872093023256 0.02090909090909091 0.059593023255813955
0 0.9945454545454545 0.3800872093023256 0.01090909090909091 0.059593023255813955
0 0.8426909090909092 0.029505813953488388 0.004790909090909074 0.046133720930232575
0 0.8502000000000001 0.030770348837209284 0.007854545454545338 0.04234011627906976
0 0.8561272727272727 0.034563953488372094 0.006272727272727355 0.046133720930232575
0 0.8612636363636363 0.03835755813953486 0.00943636363636353 0.04486918604651163
0 0.956709090909091 0.09396802325581396 0.013018181818181967 0.05624999999999998
0 0.9742909090909091 0.10281976744186049 0.01183636363636362 0.04486918604651163
0 0.9081 0.03930232558139534 0.006681818181818099 0.05055232558139539
0 0.8903090909090909 0.03488372093023256 0.0074727272727272975 0.025276162790697655
0 0.7612727272727272 0.10723837209302325 0.009418181818181727 0.0436046511627907
0 0.6699818181818182 0.09713662790697676 0.005445454545454554 0.033488372093023286
0 0.6589181818181817 0.0968168604651163 0.005436363636363653 0.030334302325581403
0 0.6533818181818182 0.09555232558139536 0.010372727272727141 0.040450581395348816
0 0.6352 0.08069767441860466 0.01432727272727272 0.028444767441860454
0 0.7383545454545455 0.09902616279069766 0.005454545454545455 0.03222383720930235
0 0.7095454545454546 0.5559593023255814 0.13363636363636364 0.27252906976744184