0 0.9833333333333333 0.42045454545454547 0.03333333333333333 0.2658102766798419
0 0.9482277777777778 0.36031620553359683 0.025222222222222274 0.09799407114624513
0 0.9321777777777778 0.34302371541501975 0.0227499999999999 0.06999011857707503
0 0.7735166666666666 0.3803557312252964 0.032588888888888806 0.18639328063241095
0 0.8386500000000001 0.41438735177865615 0.039394444444444364 0.20394268774703567
0 0.7296833333333332 0.37404150197628455 0.03257777777777796 0.12983201581027656
0 0.5863888888888888 0.34189723320158105 0.012777777777777779 0.09090909090909091
0 0.35194444444444445 0.8478260869565217 0.25277777777777777 0.30434782608695654
0 0.8444444444444444 0.7791501976284585 0.03805555555555556 0.12203557312252965
0 0.9727777777777777 0.7776679841897233 0.04666666666666667 0.10474308300395258
0 0.8119444444444445 0.7065217391304348 0.023055555555555555 0.09337944664031621