0 0.6694630872483222 0.20591939546599497 0.2713926174496644 0.06675062972292191
0 0.026845637583892617 0.6045340050377834 0.051593959731543626 0.267632241813602
0 0.1040268456375839 0.5963476070528967 0.09270134228187919 0.2965994962216625
0 0.30411073825503354 0.6675062972292192 0.11996644295302013 0.5503778337531486
0 0.3804530201342282 0.7197732997481109 0.08557046979865772 0.5604534005037783
0 0.32802013422818793 0.5491183879093199 0.057466442953020135 0.21851385390428213
0 0.3523489932885906 0.6807304785894207 0.05327181208053691 0.4168765743073048
0 0.43791946308724833 0.7348866498740554 0.06166107382550336 0.5295969773299748
0 0.4559563758389262 0.7348866498740554 0.06333892617449664 0.5295969773299748
0 0.24748322147651006 0.6158690176322418 0.057466442953020135 0.241183879093199
0 0.9375 0.6196473551637279 0.125 0.760705289672544