0 0.7021028037383178 0.2519230769230769 0.07651869158878505 0.1
0 0.9485981308411215 0.3096153846153846 0.009345794392523364 0.05
0 0.12850467289719625 0.9221153846153847 0.04672897196261682 0.11346153846153846
0 0.02161214953271028 0.9375 0.04322429906542056 0.10961538461538461
0 0.07067757009345794 0.9423076923076923 0.08761682242990654 0.11538461538461539
0 0.22605140186915887 0.9317307692307693 0.08294392523364486 0.13653846153846153
0 0.3008177570093458 0.9403846153846154 0.10397196261682243 0.11923076923076924
0 0.42289719626168226 0.9442307692307692 0.10981308411214953 0.11153846153846154
0 0.5660046728971962 0.7846153846153846 0.07359813084112149 0.4307692307692308
0 0.8592289719626168 0.7846153846153846 0.07359813084112149 0.4307692307692308
0 0.6816588785046729 0.7846153846153846 0.16004672897196262 0.4307692307692308
0 0.5858644859813084 0.7846153846153846 0.1133177570093458 0.4307692307692308
0 0.9304906542056075 0.7846153846153846 0.13901869158878505 0.4307692307692308
0 0.8037383177570093 0.7846153846153846 0.12850467289719625 0.4307692307692308