0 0.576797385620915 0.26920935412026725 0.15980392156862744 0.3012249443207127
0 0.9428104575163399 0.2572383073496659 0.11437908496732026 0.32516703786191536
0 0.40490196078431373 0.7516703786191536 0.05032679738562092 0.45657015590200445
0 0.48169934640522877 0.768652561247216 0.13856209150326798 0.428173719376392
0 0.6065359477124183 0.7569599109131403 0.15163398692810456 0.45044543429844097
0 0.822875816993464 0.7572383073496659 0.12810457516339868 0.4487750556792873
0 0.7081699346405229 0.7692093541202673 0.12222222222222222 0.43262806236080176
0 0.9183006535947712 0.73413140311804 0.16339869281045752 0.4860801781737194
0 0.9800653594771241 0.5448218262806236 0.03986928104575163 0.07293986636971046
0 0.5428104575163398 0.5637527839643652 0.060784313725490195 0.09632516703786191
0 0.7107843137254902 0.5579064587973274 0.15359477124183007 0.1091314031180401
0 0.8467320261437908 0.5509465478841871 0.05816993464052288 0.06514476614699331