0 0.022340425531914895 0.2821361058601134 0.0125 0.048676748582230624
0 0.0678191489361702 0.2793005671077505 0.007446808510638298 0.036389413988657845
0 0.059308510638297875 0.27599243856332706 0.007978723404255319 0.039224952741020794
0 0.6981382978723404 0.29867674858223064 0.02154255319148936 0.10066162570888469
0 0.686968085106383 0.2878071833648393 0.014627659574468085 0.0723062381852552
0 0.18723404255319148 0.6710775047258979 0.08031914893617022 0.13137996219281664
0 0.3996010638297872 0.6937618147448015 0.04920212765957447 0.21739130434782608
0 0.3797872340425532 0.8104914933837429 0.04042553191489362 0.2391304347826087
0 0.48058510638297874 0.947069943289225 0.06542553191489361 0.10586011342155009
0 0.7877659574468086 0.9258034026465028 0.052127659574468084 0.14839319470699433
0 0.6654255319148936 0.5590737240075614 0.05425531914893617 0.09924385633270322
0 0.6986702127659574 0.5472589792060492 0.040957446808510635 0.07561436672967864
0 0.6961436170212766 0.8402646502835539 0.05186170212765957 0.23629489603024575
0 0.5585106382978723 0.9494328922495274 0.06914893617021277 0.10113421550094517
0 0.5675531914893617 0.5590737240075614 0.05319148936170213 0.09924385633270322