0 0.936613475177305 0.3018465909090909 0.12632978723404256 0.23366477272727273
0 0.7801418439716312 0.27698863636363635 0.1148049645390071 0.22017045454545456
0 0.6041666666666666 0.3174715909090909 0.08953900709219859 0.34375
0 0.5691489361702128 0.8742897727272727 0.01950354609929078 0.07244318181818182
0 0.5695921985815603 0.8117897727272727 0.020390070921985817 0.06676136363636363
0 0.6959929078014184 0.8285369318181818 0.033501773049645356 0.059318181818181805
0 0.670709219858156 0.777159090909091 0.040265957446808574 0.04345170454545459
0 0.6485460992907801 0.7508380681818181 0.03661347517730493 0.0609943181818181
0 0.6618439716312057 0.7291051136363635 0.03400709219858147 0.03258522727272735
0 0.6733156028368794 0.6835795454545455 0.013156028368794254 0.06015625000000003
0 0.6034397163120567 0.7098863636363636 0.02669326241134743 0.05765625000000005
0 0.611781914893617 0.660596590909091 0.017313829787234017 0.0643323863636363
0 0.6292553191489362 0.6668607954545455 0.016799645390070964 0.061832386363636326
0 0.6263829787234042 0.6493181818181818 0.022535460992907867 0.061832386363636326
0 0.6451595744680851 0.6163068181818182 0.015239361702127708 0.04595170454545458
0 0.6657801418439716 0.5745738636363636 0.02127659574468085 0.029829545454545456
0 0.6471631205673759 0.5688920454545454 0.02304964539007092 0.018465909090909092
0 0.670709219858156 0.6213210227272727 0.012109929078014257 0.04762784090909087
0 0.7444858156028369 0.6204829545454545 0.01578014184397159 0.04428977272727266
0 0.748395390070922 0.65015625 0.020469858156028295 0.03509943181818187
0 0.7275354609929078 0.6547443181818182 0.03167553191489363 0.0359232954545454
0 0.7225886524822696 0.6752130681818183 0.035328014184397086 0.031747159090909124
0 0.7802039007092199 0.6338636363636364 0.03091312056737579 0.05096590909090908
0 0.7710815602836879 0.7006960227272727 0.025168439716312146 0.05096590909090908
0 0.8013209219858156 0.8084943181818183 0.03947695035460991 0.05765625000000005
0 0.729104609929078 0.7057102272727273 0.03402482269503556 0.04261363636363636
0 0.8406914893617021 0.8502698863636364 0.04031028368794329 0.09775568181818173
0 0.8710106382978723 0.9701704545454546 0.0398936170212766 0.05965909090909091
0 0.8461702127659575 0.9526278409090909 0.038750000000000034 0.08522727272727272
0 0.8612854609929078 0.9321590909090909 0.027278368794326224 0.09274147727272722
0 0.8990868794326241 0.8389914772727273 0.028856382978723363 0.07687499999999985
0 0.8808421985815603 0.7796590909090909 0.02571808510638297 0.07687499999999985
0 0.8701507092198582 0.722840909090909 0.016852836879432617 0.07018465909090904
0 0.8558067375886526 0.739559659090909 0.014955673758865152 0.08522727272727272
0 0.882145390070922 0.6534943181818181 0.021028368794326267 0.06852272727272729
0 0.8698847517730497 0.6701988636363636 0.009742907801418448 0.051803977272727314
0 0.8625886524822695 0.6551704545454545 0.014955673758865152 0.0718607954545455
0 0.833386524822695 0.6125568181818182 0.023625886524822774 0.06350852272727278
0 0.7553191489361702 0.5795454545454546 0.010638297872340425 0.03977272727272727
0 0.7420212765957447 0.5795454545454546 0.010638297872340425 0.03977272727272727
0 0.7398049645390071 0.5696022727272727 0.015070921985815602 0.019886363636363636
0 0.8523936170212766 0.5823863636363636 0.020390070921985817 0.045454545454545456
0 0.8386524822695035 0.5667613636363636 0.012411347517730497 0.014204545454545454
0 0.8302304964539007 0.5901988636363636 0.018617021276595744 0.061079545454545456
0 0.92229609929078 0.7963778409090909 0.022083333333333406 0.08188920454545467
0 0.907695035460993 0.7746448863636364 0.015469858156028408 0.08522727272727272
0 0.9481382978723404 0.7144886363636364 0.023581560283687863 0.07687500000000001
0 0.9632624113475177 0.7316193181818181 0.01732269503546096 0.07269886363636356
0 0.9802039007092199 0.7391335227272727 0.024104609929078064 0.07603693181818177
0 0.9702925531914893 0.7633664772727274 0.03533687943262423 0.07102272727272728
0 0.9781205673758865 0.7428977272727273 0.018891843971631156 0.06684659090909083
0 0.9915780141843972 0.8167613636363636 0.016843971631205674 0.07670454545454546
0 0.9755141843971632 0.8068181818181818 0.025948581560283672 0.08772727272727271