0 0.8564814814814815 0.41203703703703703 0.052083333333333336 0.15534979423868311
0 0.7936921296296297 0.02417695473251029 0.05381944444444445 0.04835390946502058
0 0.4820601851851852 0.14146090534979425 0.05497685185185185 0.1388888888888889
0 0.5348668981481481 0.22762345679012347 0.04774305555555555 0.24948559670781892
0 0.5377604166666666 0.09130658436213991 0.04774305555555555 0.14146090534979425
0 0.47844328703703703 0.30092592592592593 0.05063657407407408 0.2109053497942387
0 0.26273148148148145 0.0823045267489712 0.03587962962962963 0.1646090534979424
0 0.6397569444444444 0.23276748971193414 0.046296296296296294 0.18775720164609053
0 0.5949074074074074 0.21862139917695472 0.04050925925925926 0.205761316872428
0 0.6475694444444444 0.046296296296296294 0.04513888888888889 0.09259259259259259
0 0.6157407407407407 0.05401234567901234 0.041666666666666664 0.10802469135802469
0 0.5107060185185185 0.028292181069958847 0.043402777777777776 0.056584362139917695
0 0.5607638888888888 0.037037037037037035 0.04513888888888889 0.07407407407407407
0 0.734375 0.404320987654321 0.056712962962962965 0.17078189300411523
0 0.9059606481481481 0.08333333333333333 0.04918981481481482 0.16666666666666666
0 0.2508680555555556 0.15689300411522633 0.022569444444444444 0.2006172839506173
0 0.35619212962962965 0.09387860082304526 0.034722222222222224 0.17746913580246915
0 0.3142361111111111 0.08101851851851852 0.046296296296296294 0.15689300411522633
0 0.30844907407407407 0.2109053497942387 0.046296296296296294 0.1697530864197531
0 0.3265335648148148 0.3472222222222222 0.05642361111111111 0.1748971193415638
0 0.3428819444444444 0.43775720164609055 0.04918981481481482 0.10390946502057613
0 0.7025462962962963 0.0874485596707819 0.03935185185185185 0.1748971193415638
0 0.7112268518518519 0.02417695473251029 0.03935185185185185 0.04835390946502058
0 0.6672453703703703 0.3950617283950617 0.052083333333333336 0.18930041152263374
0 0.5549768518518519 0.4182098765432099 0.05092592592592592 0.14300411522633744
0 0.16782407407407407 0.8626543209876543 0.14351851851851852 0.2726337448559671
0 0.31221064814814814 0.8533950617283951 0.13194444444444445 0.26594650205761317
0 0.4270833333333333 0.8497942386831275 0.14872685185185186 0.2674897119341564
0 0.5225694444444444 0.8446502057613169 0.13020833333333334 0.25102880658436216
0 0.6122685185185185 0.8492798353909465 0.12008101851851852 0.2525720164609053
0 0.7372685185185185 0.8487654320987654 0.14033564814814814 0.24845679012345678
0 0.8495370370370371 0.8487654320987654 0.13512731481481483 0.24588477366255143