0 0.41350710900473936 0.11867977528089887 0.18285939968404424 0.15098314606741572
0 0.9050157977883097 0.33324438202247186 0.020308056872037943 0.09192415730337085
0 0.9869668246445498 0.35042134831460675 0.022906793048973143 0.05758426966292135
0 0.7089257503949447 0.35814606741573035 0.019747235387045814 0.042134831460674156
0 0.8004423380726698 0.33803370786516845 0.027890995260663465 0.07085674157303377
0 0.6966824644549763 0.3125 0.014218009478672985 0.02949438202247191
0 0.6974723538704581 0.1776685393258427 0.01579778830963665 0.0351123595505618
0 0.737085308056872 0.2390870786516854 0.0160584518167456 0.04404494382022474
0 0.7424644549763033 0.29175561797752814 0.02036334913112162 0.038300561797752784
0 0.7783649289099526 0.23653089887640452 0.016761453396524507 0.04915730337078652
0 0.822519747235387 0.2081179775280899 0.013878357030015748 0.07405898876404497
0 0.8286255924170616 0.19662921348314608 0.009573459715639724 0.06766853932584263
0 0.7833965244865718 0.1694943820224719 0.02631911532385461 0.04276685393258434
0 0.763649289099526 0.15130617977528094 0.01697472353870459 0.03320224719101122
0 0.7638309636650868 0.16630617977528092 0.01733807266982626 0.03766853932584277
0 0.7467772511848341 0.14810393258426965 0.010513428120063149 0.04724719101123594
0 0.7446208530805688 0.12512640449438198 0.011026856240126412 0.039578651685393186
0 0.7570063191153239 0.12384831460674159 0.012306477093206893 0.053623595505617905
0 0.6919431279620853 0.10463483146067416 0.004739336492890996 0.04353932584269663
0 0.7116903633491312 0.0035112359550561797 0.007898894154818325 0.007022471910112359
0 0.8527093206951026 0.1710955056179775 0.013933649289099605 0.07533707865168537
0 0.8753238546603475 0.19502808988764048 0.011050552922590844 0.05808988764044946
0 0.8688625592417062 0.18514044943820224 0.014794628751974738 0.057457865168539284
0 0.8620379146919432 0.243876404494382 0.018238546603475448 0.07278089887640457
0 0.860781990521327 0.29047752808988764 0.022187993680884612 0.07278089887640457
0 0.888783570300158 0.330688202247191 0.02792259083728271 0.07915730337078654
0 0.8542654028436019 0.3539325842696629 0.026066350710900472 0.05056179775280899
0 0.8771248025276461 0.3131320224719101 0.02484992101105848 0.07469101123595498
0 0.8805292259083728 0.28408707865168537 0.0187440758293839 0.053623595505617905
0 0.8873538704581357 0.2962219101123596 0.023767772511848275 0.07278089887640457
0 0.8936334913112165 0.3073876404494382 0.026287519747235366 0.07213483146067418
0 0.9490995260663506 0.2684550561797753 0.02953396524486562 0.06064606741573027
0 0.9614849921011058 0.28217696629213485 0.013380726698262286 0.061292134831460655
0 0.9516113744075829 0.2930337078651685 0.01928909952606641 0.06257022471910106
0 0.9812322274881516 0.2674859550561798 0.016974723538704408 0.0702247191011236
0 0.7506003159557662 0.043960674157303384 0.010260663507109012 0.04396067415730331
0 0.7516350710900475 0.03877808988764047 0.014462875197472311 0.04824438202247194
0 0.7730963665086887 0.032977528089887666 0.01206951026856238 0.04762640449438198
0 0.7952448657187994 0.051910112359550536 0.009668246445497637 0.025646067415730323
0 0.8203080568720379 0.03358146067415734 0.010363349131121557 0.03908707865168545
0 0.8125829383886256 0.01953651685393262 0.007954186413902003 0.036643258426966335
0 0.8050236966824644 0.03022471910112357 0.006469194312796252 0.042134831460674156
0 0.7995339652448658 0.03693820224719103 0.00715639810426536 0.03724719101123593
0 0.7926619273301738 0.032977528089887666 0.007843601895734648 0.03175561797752811
0 0.7559241706161137 0.010533707865168539 0.004739336492890996 0.021067415730337078
0 0.7519747235387045 0.006320224719101123 0.00631911532385466 0.012640449438202247
0 0.735387045813586 0.0056179775280898875 0.004739336492890996 0.011235955056179775
0 0.8886413902053713 0.14929775280898877 0.012440758293838863 0.05191011235955061
0 0.88521327014218 0.1374016853932584 0.01243285939968405 0.045182584269662866
0 0.9806477093206951 0.014044943820224719 0.011848341232227487 0.028089887640449437
0 0.963167456556082 0.3150983146067416 0.02274091627172193 0.0818258426966292
0 0.8295892575039494 0.04030898876404493 0.006911532385466035 0.04640449438202242
0 0.8380015797788308 0.0351123595505618 0.00863349131121648 0.044578651685393274
0 0.12085308056872038 0.7570224719101124 0.24131121642969985 0.3651685393258427