0 0.6864130434782608 0.29206963249516443 0.1622282608695652 0.23404255319148937
0 0.7423913043478261 0.15715667311411993 0.07364130434782609 0.17263056092843326
0 0.18016304347826087 0.938588007736944 0.058152173913043476 0.12282398452611218
0 0.13451086956521738 0.4521276595744681 0.051630434782608696 0.086073500967118
0 0.08505434782608695 0.5183752417794971 0.045108695652173916 0.218568665377176
0 0.08233695652173913 0.42891682785299806 0.045108695652173916 0.039651837524177946
0 0.13817934782608696 0.5797872340425532 0.04755434782608696 0.19825918762088976
0 0.12907608695652173 0.8902321083172147 0.04076086956521739 0.21953578336557059
0 0.3404891304347826 0.43036750483558994 0.034239130434782605 0.0425531914893617
0 0.3092391304347826 0.4738878143133462 0.03695652173913044 0.12959381044487428
0 0.28152173913043477 0.5241779497098646 0.04076086956521739 0.18375241779497098
0 0.028804347826086957 0.5038684719535783 0.03804347826086957 0.1895551257253385
0 0.2740489130434783 0.7055125725338491 0.05298913043478261 0.22727272727272727
0 0.06345108695652174 0.7683752417794971 0.058423913043478264 0.22243713733075435
0 0.4004076086956522 0.526595744680851 0.04755434782608696 0.19342359767891681
0 0.3858695652173913 0.4724371373307544 0.04891304347826087 0.12669245647969052
0 0.5576086956521739 0.6706963249516441 0.0782608695652174 0.46083172147001933
0 0.501358695652174 0.7026112185686654 0.10244565217391305 0.5203094777562862
0 0.9244565217391304 0.5140232108317214 0.04918478260869565 0.18568665377176016