0 0.2896270396270396 0.026452282157676348 0.013111888111888112 0.052385892116182574
0 0.9324009324009324 0.6239626556016598 0.07109557109557109 0.0508298755186722
0 0.5958624708624709 0.6006224066390041 0.05652680652680653 0.0975103734439834
0 0.7300407925407926 0.17764522821576764 0.05973193473193473 0.21524896265560167
0 0.6936188811188811 0.14911825726141079 0.04516317016317016 0.2204356846473029
0 0.6984265734265734 0.03734439834024896 0.05536130536130536 0.07468879668049792
0 0.7217365967365967 0.02074688796680498 0.03787878787878788 0.04149377593360996
0 0.7575757575757576 0.025933609958506226 0.04195804195804196 0.05186721991701245
0 0.6411713286713286 0.06353734439834025 0.039335664335664336 0.11151452282157677
0 0.5512820512820513 0.05549792531120332 0.046620046620046623 0.11099585062240663
0 0.4965034965034965 0.08817427385892117 0.013986013986013986 0.17634854771784234
0 0.5023310023310024 0.060684647302904564 0.02564102564102564 0.12136929460580913
0 0.6963869463869464 0.5295643153526971 0.05710955710955711 0.23962655601659752
0 0.8371212121212122 0.1737551867219917 0.05827505827505827 0.22302904564315354
0 0.8493589743589743 0.029564315352697094 0.05652680652680653 0.05912863070539419
0 0.6835664335664335 0.8511410788381742 0.1150932400932401 0.19968879668049794
0 0.921037296037296 0.8703319502074689 0.12937062937062938 0.241701244813278