0 0.13998482549317148 0.4037878787878788 0.26783004552352047 0.49242424242424243
0 0.38088012139605465 0.38636363636363635 0.21699544764795145 0.5272727272727272
0 0.208649468892261 0.3886363636363636 0.17298937784522003 0.3409090909090909
0 0.6282245827010622 0.4446969696969697 0.08649468892261002 0.24166666666666667
0 0.5110015174506829 0.2409090909090909 0.04324734446130501 0.18484848484848485
0 0.07283763277693475 0.8128787878787879 0.11684370257966616 0.32575757575757575
0 0.17981790591805766 0.806060606060606 0.11229135053110774 0.31212121212121213
0 0.30197268588770865 0.803030303030303 0.10773899848254932 0.30606060606060603
0 0.2496206373292868 0.759090909090909 0.08649468892261002 0.21818181818181817
0 0.4017450682852807 0.7924242424242425 0.1039453717754173 0.28484848484848485
0 0.4374051593323217 0.7484848484848485 0.08877086494688922 0.19696969696969696
0 0.8129742033383915 0.8325757575757575 0.07473444613050076 0.1431818181818182
0 0.7192716236722306 0.9575757575757575 0.0618361153262519 0.08484848484848485
0 0.6361911987860395 0.7606060606060606 0.06449165402124431 0.10984848484848485