0 0.8660054054054055 0.43241346153846155 0.025632432432432472 0.06021153846153836
0 0.9152972972972973 0.4287596153846154 0.029081081081081057 0.04905769230769229
0 0.4462162162162162 0.63125 0.05027027027027027 0.1625
0 0.4733783783783784 0.7209134615384616 0.05540540540540541 0.24278846153846154
0 0.5116216216216216 0.9932692307692308 0.05675675675675676 0.013461538461538462
0 0.4308108108108108 0.9822115384615384 0.05945945945945946 0.035576923076923075
0 0.3637837837837838 0.9028846153846154 0.06594594594594595 0.19423076923076923
0 0.051756756756756755 0.8747596153846153 0.052702702702702706 0.22355769230769232
0 0.145 0.7509615384615385 0.052702702702702706 0.2403846153846154
0 0.2602702702702703 0.9548076923076924 0.062162162162162166 0.09038461538461538
0 0.28486486486486484 0.9052884615384615 0.07027027027027027 0.18942307692307692
0 0.6345945945945946 0.5903846153846154 0.05081081081081081 0.08076923076923077
0 0.7521621621621621 0.8658653846153846 0.0891891891891892 0.26826923076923076
0 0.7924324324324324 0.7067307692307693 0.0745945945945946 0.31346153846153846
0 0.9532432432432433 0.6894230769230769 0.05459459459459459 0.27884615384615385
0 0.7378378378378379 0.6836538461538462 0.06054054054054054 0.2673076923076923
0 0.9889189189189189 0.6942307692307692 0.02216216216216216 0.28846153846153844