0 0.21652542372881356 0.45845921450151056 0.03983050847457627 0.1299093655589124
0 0.1538135593220339 0.4486404833836858 0.03983050847457627 0.11706948640483383
0 0.11440677966101695 0.4335347432024169 0.03559322033898305 0.09818731117824774
0 0.8889830508474577 0.26661631419939574 0.05593220338983051 0.1691842900302115
0 0.8148305084745763 0.4108761329305136 0.07754237288135593 0.40105740181268884
0 0.7338983050847457 0.4131419939577039 0.07330508474576271 0.41389728096676737
0 0.6139830508474576 0.38972809667673713 0.11186440677966102 0.3640483383685801
0 0.49533898305084745 0.22356495468277945 0.10466101694915254 0.1095166163141994
0 0.9169491525423729 0.2515105740181269 0.03177966101694915 0.08006042296072508
0 0.9245762711864407 0.25226586102719034 0.04152542372881356 0.07779456193353475
0 0.7 0.40483383685800606 0.05466101694915254 0.3678247734138973
0 0.4669491525423729 0.8972809667673716 0.15550847457627118 0.2054380664652568
0 0.6055084745762712 0.9131419939577039 0.13432203389830508 0.17371601208459214
0 0.7444915254237288 0.898036253776435 0.14915254237288136 0.20317220543806647