0 0.40916230366492146 0.3784916201117318 0.01806282722513089 0.06890130353817504
0 0.5034031413612565 0.39013035381750466 0.10523560209424083 0.18901303538175046
0 0.6086387434554974 0.3500931098696462 0.052094240837696336 0.07728119180633147
0 0.6916230366492147 0.3230912476722533 0.050785340314136125 0.19925512104283055
0 0.7484293193717277 0.32774674115456237 0.050785340314136125 0.18761638733705774
0 0.9617801047120419 0.29655493482309125 0.05680628272251309 0.2011173184357542
0 0.9136125654450262 0.30074487895716945 0.059162303664921465 0.19599627560521415
0 0.9589005235602094 0.5130353817504656 0.08219895287958115 0.2532588454376164
0 0.5910994764397905 0.46694599627560524 0.14031413612565444 0.30446927374301674
0 0.8089005235602095 0.44878957169459965 0.10157068062827225 0.2271880819366853
0 0.04528795811518325 0.6927374301675978 0.025654450261780103 0.1005586592178771
0 0.27225130890052357 0.9138733705772812 0.032460732984293195 0.17225325884543763