0 0.397883295194508 0.1975560081466395 0.06664759725400457 0.21435845213849286
0 0.341533180778032 0.20112016293279023 0.07036613272311212 0.17668024439918534
0 0.8562643020594966 0.8645621181262729 0.06149885583524028 0.23421588594704684
0 0.7560068649885584 0.4073319755600815 0.04748283752860412 0.15478615071283094
0 0.8119279176201373 0.43431771894093685 0.05005720823798627 0.20875763747454176
0 0.8026315789473685 0.7627291242362525 0.04290617848970252 0.23421588594704684
0 0.9862700228832952 0.3604887983706721 0.02745995423340961 0.06109979633401222
0 0.9625286041189931 0.40122199592668023 0.04290617848970252 0.1425661914460285
0 0.6521739130434783 0.39460285132382894 0.04576659038901602 0.12932790224032586
0 0.6967963386727689 0.3920570264765784 0.04004576659038902 0.12423625254582485
0 0.7346967963386728 0.6748981670061099 0.06149885583524028 0.24185336048879838
0 0.6438787185354691 0.6163441955193483 0.060068649885583525 0.23167006109979632
0 0.5746567505720824 0.5407331975560081 0.04977116704805492 0.2545824847250509
0 0.9549485125858124 0.5667006109979633 0.05577803203661327 0.23930753564154786
0 0.7811784897025171 0.7958248472505092 0.057208237986270026 0.26476578411405294