0 0.771849593495935 0.20579268292682926 0.4563008130081301 0.3871951219512195
0 0.011686991869918699 0.6829268292682927 0.023373983739837397 0.4329268292682927
0 0.5101626016260162 0.6608231707317073 0.03861788617886179 0.4009146341463415
0 0.33485772357723576 0.7484756097560976 0.1209349593495935 0.32926829268292684
0 0.18241869918699186 0.7690548780487805 0.1290650406504065 0.3429878048780488
0 0.0625 0.788109756097561 0.11890243902439024 0.3231707317073171
0 0.4603658536585366 0.7400914634146342 0.11178861788617886 0.3246951219512195
0 0.22815040650406504 0.6592987804878049 0.09451219512195122 0.39176829268292684
0 0.38160569105691056 0.6463414634146342 0.0782520325203252 0.4024390243902439
0 0.3023373983739837 0.6280487804878049 0.08231707317073171 0.3445121951219512
0 0.14939024390243902 0.5678353658536586 0.07113821138211382 0.20579268292682926
0 0.45121951219512196 0.5663109756097561 0.08536585365853659 0.19054878048780488
0 0.0858739837398374 0.6150914634146342 0.10873983739837398 0.30640243902439024