0 0.13104395604395605 0.22900390625 0.15576923076923077 0.4248046875
0 0.6881868131868132 0.19091796875 0.11401098901098901 0.13232421875
0 0.7453296703296703 0.25634765625 0.14395604395604394 0.22998046875
0 0.5225274725274726 0.26513671875 0.14835164835164835 0.24072265625
0 0.5142857142857142 0.390625 0.44945054945054946 0.296875
0 0.889010989010989 0.37744140625 0.2217032967032967 0.32275390625
0 0.6725274725274726 0.37744140625 0.2923076923076923 0.32275390625
0 0.046153846153846156 0.87451171875 0.09230769230769231 0.2509765625
0 0.24478021978021977 0.87451171875 0.08956043956043956 0.2509765625
0 0.15219780219780218 0.869140625 0.12197802197802197 0.26171875
0 0.7771978021978022 0.91357421875 0.12857142857142856 0.1728515625
0 0.968956043956044 0.90625 0.06208791208791209 0.185546875
0 0.9277472527472528 0.90576171875 0.09230769230769231 0.16162109375
0 0.5623626373626374 0.89111328125 0.03214285714285714 0.04296875
0 0.6035714285714285 0.89404296875 0.0260989010989011 0.037109375
0 0.676923076923077 0.87451171875 0.03214285714285714 0.044921875
0 0.7060439560439561 0.87890625 0.03021978021978022 0.0400390625
0 0.6266483516483516 0.8701171875 0.035989010989010986 0.0341796875