0 0.8167215815485996 0.35043988269794724 0.278006589785832 0.33724340175953077
0 0.8336079077429983 0.18695014662756598 0.03789126853377265 0.08064516129032258
0 0.5543657331136738 0.34384164222873903 0.1301482701812191 0.3416422287390029
0 0.622322899505766 0.2470674486803519 0.12397034596375618 0.1774193548387097
0 0.6515650741350906 0.22653958944281524 0.0700164744645799 0.1744868035190616
0 0.7837726523887973 0.1935483870967742 0.10255354200988467 0.15542521994134897
0 0.9913509060955519 0.4083577712609971 0.01729818780889621 0.22140762463343108
0 0.4546952224052718 0.6209677419354839 0.060955518945634266 0.20381231671554254
0 0.3830313014827018 0.6502932551319648 0.054365733113673806 0.2624633431085044
0 0.35584843492586493 0.6737536656891495 0.06919275123558484 0.27419354838709675
0 0.285831960461285 0.6759530791788856 0.051070840197693576 0.2785923753665689
0 0.26482701812191106 0.7580645161290323 0.06672158154859967 0.3255131964809384
0 0.14044481054365734 0.8467741935483871 0.0700164744645799 0.3064516129032258
0 0.20963756177924217 0.8863636363636364 0.10790774299835255 0.22727272727272727
0 0.6116144975288303 0.7800586510263929 0.24464579901153213 0.4398826979472141
0 0.8447281713344317 0.8035190615835777 0.31013179571663924 0.39296187683284456