0 0.2267195767195767 0.2777777777777778 0.020370370370370372 0.021657250470809793
0 0.28703703703703703 0.2806026365348399 0.019312169312169312 0.022598870056497175
0 0.308994708994709 0.2782485875706215 0.020370370370370372 0.022598870056497175
0 0.3978835978835979 0.2787193973634652 0.02142857142857143 0.021657250470809793
0 0.48174603174603176 0.2773069679849341 0.022486772486772486 0.022598870056497175
0 0.47063492063492063 0.2721280602636535 0.016137566137566138 0.013182674199623353
0 0.6447089947089947 0.2966101694915254 0.05026455026455026 0.20527306967984935
0 0.6711640211640212 0.18973634651600754 0.047619047619047616 0.22128060263653485
0 0.9835978835978836 0.2980225988700565 0.0328042328042328 0.2024482109227872
0 0.8111111111111111 0.06638418079096045 0.0582010582010582 0.1327683615819209
0 0.9883597883597883 0.07250470809792843 0.02328042328042328 0.14500941619585686
0 0.9653439153439154 0.0475517890772128 0.043915343915343914 0.0951035781544256
0 0.8695767195767196 0.018361581920903956 0.03968253968253968 0.03672316384180791
0 0.9092592592592592 0.3554613935969868 0.06613756613756613 0.08757062146892655
0 0.9251322751322751 0.3145009416195857 0.05555555555555555 0.1694915254237288
0 0.8603174603174604 0.2895480225988701 0.06349206349206349 0.2193973634651601
0 0.24166666666666667 0.8785310734463276 0.056878306878306875 0.21657250470809794
0 0.36005291005291007 0.5230696798493408 0.06349206349206349 0.2024482109227872
0 0.011904761904761904 0.4821092278719397 0.023809523809523808 0.1657250470809793
0 0.18015873015873016 0.4882297551789077 0.03968253968253968 0.17796610169491525
0 0.14894179894179893 0.4632768361581921 0.043915343915343914 0.128060263653484
0 0.05317460317460317 0.4340866290018832 0.03968253968253968 0.0696798493408663
0 0.09074074074074075 0.4326741996233522 0.038624338624338624 0.06685499058380415
0 0.34735449735449736 0.4373822975517891 0.03333333333333333 0.07627118644067797
0 0.10873015873015873 0.7678907721280602 0.05555555555555555 0.211864406779661
0 0.4835978835978836 0.4797551789077213 0.0328042328042328 0.16101694915254236
0 0.116005291005291 0.8679378531073446 0.056878306878306875 0.2612994350282486
0 0.04193121693121693 0.7078625235404896 0.05952380952380952 0.2236346516007533
0 0.5116402116402117 0.8498116760828626 0.02328042328042328 0.22128060263653485
0 0.5571428571428572 0.4383239171374765 0.04867724867724868 0.07815442561205273
0 0.8423280423280424 0.562617702448211 0.05026455026455026 0.1271186440677966
0 0.5705026455026455 0.5602636534839924 0.04894179894179894 0.17419962335216574
0 0.9865079365079366 0.7509416195856874 0.026984126984126985 0.2024482109227872
0 0.6399470899470899 0.6838512241054614 0.0582010582010582 0.2189265536723164
0 0.8251322751322752 0.707391713747646 0.03968253968253968 0.19538606403013184
0 0.794047619047619 0.6414783427495292 0.04365079365079365 0.2283427495291902
0 0.7914021164021164 0.516713747645951 0.04365079365079365 0.12947269303201506
0 0.6981481481481482 0.614406779661017 0.03968253968253968 0.1647834274952919
0 0.7358465608465609 0.6026365348399246 0.03835978835978836 0.18361581920903955
0 0.6576719576719576 0.4467984934086629 0.0380952380952381 0.0951035781544256
0 0.6941798941798942 0.442090395480226 0.031746031746031744 0.0856873822975518
0 0.723015873015873 0.4491525423728814 0.03439153439153439 0.09981167608286252
0 0.9878306878306878 0.6139359698681732 0.02433862433862434 0.17890772128060264
0 0.9957671957671957 0.5588512241054614 0.008465608465608466 0.15725047080979285
0 0.9873015873015873 0.4595103578154426 0.025396825396825397 0.12052730696798493
0 0.957936507936508 0.4712806026365348 0.03333333333333333 0.1440677966101695
0 0.7912698412698412 0.4218455743879473 0.038624338624338624 0.04519774011299435
0 0.8243386243386244 0.4209039548022599 0.0380952380952381 0.04331450094161959
0 0.6867724867724868 0.9119585687382298 0.05925925925925926 0.1760828625235405
0 0.7582010582010582 0.9364406779661016 0.05185185185185185 0.1271186440677966