0 0.19861660079051383 0.2697784810126582 0.3651185770750988 0.5395569620253164
0 0.5395256916996047 0.3299050632911392 0.21936758893280633 0.41930379746835444
0 0.02405138339920946 0.8662183544303799 0.031284584980237125 0.09205696202531656
0 0.08288537549407114 0.76625 0.032173913043478206 0.07049050632911386
0 0.09186758893280635 0.8417721518987342 0.02319169960474311 0.05466772151898727
0 0.044466403162055336 0.9683544303797469 0.029644268774703556 0.06329113924050633
0 0.02865612648221344 0.995253164556962 0.02766798418972332 0.00949367088607595
0 0.22924901185770752 0.9920886075949367 0.07312252964426877 0.015822784810126583
0 0.381096837944664 0.9424683544303797 0.03256916996047434 0.09205696202531656
0 0.4093873517786561 0.9072151898734178 0.033478260869565325 0.09637658227848114
0 0.22422924901185767 0.8058069620253164 0.02414031620553366 0.05178797468354433
0 0.338300395256917 0.7795569620253163 0.03489130434782603 0.07982594936708869
0 0.2040217391304348 0.7511550632911392 0.028636363636363654 0.033085443037974636
0 0.1831422924901186 0.7205854430379747 0.023695652173913062 0.06688291139240503
0 0.13643280632411073 0.6695253164556961 0.023705533596837955 0.04675632911392398
0 0.14990118577075104 0.6608860759493671 0.01920948616600796 0.06257911392405056
0 0.14091897233201583 0.6162974683544303 0.01652173913043481 0.055379746835443035
0 0.18224308300395253 0.6382278481012659 0.012915019762845786 0.0647310126582278
0 0.20850790513833992 0.6001107594936709 0.02324110671936757 0.04026898734177222
0 0.25904150197628456 0.6680854430379747 0.02008893280632404 0.04962025316455698
0 0.26577075098814235 0.7274208860759493 0.02547430830039523 0.04314873417721516
0 0.31068181818181817 0.6652056962025317 0.02096837944664034 0.055379746835443035
0 0.36591897233201576 0.6331962025316455 0.017361660079051322 0.0834335443037975
0 0.3735573122529644 0.620253164556962 0.011976284584980129 0.0762341772151898
0 0.31697628458498023 0.5896835443037974 0.03292490118577069 0.04818037974683551
0 0.29227272727272724 0.5691930379746836 0.02123517786561266 0.03740506329113922
0 0.2925 0.5860917721518988 0.021689723320158148 0.04243670886075957
0 0.2707509881422925 0.5656645569620253 0.01383399209486166 0.05221518987341772
0 0.26778656126482214 0.5506329113924051 0.01383399209486166 0.022151898734177215
0 0.283596837944664 0.5537974683544303 0.015810276679841896 0.028481012658227847
0 0.1651778656126482 0.6004746835443038 0.014723320158102857 0.059699367088607624
0 0.174604743083004 0.5655854430379746 0.015612648221343828 0.04890822784810121
0 0.4036857707509881 0.5914873417721519 0.01743083003952579 0.08487341772151896
0 0.42737154150197626 0.617879746835443 0.004940711462450593 0.06487341772151899
0 0.42193675889328064 0.6068037974683544 0.015810276679841896 0.06487341772151899
0 0.41535573122529645 0.6734810126582278 0.022816205533596756 0.08199367088607602
0 0.4137845849802372 0.7259810126582278 0.02775691699604735 0.08199367088607602
0 0.4061561264822134 0.8147943037974684 0.03314229249011854 0.09134493670886079
0 0.42391304347826086 0.7507911392405063 0.011857707509881422 0.08386075949367089
0 0.841897233201581 0.8686708860759493 0.13636363636363635 0.2626582278481013
0 0.8033596837944664 0.7863924050632911 0.07559288537549406 0.17167721518987342
0 0.6630434782608695 0.7784810126582279 0.10326086956521739 0.18908227848101267
0 0.5622529644268774 0.8433544303797469 0.14377470355731226 0.23734177215189872