0 0.12480252764612954 0.27969121140142517 0.18996840442338073 0.5593824228028503
0 0.14928909952606634 0.35570071258907365 0.12796208530805686 0.40736342042755347
0 0.782780410742496 0.3497624703087886 0.3313586097946288 0.4192399049881235
0 0.01579778830963665 0.7737529691211401 0.0315955766192733 0.27672209026128264
0 0.24718799368088473 0.836520190023753 0.03466824644549771 0.18254156769596205
0 0.22586887835703004 0.8295486935866984 0.03150868878357038 0.16562945368171025
0 0.2487677725118484 0.7170665083135391 0.03782780410742504 0.11286223277909735
0 0.8005529225908373 0.7796912114014252 0.15086887835703003 0.44061757719714967
0 0.33886255924170616 0.7796912114014252 0.09794628751974724 0.44061757719714967
0 0.6718009478672986 0.7796912114014252 0.11295418641390205 0.44061757719714967
0 0.5616113744075829 0.7796912114014252 0.13744075829383887 0.44061757719714967
0 0.4391785150078989 0.7796912114014252 0.1358609794628752 0.44061757719714967
0 0.7389415481832543 0.7589073634204275 0.08925750394944708 0.3990498812351544