0 0.32473958333333336 0.12731481481481483 0.11848958333333333 0.2050925925925926
0 0.43671875 0.1287037037037037 0.15052083333333333 0.2013888888888889
0 0.5783854166666667 0.14074074074074075 0.04010416666666667 0.059722222222222225
0 0.9872395833333333 0.38333333333333336 0.025520833333333333 0.11296296296296296
0 0.94140625 0.034722222222222224 0.0484375 0.06944444444444445
0 0.6609375 0.15324074074074073 0.049479166666666664 0.125
0 0.7084635416666667 0.23078703703703704 0.04296875 0.22453703703703703
0 0.7110677083333333 0.10810185185185185 0.04296875 0.12731481481481483
0 0.7109375 0.018518518518518517 0.0375 0.037037037037037035
0 0.6783854166666666 0.017592592592592594 0.03802083333333333 0.03518518518518519
0 0.6576822916666667 0.2967592592592593 0.045572916666666664 0.18981481481481483
0 0.971484375 0.13125 0.04296875 0.16898148148148148
0 0.8028645833333333 0.23541666666666666 0.041666666666666664 0.16898148148148148
0 0.7625 0.22268518518518518 0.036458333333333336 0.18518518518518517
0 0.84375 0.06018518518518518 0.042708333333333334 0.12037037037037036
0 0.8098958333333334 0.05462962962962963 0.040625 0.10925925925925926
0 0.78125 0.06157407407407407 0.0375 0.12314814814814815
0 0.8106770833333333 0.39814814814814814 0.0546875 0.08333333333333333
0 0.875 0.3587962962962963 0.04791666666666667 0.16203703703703703
0 0.8541666666666666 0.01990740740740741 0.035416666666666666 0.03981481481481482
0 0.39817708333333335 0.9 0.0984375 0.2
0 0.8697916666666666 0.9680555555555556 0.05625 0.06388888888888888
0 0.9135416666666667 0.5078703703703704 0.049479166666666664 0.125
0 0.9610677083333333 0.5854166666666667 0.04296875 0.22453703703703703
0 0.9635416666666666 0.4828703703703704 0.042708333333333334 0.08611111111111111
0 0.9102864583333333 0.6513888888888889 0.045572916666666664 0.18981481481481483
0 0.9184895833333333 0.9217592592592593 0.0390625 0.15648148148148147
0 0.9674479166666666 0.9388888888888889 0.05572916666666667 0.12222222222222222
0 0.9802083333333333 0.8939814814814815 0.03958333333333333 0.21203703703703702
0 0.7161458333333334 0.4842592592592593 0.03229166666666667 0.08888888888888889
0 0.70234375 0.5268518518518519 0.044270833333333336 0.17407407407407408
0 0.7462239583333333 0.5287037037037037 0.03515625 0.16666666666666666
0 0.7729166666666667 0.5981481481481481 0.0390625 0.17592592592592593
0 0.7670572916666667 0.7497685185185186 0.045572916666666664 0.2152777777777778
0 0.6446614583333333 0.5784722222222223 0.037760416666666664 0.18287037037037038