0 0.10576923076923077 0.3060747663551402 0.21153846153846154 0.37538940809968846
0 0.3098776223776224 0.2834890965732087 0.15996503496503497 0.34968847352024923
0 0.18312937062937062 0.3014018691588785 0.08828671328671328 0.3177570093457944
0 0.20192307692307693 0.16043613707165108 0.08391608391608392 0.20794392523364486
0 0.3173076923076923 0.13707165109034267 0.033216783216783216 0.1838006230529595
0 0.3063811188811189 0.15031152647975077 0.05332167832167832 0.18769470404984423
0 0.14903846153846154 0.21884735202492211 0.030594405594405596 0.09579439252336448
0 0.004370629370629371 0.19003115264797507 0.008741258741258742 0.05529595015576324
0 0.2508741258741259 0.21105919003115264 0.022727272727272728 0.09735202492211838
0 0.2875874125874126 0.2484423676012461 0.033216783216783216 0.08878504672897196
0 0.26136363636363635 0.8566978193146417 0.22552447552447552 0.2866043613707165
0 0.2749125874125874 0.7180685358255452 0.030594405594405596 0.07242990654205607
0 0.050699300699300696 0.852803738317757 0.10139860139860139 0.29439252336448596
0 0.10358391608391608 0.7725856697819314 0.10052447552447552 0.15965732087227413
0 0.1271853146853147 0.7538940809968847 0.056818181818181816 0.1573208722741433
0 0.23470279720279721 0.7242990654205608 0.08304195804195805 0.14018691588785046
0 0.7403846153846154 0.823208722741433 0.03277972027972028 0.045171339563862926
0 0.7242132867132867 0.8099688473520249 0.021853146853146852 0.017133956386292833
0 0.7032342657342657 0.8107476635514018 0.016608391608391608 0.018691588785046728
0 0.7880244755244755 0.8208722741433022 0.021853146853146852 0.04127725856697819
0 0.8107517482517482 0.8247663551401869 0.038461538461538464 0.056074766355140186
0 0.9020979020979021 0.8520249221183801 0.07867132867132867 0.11682242990654206