0 0.36925133689839573 0.2585551330798479 0.26122994652406417 0.44106463878326996
0 0.19144385026737967 0.29515209125475284 0.25882352941176473 0.3678707224334601
0 0.996524064171123 0.23431558935361216 0.006951871657754011 0.13878326996197718
0 0.763903743315508 0.2214828897338403 0.10053475935828877 0.10931558935361217
0 0.2505347593582888 0.8856939163498099 0.05080213903743316 0.2115019011406844
0 0.2772727272727273 0.7751901140684411 0.0481283422459893 0.22338403041825095
0 0.3767379679144385 0.5532319391634981 0.051871657754010696 0.1482889733840304
0 0.43823529411764706 0.5403992395437263 0.051871657754010696 0.12262357414448669
0 0.489572192513369 0.5199619771863118 0.040106951871657755 0.0817490494296578
0 0.5192513368983958 0.5152091254752852 0.0481283422459893 0.07224334600760456
0 0.5550802139037433 0.5057034220532319 0.0481283422459893 0.053231939163498096
0 0.5566844919786096 0.6135931558935361 0.045989304812834225 0.20437262357414449
0 0.5668449197860963 0.5579847908745247 0.025668449197860963 0.15779467680608364
0 0.008288770053475936 0.5945817490494296 0.016577540106951873 0.21387832699619772
0 0.021657754010695186 0.8403041825095057 0.04331550802139037 0.21673003802281368
0 0.025935828877005348 0.5803231939163498 0.0427807486631016 0.19486692015209126
0 0.0606951871657754 0.6397338403041825 0.034759358288770054 0.1758555133079848
0 0.09344919786096256 0.6302281368821293 0.04946524064171123 0.21387832699619772
0 0.07245989304812835 0.5261406844106464 0.045454545454545456 0.094106463878327
0 0.4521390374331551 0.9220532319391636 0.06149732620320856 0.155893536121673
0 0.5425133689839572 0.9657794676806084 0.05508021390374331 0.06844106463878327
0 0.9494652406417112 0.8179657794676806 0.1 0.36406844106463876
0 0.913903743315508 0.6796577946768061 0.06657754010695187 0.08887832699619772
0 0.836096256684492 0.7666349809885932 0.08048128342245989 0.25475285171102663
0 0.7681818181818182 0.6787072243346007 0.04331550802139037 0.06131178707224334
0 0.681283422459893 0.6939163498098859 0.05614973262032086 0.0717680608365019
0 0.596524064171123 0.7224334600760456 0.033689839572192515 0.16017110266159695
0 0.6692513368983958 0.7647338403041825 0.09090909090909091 0.10456273764258556
0 0.6590909090909091 0.8973384030418251 0.1588235294117647 0.20532319391634982
0 0.8109625668449197 0.8498098859315589 0.1927807486631016 0.30038022813688214