0 0.35359116022099446 0.17337917485265225 0.013259668508287293 0.02504911591355599
0 0.8011049723756906 0.3388998035363458 0.04033149171270718 0.16404715127701375
0 0.04060773480662983 0.8256385068762279 0.08121546961325966 0.18418467583497053
0 0.11574585635359116 0.7588408644400786 0.13591160220994475 0.21218074656188604
0 0.21629834254143646 0.7141453831041258 0.11519337016574585 0.1606090373280943
0 0.42320441988950275 0.656679764243615 0.11629834254143646 0.2504911591355599
0 0.3419889502762431 0.9111001964636543 0.16464088397790055 0.17779960707269155
0 0.4900552486187845 0.8713163064833006 0.15248618784530388 0.2568762278978389
0 0.8535911602209945 0.9336935166994106 0.049723756906077346 0.13261296660117877
0 0.793646408839779 0.5569744597249509 0.05138121546961326 0.07465618860510806
0 0.7509668508287293 0.7323182711198428 0.05386740331491713 0.19646365422396855
0 0.6874309392265193 0.6967092337917485 0.05386740331491713 0.21365422396856582
0 0.637292817679558 0.6679764243614931 0.034806629834254144 0.18664047151277013
0 0.6770718232044199 0.5348722986247544 0.03591160220994475 0.030451866404715127
0 0.6486187845303868 0.5314341846758349 0.0430939226519337 0.023575638506876228
0 0.9208563535911602 0.5947937131630648 0.04558011049723757 0.14734774066797643
0 0.9151933701657459 0.5496070726915521 0.04806629834254143 0.05992141453831041
0 0.9842541436464088 0.581532416502947 0.03149171270718232 0.1237721021611002