0 0.6418079096045197 0.20824949698189135 0.015536723163841809 0.13229376257545272
0 0.08531073446327683 0.12474849094567404 0.026836158192090395 0.04879275653923541
0 0.6652542372881356 0.35714285714285715 0.031073446327683617 0.16498993963782696
0 0.9374293785310734 0.1954225352112676 0.05790960451977401 0.20875251509054327
0 0.9727401129943503 0.16775653923541248 0.043785310734463276 0.2137826961770624
0 0.9675141242937854 0.04778672032193159 0.05367231638418079 0.09557344064386318
0 0.8887005649717514 0.056841046277665994 0.04519774011299435 0.11368209255533199
0 0.9245762711864407 0.056841046277665994 0.04124293785310734 0.11368209255533199
0 0.8214689265536723 0.079476861167002 0.04971751412429379 0.158953722334004
0 0.7700564971751412 0.13757545271629779 0.0480225988700565 0.20875251509054327
0 0.4189265536723164 0.7927565392354124 0.11553672316384181 0.41398390342052316
0 0.31949152542372883 0.8229376257545271 0.11016949152542373 0.35412474849094566
0 0.14491525423728813 0.8033199195171026 0.13531073446327685 0.3933601609657948
0 0.9742937853107345 0.6151911468812877 0.05141242937853107 0.35110663983903423