0 0.20101351351351351 0.2852852852852853 0.09121621621621621 0.25825825825825827
0 0.6385135135135135 0.22447447447447447 0.2972972972972973 0.44894894894894893
0 0.9772128378378379 0.5656456456456457 0.03212837837837835 0.026186186186186268
0 0.8903969594594595 0.5663213213213213 0.017280405405405437 0.015525525525525573
0 0.9664780405405405 0.566996996996997 0.020793918918918828 0.0288888888888889
0 0.6405743243243244 0.575533033033033 0.027770270270270268 0.054969969969969994
0 0.8495692567567568 0.5781831831831832 0.023462837837837813 0.045255255255255235
0 0.8667145270270271 0.5816366366366367 0.027347972972973065 0.03714714714714716
0 0.533293918918919 0.5810285285285286 0.03618243243243246 0.1080030030030031
0 0.9162077702702702 0.5819369369369369 0.01822635135135129 0.01972972972972971
0 0.608277027027027 0.5852327327327327 0.0341216216216216 0.09539039039039035
0 0.8826182432432432 0.5903153153153153 0.02537162162162159 0.04249249249249242
0 0.8998057432432431 0.5945945945945946 0.01582770270270271 0.03903903903903904
0 0.9133192567567566 0.6037837837837838 0.025962837837837847 0.03339339339339341