0 0.5101180438448567 0.21696696696696696 0.11973018549747048 0.26576576576576577
0 0.4565767284991568 0.2012012012012012 0.11087689713322091 0.2972972972972973
0 0.1918212478920742 0.1966966966966967 0.09738617200674536 0.16516516516516516
0 0.21163575042158517 0.22372372372372373 0.10750421585160203 0.2515015015015015
0 0.9055649241146712 0.05855855855855856 0.01854974704890388 0.08408408408408409
0 0.9232715008431703 0.06156156156156156 0.016863406408094434 0.08108108108108109
0 0.8001686340640809 0.43318318318318316 0.01854974704890388 0.07957957957957958
0 0.8132377740303541 0.4016516516516517 0.012647554806070826 0.06456456456456457
0 0.934654300168634 0.6696696696696697 0.021079258010118045 0.0990990990990991
0 0.9106239460370995 0.5915915915915916 0.02866779089376054 0.07507507507507508
0 0.7866779089376054 0.40540540540540543 0.01854974704890388 0.07807807807807808
0 0.8195615514333895 0.4527027027027027 0.013490725126475547 0.06456456456456457