0 0.41425992779783394 0.1696642685851319 0.3104693140794224 0.3393285371702638
0 0.18276173285198555 0.16546762589928057 0.3655234657039711 0.33093525179856115
0 0.29422382671480146 0.9976019184652278 0.01444043321299639 0.004796163069544364
0 0.3067960288808664 0.8541486810551558 0.016642599277978388 0.05860911270983227
0 0.2645126353790614 0.9006954436450839 0.014377256317689588 0.06565947242206234
0 0.025180505415162435 0.9242565947242207 0.03488267148014439 0.04613908872901681
0 0.1223375451263538 0.8723860911270984 0.02591155234657043 0.03899280575539566
0 0.1648014440433213 0.8478057553956835 0.02072202166064985 0.029448441247002334
0 0.1733032490974729 0.824052757793765 0.01246389891696746 0.024028776978417224
0 0.18588447653429607 0.842925659472422 0.012716606498194873 0.05514388489208634
0 0.1973465703971119 0.8474340527577937 0.01643501805054155 0.05423261390887292
0 0.19222924187725632 0.812158273381295 0.007969314079422318 0.02244604316546766
0 0.20336642599277982 0.814220623501199 0.009268953068592042 0.0237290167865707
0 0.22645306859205774 0.8357074340527578 0.009467509025270767 0.044484412470023875
0 0.22584837545126354 0.814652278177458 0.01188628158844772 0.021774580335731514
0 0.5175180505415162 0.6740047961630695 0.009657039711191378 0.032721822541966386
0 0.5035018050541517 0.6691007194244604 0.012310469314079513 0.02580335731414866
0 0.7621841155234657 0.8615107913669064 0.10379061371841156 0.27697841726618705