0 0.2199074074074074 0.28497942386831276 0.4398148148148148 0.5699588477366255
0 0.9097222222222222 0.31995884773662553 0.18055555555555555 0.49948559670781895
0 0.3116319444444444 0.7998971193415638 0.18113425925925927 0.4002057613168724
0 0.12152777777777778 0.8431069958847737 0.10271990740740741 0.31378600823045266
0 0.7870370370370371 0.7073045267489712 0.05497685185185185 0.1388888888888889
0 0.9317129629629629 0.6918724279835391 0.043402777777777776 0.19547325102880658
0 0.8998842592592593 0.684156378600823 0.052083333333333336 0.19032921810699588
0 0.8605324074074074 0.6640946502057613 0.052083333333333336 0.1882716049382716
0 0.6112557870370371 0.6880144032921811 0.044849537037037035 0.18261316872427982
0 0.6530671296296297 0.6512345679012346 0.036458333333333336 0.16255144032921812
0 0.5523726851851852 0.647633744855967 0.04918981481481482 0.15534979423868311
0 0.9832175925925926 0.7767489711934157 0.03356481481481482 0.22633744855967078
0 0.8420138888888888 0.7857510288065843 0.05497685185185185 0.24434156378600824
0 0.8333333333333334 0.8577674897119342 0.06365740740740741 0.24434156378600824
0 0.6083622685185185 0.73559670781893 0.04195601851851852 0.1748971193415638
0 0.6087962962962963 0.9012345679012346 0.06944444444444445 0.19753086419753085