0 0.6022099447513812 0.05992141453831041 0.028729281767955802 0.11984282907662082
0 0.5511049723756906 0.06335952848722987 0.04143646408839779 0.12082514734774066
0 0.8928176795580111 0.12328094302554027 0.06408839779005525 0.2406679764243615
0 0.7969613259668509 0.13064833005893908 0.058011049723756904 0.26129666011787817
0 0.912707182320442 0.224950884086444 0.1005524861878453 0.2691552062868369
0 0.5845303867403315 0.2779960707269155 0.13480662983425415 0.4223968565815324
0 0.0830110497237569 0.7888015717092338 0.05110497237569061 0.22593320235756384
0 0.055248618784530384 0.8929273084479371 0.056353591160221 0.21414538310412573
0 0.40193370165745856 0.918958742632613 0.06464088397790055 0.16208251473477406
0 0.2708563535911602 0.619351669941061 0.05110497237569061 0.2013752455795678
0 0.35925414364640884 0.5984774066797642 0.05662983425414365 0.2038310412573674
0 0.393646408839779 0.5825147347740668 0.042541436464088395 0.18664047151277013
0 0.44337016574585636 0.5162082514734774 0.037016574585635356 0.054027504911591355
0 0.687292817679558 0.7863457760314342 0.37458563535911604 0.42730844793713163
0 0.9041436464088398 0.7858546168958742 0.042541436464088395 0.06532416502946954
0 0.9229281767955801 0.7996070726915521 0.04143646408839779 0.07269155206286837