0 0.25717703349282295 0.4147727272727273 0.2240829346092504 0.48863636363636365
0 0.8369218500797448 0.14772727272727273 0.06937799043062201 0.29545454545454547
0 0.8572567783094099 0.06178977272727273 0.049441786283891544 0.12357954545454546
0 0.08492822966507177 0.8004261363636364 0.037480063795853266 0.21164772727272727
0 0.18022328548644337 0.7975852272727273 0.03349282296650718 0.17755681818181818
0 0.2196969696969697 0.7982954545454546 0.037480063795853266 0.17897727272727273
0 0.26036682615629986 0.7947443181818182 0.0342902711323764 0.18323863636363635
0 0.32575757575757575 0.75 0.03907496012759171 0.10227272727272728
0 0.017942583732057416 0.8188920454545454 0.03269537480063796 0.22585227272727273
0 0.14872408293460926 0.8046875 0.029505582137161084 0.19176136363636365
0 0.050239234449760764 0.7997159090909091 0.04146730462519936 0.18181818181818182
0 0.28189792663476876 0.9616477272727273 0.06937799043062201 0.07670454545454546