0 0.7148148148148148 0.14992977528089887 0.5703703703703704 0.29985955056179775
0 0.3482510288065844 0.6955337078651685 0.02565432098765438 0.0750842696629214
0 0.39313168724279834 0.8172963483146067 0.024691358024691357 0.08637640449438203
0 0.4032427983539095 0.6303932584269663 0.016872427983539096 0.06889747191011229
0 0.3834979423868313 0.8595856741573034 0.02395884773662562 0.08000000000000006
0 0.3462674897119341 0.6319522471910112 0.015748971193415444 0.07285814606741572
0 0.39958847736625513 0.831811797752809 0.02139917695473251 0.0625
0 0.2346131687242799 0.46532303370786515 0.00767078189300425 0.052022471910112306
0 0.18065843621399177 0.4621699438202247 0.006312757201646151 0.04680477528089894
0 0.0816502057613169 0.4591924157303371 0.012082304526749023 0.025126404494382002
0 0.15180658436213987 0.6415098314606742 0.016049382716049384 0.05828651685393258
0 0.06662962962962966 0.47594101123595506 0.01010288065843629 0.029599719101123658
0 0.18702057613168727 0.5436376404494382 0.01558847736625519 0.030077247191011184
0 0.3277983539094651 0.5639887640449438 0.011518518518518428 0.06110955056179774
0 0.1520576131687243 0.42521067415730335 0.011111111111111112 0.04424157303370786
0 0.08879423868312757 0.48221910112359545 0.009991769547325184 0.026594101123595427
0 0.2769670781893004 0.598876404494382 0.018530864197530948 0.06917837078651684
0 0.31851851851851853 0.3146067415730337 0.00823045267489712 0.02949438202247191
0 0.22870370370370371 0.47771067415730334 0.00905349794238683 0.051264044943820225
0 0.2111934156378601 0.4896699438202247 0.009489711934156356 0.04675561797752804
0 0.1369958847736626 0.5633707865168539 0.016366255144032914 0.03946629213483149
0 0.1649711934156379 0.6265660112359551 0.016872427983539096 0.05407303370786517
0 0.17669547325102877 0.4176615168539326 0.006687242798353909 0.041776685393258434
0 0.265275720164609 0.48376404494382025 0.00823045267489712 0.04002808988764045
0 0.41702469135802467 0.36525983146067414 0.009876543209876543 0.059691011235955056
0 0.17531275720164607 0.5314044943820225 0.011522633744855968 0.03155196629213488
0 0.2844279835390946 0.4832654494382022 0.007818930041152264 0.047050561797752806
0 0.3345679012345679 0.31179775280898875 0.01316872427983539 0.023876404494382022
0 0.16888065843621403 0.507436797752809 0.012037037037037037 0.02893960674157306
0 0.1205761316872428 0.49156601123595506 0.014814814814814815 0.04915730337078652
0 0.24790946502057618 0.626502808988764 0.009390946502057494 0.0676404494382022
0 0.31234567901234567 0.31355337078651685 0.00823045267489712 0.027387640449438203
0 0.13679012345679017 0.5057935393258427 0.011419753086419753 0.04070926966292137
0 0.07340740740740745 0.6508567415730337 0.021304526748971184 0.048904494382022545
0 0.08389711934156374 0.6382092696629214 0.015139917695473236 0.04608146067415723
0 0.11043209876543206 0.6238061797752809 0.02297530864197528 0.04817415730337072
0 0.02846090534979427 0.40071629213483145 0.00975720164609055 0.02966994382022472
0 0.2432839506172839 0.6347401685393258 0.01095884773662556 0.059845505617977544
0 0.2126707818930041 0.5616362359550562 0.013473251028806494 0.03882724719101121
0 0.2251399176954733 0.5564536516853933 0.014164609053497972 0.05059691011235952
0 0.20165843621399177 0.4629283707865169 0.011000000000000008 0.049957865168539395
0 0.19819341563786014 0.45875 0.014246913580246868 0.05160814606741573
0 0.16213991769547326 0.4250842696629214 0.010547325102880704 0.03907303370786524
0 0.006790123456790123 0.4581039325842697 0.01178189300411527 0.02857443820224723
0 0.01979835390946498 0.462935393258427 0.012921810699588514 0.025589887640449477
0 0.07269547325102885 0.5117766853932584 0.010514403292181144 0.02636938202247188
0 0.08215637860082309 0.5123665730337079 0.01079423868312758 0.028476123595505585
0 0.1261275720164609 0.542563202247191 0.018325102880658518 0.03924157303370794
0 0.14704115226337447 0.5683286516853933 0.015456790123456767 0.05894662921348318
0 0.15999588477366253 0.5228721910112359 0.013740740740740876 0.026355337078651665
0 0.19710288065843623 0.5493539325842697 0.017390946502057702 0.03878511235955057
0 0.2143333333333333 0.46400280898876406 0.009296296296296356 0.04908005617977535
0 0.18414814814814814 0.4558497191011236 0.009827160493827206 0.051214887640449486
0 0.26582716049382715 0.4702598314606741 0.006399176954732585 0.038314606741573
0 0.2949547325102881 0.4495435393258427 0.011086419753086442 0.03903089887640444
0 0.38116460905349797 0.6287008426966292 0.019790123456790182 0.07030196629213475
0 0.3515473251028807 0.598251404494382 0.012008230452675017 0.06553370786516849
0 0.3043744855967079 0.6491643258426966 0.014102880658436394 0.07863764044943822
0 0.2854320987654321 0.7171558988764045 0.02519341563786019 0.08610252808988757
0 0.2062427983539095 0.8014817415730336 0.026921810699588506 0.08848314606741572
0 0.22052674897119345 0.801502808988764 0.020251028806584376 0.06870786516853943
0 0.11565020576131686 0.9411235955056181 0.03571193415637868 0.09983848314606747
0 0.14579423868312755 0.89936797752809 0.0282139917695473 0.09197331460674144
0 0.13703703703703704 0.9620786516853933 0.027160493827160494 0.07584269662921349
0 0.3759958847736626 0.6300491573033709 0.017090534979423762 0.073939606741573
0 0.38612757201646086 0.702626404494382 0.024407407407407572 0.07947331460674162
0 0.258477366255144 0.48466292134831457 0.012390946502057479 0.04717696629213488
0 0.19046913580246919 0.7116783707865169 0.030000000000000037 0.0844101123595506
0 0.25246913580246916 0.6787008426966292 0.020481481481481476 0.08029494382022466
0 0.1800411522633745 0.9599719101123596 0.03497942386831276 0.0800561797752809
0 0.08868312757201646 0.988061797752809 0.028395061728395062 0.023876404494382022
0 0.36611111111111116 0.8502598314606742 0.023106995884773513 0.0818750000000001
0 0.2962839506172841 0.745554775280899 0.028362139917695504 0.08531601123595506
0 0.3589341563786008 0.8402036516853932 0.02548148148148151 0.10082162921348325
0 0.3551316872427985 0.7408497191011236 0.031864197530864315 0.08135533707865163
0 0.3724238683127571 0.7597893258426967 0.023888888888888963 0.07601825842696629
0 0.3048436213991769 0.45299157303370785 0.009707818930041212 0.04388342696629214
0 0.28419753086419747 0.6747542134831461 0.021670781893004056 0.06740870786516855
0 0.2850329218106996 0.606811797752809 0.018440329218106972 0.09003511235955058
0 0.2902510288065843 0.6390098314606741 0.013423868312757157 0.06384129213483151
0 0.3411522633744856 0.5907584269662921 0.014115226337448635 0.06260533707865175
0 0.1615637860082304 0.9332373595505619 0.025613168724279746 0.08042837078651699
0 0.2517078189300412 0.616179775280899 0.01415226337448573 0.07046348314606736
0 0.2391769547325103 0.6302036516853933 0.010913580246913572 0.055990168539325855
0 0.21942386831275723 0.4910252808988764 0.007633744855966966 0.04833567415730332
0 0.13462551440329212 0.41615870786516856 0.009637860082304557 0.044522471910112424
0 0.18698353909465015 0.37799157303370784 0.008176954732510244 0.034578651685393265
0 0.0817695473251029 0.41726825842696635 0.0076008230452674075 0.030147471910112404
0 0.09102880658436216 0.4123244382022472 0.011534979423868394 0.049627808988764094
0 0.32366255144032924 0.3107443820224719 0.011111111111111112 0.021769662921348316
0 0.4205761316872428 0.8398876404494382 0.01810699588477366 0.08286516853932584
0 0.7465020576131687 0.6650280898876404 0.03662551440329218 0.19803370786516855
0 0.7843621399176954 0.5540730337078652 0.0242798353909465 0.07584269662921349
0 0.8207818930041152 0.5568820224719101 0.034156378600823045 0.07408707865168539