0 0.22049180327868853 0.23469387755102042 0.1918032786885246 0.40816326530612246
0 0.1413934426229508 0.23396501457725946 0.18114754098360655 0.4096209912536443
0 0.06598360655737705 0.14723032069970846 0.05 0.2944606413994169
0 0.10655737704918032 0.15743440233236153 0.04590163934426229 0.31486880466472306
0 0.17049180327868851 0.08163265306122448 0.05245901639344262 0.16326530612244897
0 0.2959016393442623 0.10349854227405247 0.054098360655737705 0.20699708454810495
0 0.425 0.19169096209912537 0.08114754098360656 0.22448979591836735
0 0.47540983606557374 0.14431486880466474 0.05245901639344262 0.1151603498542274
0 0.5053278688524591 0.10787172011661808 0.03934426229508197 0.05539358600583091
0 0.5450819672131147 0.24708454810495628 0.0680327868852459 0.37244897959183676
0 0.7139344262295082 0.260932944606414 0.08155737704918033 0.35495626822157433
0 0.7270491803278688 0.07580174927113703 0.04672131147540984 0.04008746355685131
0 0.8237704918032787 0.20845481049562684 0.05327868852459016 0.30685131195335275
0 0.9836065573770492 0.22886297376093295 0.03278688524590164 0.4045189504373178
0 0.9336065573770492 0.14650145772594753 0.05204918032786885 0.1989795918367347
0 0.8848360655737705 0.0706997084548105 0.030737704918032786 0.04591836734693878
0 0.8635245901639345 0.09912536443148688 0.040983606557377046 0.10422740524781342
0 0.6709016393442623 0.09475218658892129 0.036065573770491806 0.05612244897959184
0 0.6401639344262295 0.09766763848396501 0.01557377049180328 0.04081632653061224
0 0.6241803278688525 0.21793002915451895 0.08524590163934426 0.28644314868804666
0 0.37418032786885247 0.09329446064139942 0.009016393442622951 0.04081632653061224
0 0.1389344262295082 0.857871720116618 0.24672131147540985 0.28425655976676384