0 0.8299203640500569 0.13765182186234817 0.11945392491467577 0.21912955465587045
0 0.9104095563139932 0.19838056680161945 0.16552901023890784 0.2631578947368421
0 0.6682309442548351 0.8643724696356275 0.0611490329920364 0.23279352226720648
0 0.22383390216154722 0.7062246963562753 0.0540386803185438 0.22520242914979757
0 0.25227531285551763 0.5885627530364372 0.051194539249146756 0.23785425101214575
0 0.3282138794084187 0.35020242914979755 0.05233219567690557 0.04048582995951417
0 0.40273037542662116 0.42864372469635625 0.06257110352673492 0.19736842105263158
0 0.6021046643913538 0.4354757085020243 0.042662116040955635 0.21002024291497975
0 0.5685437997724687 0.4084008097165992 0.047212741751990896 0.15688259109311742
0 0.4655858930602958 0.3770242914979757 0.042662116040955635 0.09412955465587045
0 0.5059726962457338 0.37550607287449395 0.04152445961319681 0.09109311740890688
0 0.45349829351535836 0.680921052631579 0.06399317406143344 0.2403846153846154
0 0.03299203640500569 0.3643724696356275 0.04550625711035267 0.06882591093117409
0 0.015358361774744027 0.5617408906882592 0.030716723549488054 0.2408906882591093
0 0.15329920364050056 0.3476720647773279 0.047212741751990896 0.0354251012145749
0 0.5423777019340159 0.8314777327935222 0.059726962457337884 0.2682186234817814
0 0.5302901023890785 0.7163461538461539 0.05546075085324232 0.2049595141700405
0 0.9183731513083049 0.7125506072874493 0.09869169510807736 0.4686234817813765
0 0.850967007963595 0.7054655870445344 0.07792946530147896 0.4665991902834008
0 0.7898179749715586 0.7095141700404858 0.06456200227531285 0.4665991902834008