0 0.695010183299389 0.28877551020408165 0.12321792260692464 0.5775510204081633
0 0.6476578411405295 0.5265306122448979 0.03665987780040733 0.4448979591836735
0 0.7296334012219959 0.5193877551020408 0.20061099796334012 0.45918367346938777
0 0.9821792260692465 0.5163265306122449 0.035641547861507125 0.46530612244897956
0 0.9460285132382892 0.23469387755102042 0.1079429735234216 0.4204081632653061
0 0.8004073319755601 0.18775510204081633 0.09979633401221996 0.37551020408163266
0 0.8294297352342159 0.33979591836734696 0.12118126272912423 0.5448979591836735
0 0.939918533604888 0.5142857142857142 0.09368635437881874 0.44081632653061226
0 0.8528513238289206 0.5510204081632653 0.10896130346232179 0.3551020408163265
0 0.909877800407332 0.09489795918367347 0.0560081466395112 0.18979591836734694
0 0.540224032586558 0.8469387755102041 0.06975560081466395 0.053061224489795916
0 0.4791242362525458 0.9132653061224489 0.18431771894093688 0.16938775510204082
0 0.34775967413441955 0.9214285714285714 0.11303462321792261 0.15714285714285714
0 0.3167006109979633 0.9153061224489796 0.07484725050916496 0.1683673469387755
0 0.27342158859470467 0.8459183673469388 0.15936863543788188 0.13877551020408163
0 0.1664969450101833 0.8581632653061224 0.08044806517311609 0.1346938775510204