0 0.6229066985645934 0.3930851063829787 0.10586124401913875 0.052127659574468084
0 0.7066387559808612 0.0898936170212766 0.08552631578947369 0.1797872340425532
0 0.9360047846889952 0.07234042553191489 0.08133971291866028 0.14468085106382977
0 0.8041267942583732 0.07819148936170213 0.07476076555023924 0.15638297872340426
0 0.6432416267942583 0.06968085106382979 0.07236842105263158 0.13936170212765958
0 0.8776913875598086 0.07340425531914893 0.07476076555023924 0.14680851063829786
0 0.5227272727272727 0.7728723404255319 0.09419856459330143 0.4542553191489362
0 0.2840909090909091 0.8079787234042554 0.11004784688995216 0.3840425531914894
0 0.11273923444976076 0.8127659574468085 0.10466507177033493 0.37446808510638296
0 0.24192583732057416 0.7978723404255319 0.07535885167464115 0.40425531914893614
0 0.3714114832535885 0.8 0.09120813397129186 0.399468085106383
0 0.4437799043062201 0.7867021276595745 0.10376794258373205 0.42659574468085104
0 0.17912679425837322 0.8297872340425532 0.06489234449760765 0.3404255319148936
0 0.895933014354067 0.9175531914893617 0.05382775119617225 0.16489361702127658
0 0.8310406698564593 0.47925531914893615 0.05562200956937799 0.1202127659574468
0 0.8325358851674641 0.43670212765957445 0.05861244019138756 0.035106382978723406
0 0.6584928229665071 0.6196808510638298 0.04485645933014354 0.20212765957446807
0 0.6255980861244019 0.6117021276595744 0.05382775119617225 0.19680851063829788
0 0.5909090909090909 0.5898936170212766 0.041866028708133975 0.19680851063829788
0 0.7048444976076556 0.4553191489361702 0.038875598086124404 0.07234042553191489
0 0.6740430622009569 0.45159574468085106 0.04665071770334928 0.06489361702127659
0 0.6345693779904307 0.4595744680851064 0.05382775119617225 0.08085106382978724
0 0.9626196172248804 0.47127659574468084 0.05203349282296651 0.10425531914893617
0 0.7205442583732058 0.7074468085106383 0.05233253588516747 0.23404255319148937
0 0.5819377990430622 0.7164893617021276 0.023923444976076555 0.2521276595744681
0 0.5798444976076556 0.7909574468085107 0.019736842105263157 0.2521276595744681
0 0.9747308612440191 0.5917553191489362 0.049342105263157895 0.1675531914893617
0 0.816238038277512 0.6329787234042553 0.05532296650717703 0.19680851063829788