0 0.059694793536804305 0.17971246006389777 0.07675044883303411 0.17092651757188498
0 0.1189407540394973 0.12779552715654952 0.06418312387791741 0.21485623003194887
0 0.1436265709156194 0.11900958466453675 0.03500897666068223 0.15415335463258786
0 0.18043087971274685 0.10143769968051118 0.047127468581687613 0.10862619808306709
0 0.18043087971274685 0.04952076677316294 0.04488330341113106 0.04472843450479233
0 0.20197486535008977 0.08626198083067092 0.024685816876122084 0.10942492012779553
0 0.21588868940754039 0.09984025559105432 0.019299820466786355 0.11661341853035144
0 0.2710951526032316 0.12140575079872204 0.017055655296229804 0.10862619808306709
0 0.23967684021543986 0.1134185303514377 0.017055655296229804 0.1134185303514377
0 0.24730700179533213 0.13338658146964857 0.050718132854578095 0.134185303514377
0 0.29308797127468583 0.14456869009584664 0.024685816876122084 0.07348242811501597
0 0.3173249551166966 0.14936102236421725 0.019299820466786355 0.06869009584664537
0 0.3303411131059246 0.12859424920127796 0.01570915619389587 0.023961661341853034
0 0.2841113105924596 0.12460063897763578 0.011220825852782765 0.04313099041533546
0 0.3397666068222621 0.14057507987220447 0.01481149012567325 0.03274760383386582
0 0.46903052064631956 0.43929712460063897 0.027827648114901255 0.09904153354632587
0 0.1485637342908438 0.4992012779552716 0.05475763016157989 0.1805111821086262
0 0.03052064631956912 0.4424920127795527 0.025134649910233394 0.09904153354632587
0 0.8855475763016158 0.8458466453674122 0.18402154398563733 0.3083067092651757