0 0.6749448123620309 0.34260895170789163 0.02748344370860927 0.09349234393404005
0 0.8745033112582782 0.2790047114252061 0.024282560706401765 0.09040047114252062
0 0.8616997792494481 0.2318904593639576 0.022958057395143488 0.09555359246171967
0 0.8338852097130243 0.04284452296819788 0.023620309050772628 0.05683156654888104
0 0.8345474613686534 0.019287396937573614 0.025055187637969094 0.03857479387514723
0 0.6963576158940398 0.10792108362779741 0.024282560706401765 0.05491755005889282
0 0.7196467991169978 0.1419316843345112 0.021081677704194262 0.09849823321554771
0 0.720971302428256 0.08804475853945819 0.021081677704194262 0.055800942285041226
0 0.623841059602649 0.06007067137809187 0.017218543046357615 0.05889281507656066
0 0.7208609271523179 0.02841578327444052 0.018432671081677704 0.05683156654888104
0 0.6245033112582782 0.013839811542991754 0.013576158940397352 0.02767962308598351
0 0.6947019867549669 0.1709363957597173 0.022295805739514347 0.08333333333333333
0 0.698896247240618 0.30197290930506476 0.019205298013245033 0.09349234393404005
0 0.5995584988962472 0.08141931684334511 0.016004415011037526 0.071113074204947
0 0.6143487858719647 0.11704946996466431 0.017218543046357615 0.07317432273262663
0 0.627373068432671 0.14752650176678445 0.019205298013245033 0.07714958775029446
0 0.7658940397350993 0.1439929328621908 0.02041942604856512 0.07420494699646643
0 0.7461368653421634 0.13839811542991756 0.017880794701986755 0.0812720848056537
0 0.786092715231788 0.057567726737338044 0.021081677704194262 0.07214369846878681
0 0.7706401766004415 0.01693168433451119 0.017328918322295807 0.033716136631330974
0 0.7694260485651214 0.05256183745583039 0.01975717439293598 0.07214369846878681
0 0.7554083885209713 0.057567726737338044 0.018543046357615896 0.07420494699646643
0 0.8939293598233996 0.030035335689045935 0.01456953642384106 0.06007067137809187
0 0.9047461368653421 0.026354534746760895 0.014790286975717439 0.05270906949352179
0 0.9543046357615894 0.04637809187279152 0.017880794701986755 0.06595995288574794
0 0.6373068432671082 0.05653710247349823 0.017218543046357615 0.07008244994110718
0 0.6107064017660044 0.021937573616018845 0.01401766004415011 0.04387514723203769
0 0.9901766004415011 0.13059481743227327 0.019646799116997793 0.08657243816254417
0 0.7292494481236204 0.2669316843345112 0.02748344370860927 0.09643698468786809
0 0.769757174392936 0.24352179034157834 0.02682119205298013 0.09246171967020024
0 0.8013245033112583 0.21348645465253238 0.023620309050772628 0.10159010600706714
0 0.948896247240618 0.10541813898704358 0.021081677704194262 0.06802120141342756
0 0.9869757174392936 0.24852767962308597 0.026048565121412803 0.09628975265017668
0 0.923289183222958 0.13883981154299174 0.021081677704194262 0.07008244994110718
0 0.9270419426048565 0.02841578327444052 0.01456953642384106 0.05683156654888104
0 0.5846578366445916 0.12926972909305065 0.0217439293598234 0.0812720848056537
0 0.5669977924944812 0.13177267373380447 0.01975717439293598 0.07818021201413428
0 0.6309050772626932 0.2236454652532391 0.024944812362030905 0.09555359246171967
0 0.7084988962472406 0.31507656065959955 0.025496688741721854 0.10571260306242639
0 0.7911699779249448 0.030624263839811542 0.017218543046357615 0.05491755005889282
0 0.6401766004415012 0.020318021201413426 0.01534216335540839 0.04063604240282685
0 0.9730684326710817 0.10541813898704358 0.021081677704194262 0.06802120141342756
0 0.977924944812362 0.13987043580683156 0.022958057395143488 0.08436395759717315
0 0.8690949227373068 0.08907538280329799 0.018543046357615896 0.07420494699646643
0 0.7091611479028698 0.038869257950530034 0.019205298013245033 0.071113074204947
0 0.42538631346578365 0.5800942285041225 0.03730684326710817 0.10306242638398115
0 0.6749448123620309 0.8841283863368669 0.02748344370860927 0.1239693757361602
0 0.8745033112582782 0.7999116607773852 0.024282560706401765 0.11984687868080095
0 0.8616997792494481 0.7373380447585395 0.022958057395143488 0.12661955241460543
0 0.8338852097130243 0.48674911660777387 0.023620309050772628 0.07538280329799764
0 0.8345474613686534 0.4555359246171967 0.025055187637969094 0.05123674911660778
0 0.6963576158940398 0.5730270906949352 0.024282560706401765 0.07273262661955242
0 0.7196467991169978 0.6180800942285041 0.021081677704194262 0.13059481743227327
0 0.720971302428256 0.5466725559481743 0.021081677704194262 0.07405771495877503
0 0.623841059602649 0.5097173144876325 0.017218543046357615 0.07818021201413428
0 0.6243929359823399 0.44817432273262664 0.013465783664459162 0.03651354534746761
0 0.6947019867549669 0.65650765606596 0.022295805739514347 0.11042402826855123
0 0.698896247240618 0.8302414605418139 0.019205298013245033 0.1239693757361602
0 0.5995584988962472 0.5379858657243817 0.016004415011037526 0.09422850412249706
0 0.6143487858719647 0.5851001177856302 0.017218543046357615 0.09702591283863368
0 0.627373068432671 0.6254416961130742 0.019205298013245033 0.10232626619552415
0 0.7658940397350993 0.6207302709069493 0.02041942604856512 0.0983510011778563
0 0.7461368653421634 0.6133686690223793 0.017880794701986755 0.10777385159010601
0 0.786092715231788 0.5063309776207303 0.021081677704194262 0.09570082449941107
0 0.7706401766004415 0.45229681978798586 0.017328918322295807 0.0447585394581861
0 0.7694260485651214 0.4995583038869258 0.01975717439293598 0.09570082449941107
0 0.7554083885209713 0.5063309776207303 0.018543046357615896 0.0983510011778563
0 0.9047461368653421 0.4649587750294464 0.014790286975717439 0.07008244994110718
0 0.6373068432671082 0.5050058892815077 0.017218543046357615 0.09290341578327443
0 0.6107064017660044 0.45906949352179033 0.01401766004415011 0.05815665488810365
0 0.9869757174392936 0.7594228504122497 0.026048565121412803 0.12765017667844522
0 0.6309050772626932 0.7265901060070671 0.024944812362030905 0.12661955241460543
0 0.7911699779249448 0.4705535924617197 0.017218543046357615 0.07273262661955242
0 0.6401766004415012 0.45686101295641934 0.01534216335540839 0.053886925795053005
0 0.7091611479028698 0.48144876325088337 0.019205298013245033 0.09422850412249706
0 0.932560706401766 0.4746760895170789 0.01534216335540839 0.08083038869257951
0 0.9497792494481236 0.4752650176678445 0.019205298013245033 0.09025323910482921
0 0.7311258278145696 0.48939929328621906 0.01975717439293598 0.09702591283863368
0 0.8077262693156733 0.7373380447585395 0.024944812362030905 0.1428150765606596
0 0.7729580573951434 0.730565371024735 0.028145695364238412 0.12117196702002356
0 0.7299116997792494 0.7616313309776207 0.02748344370860927 0.1239693757361602
0 0.571523178807947 0.6269140164899882 0.022295805739514347 0.10777385159010601
0 0.5782560706401766 0.5851001177856302 0.022958057395143488 0.09422850412249706
0 0.8834437086092716 0.535924617196702 0.0217439293598234 0.10100117785630153
0 0.9962472406181015 0.6360424028268551 0.007395143487858719 0.10512367491166077
0 0.9846578366445916 0.6350117785630153 0.022295805739514347 0.11042402826855123
0 0.9794701986754967 0.5858362779740872 0.023620309050772628 0.10100117785630153
0 0.9571743929359824 0.589075382803298 0.021081677704194262 0.09422850412249706
0 0.9367549668874172 0.6423733804475854 0.022295805739514347 0.0983510011778563