0 0.768918918918919 0.19807692307692307 0.17243243243243242 0.2423076923076923
0 0.1535135135135135 0.9360576923076923 0.05837837837837838 0.12788461538461537
0 0.537027027027027 0.7206730769230769 0.025405405405405406 0.22596153846153846
0 0.1989189189189189 0.42740384615384613 0.051351351351351354 0.12980769230769232
0 0.4482432432432432 0.4754807692307692 0.052702702702702706 0.19230769230769232
0 0.3860810810810811 0.440625 0.052702702702702706 0.2091346153846154
0 0.33405405405405403 0.4129807692307692 0.04054054054054054 0.18269230769230768
0 0.3043243243243243 0.40673076923076923 0.04864864864864865 0.175
0 0.26756756756756755 0.3971153846153846 0.04864864864864865 0.15576923076923077
0 0.2637837837837838 0.5572115384615385 0.051351351351351354 0.20673076923076922
0 0.2468918918918919 0.49591346153846155 0.0445945945945946 0.17067307692307693
0 0.04689189189189189 0.5548076923076923 0.052702702702702706 0.1971153846153846
0 0.03472972972972973 0.409375 0.041891891891891894 0.17067307692307693
0 0.07378378378378378 0.38509615384615387 0.03405405405405405 0.13173076923076923
0 0.37189189189189187 0.8949519230769231 0.062162162162162166 0.2091346153846154
0 0.28054054054054056 0.9394230769230769 0.055135135135135134 0.12115384615384615
0 0.22054054054054054 0.8504807692307692 0.051351351351351354 0.24519230769230768