0 0.11957796014067995 0.25521920668058456 0.1354044548651817 0.46868475991649267
0 0.2552754982415006 0.255741127348643 0.15533411488862836 0.4264091858037578
0 0.5055685814771395 0.04749478079331942 0.05451348182883939 0.09498956158663883
0 0.8212192262602579 0.18945720250521922 0.05568581477139507 0.1409185803757829
0 0.7677315357561547 0.27687891440501045 0.04835873388042204 0.2531315240083507
0 0.7648007033997656 0.13856993736951984 0.04835873388042204 0.14352818371607515
0 0.8248827667057445 0.3512526096033403 0.05128956623681125 0.2139874739039666
0 0.6614888628370457 0.282098121085595 0.04689331770222743 0.19050104384133612
0 0.7069167643610785 0.2677453027139875 0.041031652989449004 0.20876826722338204
0 0.6532825322391559 0.06993736951983298 0.045134818288393906 0.13987473903966596
0 0.6855216881594373 0.07776617954070981 0.04279015240328253 0.15553235908141963
0 0.9501758499413834 0.008350730688935281 0.035169988276670575 0.016701461377870562
0 0.7922039859320047 0.05167014613778706 0.043962485345838215 0.10334029227557412
0 0.7415005861664713 0.060542797494780795 0.04572098475967175 0.12108559498956159
0 0.5653575615474795 0.42954070981210857 0.056858147713950764 0.12004175365344467
0 0.9487104337631888 0.14117954070981212 0.035169988276670575 0.18006263048016702
0 0.9838804220398594 0.1278705636743215 0.03223915592028136 0.15970772442588727
0 0.9868112543962485 0.2593945720250522 0.02637749120750293 0.1722338204592902
0 0.9750879249706916 0.3977035490605428 0.049824150058616644 0.17745302713987474
0 0.9616060961313013 0.46346555323590816 0.049824150058616644 0.05219206680584551
0 0.5977432590855803 0.13074112734864302 0.039566236811254395 0.18528183716075156
0 0.5890973036342321 0.04749478079331942 0.03985932004689332 0.09498956158663883
0 0.6336459554513482 0.4201461377870564 0.05275498241500586 0.13883089770354906
0 0.7470691676436108 0.44363256784968685 0.050996483001172335 0.0918580375782881
0 0.1764361078546307 0.7552192066805845 0.3528722157092614 0.48956158663883087
0 0.7133645955451349 0.7068893528183716 0.02940797186400942 0.16758872651357