0 0.8956916099773242 0.02448609431680774 0.014512471655328799 0.04897218863361548
0 0.8719954648526077 0.032799274486094314 0.016666666666666666 0.05592503022974607
0 0.8726757369614513 0.016324062877871828 0.016213151927437643 0.032648125755743655
0 0.895124716553288 0.2528718258766626 0.019160997732426303 0.10716444981862153
0 0.9054421768707483 0.3106106408706167 0.021315192743764172 0.1175937122128174
0 0.7434240362811791 0.3851269649334946 0.020294784580498867 0.10822249093107618
0 0.7912698412698412 0.1626360338573156 0.021315192743764172 0.09658403869407498
0 0.7782312925170068 0.14978839177750908 0.016099773242630386 0.09900241837968561
0 0.780045351473923 0.07708585247883917 0.019727891156462583 0.07920193470374849
0 0.7884353741496599 0.05955259975816203 0.013492063492063493 0.0838875453446191
0 0.8011337868480726 0.06831922611850061 0.01507936507936508 0.07572551390568319
0 0.7595238095238095 0.11139661426844015 0.014058956916099773 0.05003022974607013
0 0.7029478458049887 0.11955864570737605 0.01507936507936508 0.08494558645707376
0 0.7071428571428572 0.09567714631197098 0.01507936507936508 0.0838875453446191
0 0.687641723356009 0.12832527206771463 0.016666666666666666 0.08842200725513906
0 0.7208616780045352 0.044437726723095525 0.015532879818594105 0.07920193470374849
0 0.7051020408163265 0.04383313180169287 0.014058956916099773 0.0687726723095526
0 0.6928571428571428 0.046251511487303505 0.013492063492063493 0.0804111245465538
0 0.6803854875283447 0.057889963724304716 0.013492063492063493 0.07572551390568319
0 0.667687074829932 0.06605199516324063 0.016099773242630386 0.07103990326481258
0 0.7017006802721089 0.027962515114873035 0.013492063492063493 0.05592503022974607
0 0.7792517006802722 0.3251209189842805 0.020294784580498867 0.1163845223700121
0 0.823469387755102 0.4407496977025393 0.023809523809523808 0.07799274486094317
0 0.8329931972789115 0.4153567110036276 0.026984126984126985 0.12227932285368803
0 0.8293650793650794 0.1609733978234583 0.02074829931972789 0.10021160822249094
0 0.8337868480725623 0.06363361547762998 0.020294784580498867 0.09204957678355502
0 0.9977324263038548 0.24017533252720677 0.0045351473922902496 0.08615477629987908
0 0.9718820861678005 0.23080411124546554 0.020294784580498867 0.11411729141475212
0 0.9831065759637189 0.217956469165659 0.017687074829931974 0.11185006045949214
0 0.9945578231292517 0.12303506650544135 0.010770975056689343 0.08298065296251511
0 0.984920634920635 0.12363966142684402 0.01292517006802721 0.0838875453446191
0 0.9752834467120182 0.12137243047158404 0.015532879818594105 0.0908403869407497
0 0.9638321995464852 0.15039298669891174 0.012471655328798186 0.08615477629987908
0 0.9529478458049887 0.14978839177750908 0.017687074829931974 0.094316807738815
0 0.9638321995464852 0.10973397823458284 0.010430839002267574 0.05123941958887546
0 0.9648526077097506 0.040810157194679564 0.01145124716553288 0.08146916565900847
0 0.9540816326530612 0.04186819830713422 0.015192743764172336 0.08373639661426845
0 0.949092970521542 0.08056227327690448 0.016099773242630386 0.08146916565900847
0 0.9471655328798186 0.032648125755743655 0.013492063492063493 0.06514510278113664
0 0.9337868480725624 0.034613059250302294 0.012471655328798186 0.06635429262394196
0 0.9111111111111111 0.034461910519951636 0.016213151927437643 0.06892382103990327
0 0.6370748299319728 0.28204353083434097 0.021315192743764172 0.1094316807738815
0 0.7248299319727891 0.08237605804111245 0.01292517006802721 0.0804111245465538
0 0.6761904761904762 0.09870012091898428 0.01870748299319728 0.0804111245465538
0 0.867687074829932 0.4238210399032648 0.026984126984126985 0.11185006045949214
0 0.26360544217687076 0.5172309552599759 0.027891156462585033 0.07496977025392987
0 0.30419501133786847 0.5154171704957679 0.028798185941043084 0.07134220072551391
0 0.40793650793650793 0.5574365175332527 0.030612244897959183 0.09401451027811367