0 0.3480960264900662 0.3174435028248588 0.012624172185430464 0.06885593220338983
0 0.3158112582781457 0.3156779661016949 0.016556291390728478 0.06885593220338983
0 0.29677152317880795 0.3163841807909605 0.013865894039735099 0.06673728813559322
0 0.2727649006622517 0.3174435028248588 0.013865894039735099 0.06497175141242938
0 0.1423841059602649 0.2616525423728814 0.026490066225165563 0.01977401129943503
0 0.5970612582781457 0.4735169491525424 0.014486754966887417 0.06038135593220339
0 0.6125827814569537 0.4569209039548023 0.016556291390728478 0.05790960451977401
0 0.7067466887417219 0.4551553672316384 0.011175496688741722 0.05296610169491525
0 0.7057119205298014 0.4297316384180791 0.010140728476821192 0.046610169491525424
0 0.7206125827814569 0.4272598870056497 0.012210264900662252 0.04766949152542373
0 0.7237168874172185 0.4166666666666667 0.00869205298013245 0.04519774011299435
0 0.8185016556291391 0.5190677966101694 0.015107615894039736 0.06179378531073446
0 0.7855960264900662 0.3891242937853107 0.006622516556291391 0.0480225988700565
0 0.7593129139072847 0.3319209039548023 0.011175496688741722 0.04519774011299435
0 0.6961920529801324 0.2701271186440678 0.0074503311258278145 0.033545197740113
0 0.7040562913907285 0.2754237288135593 0.007657284768211921 0.026836158192090395
0 0.7038493377483444 0.2584745762711864 0.006622516556291391 0.028954802259887006
0 0.6276903973509934 0.2641242937853107 0.00869205298013245 0.03001412429378531
0 0.6018211920529801 0.3132062146892655 0.013245033112582781 0.03884180790960452
0 0.5943708609271523 0.3234463276836158 0.009105960264900662 0.03919491525423729
0 0.028352649006622516 0.993997175141243 0.03269867549668874 0.012005649717514125
0 0.5815397350993378 0.6786723163841808 0.016556291390728478 0.0748587570621469
0 0.5692508278145695 0.7908403954802259 0.024834437086092714 0.08686440677966102
0 0.5757450331125827 0.6458333333333334 0.02152317880794702 0.07274011299435028
0 0.5595612582781457 0.8333686440677965 0.024097682119205405 0.08045197740113
0 0.5219370860927153 0.625 0.015728476821192054 0.031073446327683617
0 0.5757450331125827 0.8054378531073446 0.02152317880794702 0.06285310734463277
0 0.3263658940397351 0.626412429378531 0.016142384105960264 0.03389830508474576
0 0.3396109271523179 0.6175847457627118 0.01697019867549669 0.016242937853107344
0 0.24751655629139072 0.6285310734463276 0.02152317880794702 0.038135593220338986
0 0.2580711920529801 0.6214689265536724 0.015314569536423841 0.02401129943502825
0 0.2847682119205298 0.6147598870056498 0.023178807947019868 0.01059322033898305
0 0.12561258278145696 0.6432485875706215 0.027139900662251724 0.06050847457627123
0 0.11196192052980132 0.6334745762711864 0.01697019867549669 0.0480225988700565
0 0.42611754966887416 0.6253531073446328 0.021937086092715233 0.03177966101694915
0 0.5496688741721855 0.6257062146892656 0.019867549668874173 0.03248587570621469
0 0.4782698675496689 0.6214689265536724 0.014486754966887417 0.02401129943502825
0 0.49746688741721856 0.6783545197740113 0.02533940397351004 0.08658898305084739
0 0.3861051324503311 0.7902542372881356 0.027077814569536455 0.08898305084745763
0 0.395989238410596 0.7949858757062147 0.020368377483443723 0.06909604519774022
0 0.2670653973509934 0.7710310734463277 0.03591887417218551 0.1004025423728814
0 0.3049668874172185 0.7643855932203389 0.028377483443708586 0.09249293785310721
0 0.31505380794701987 0.9275211864406779 0.038965231788079605 0.1093997175141242
0 0.46233443708609273 0.9583333333333334 0.033112582781456956 0.08333333333333333
0 0.5604304635761589 0.6398305084745762 0.0173841059602649 0.06073446327683616
0 0.3776490066225166 0.6855084745762712 0.026382450331125736 0.07723163841807902
0 0.3970943708609272 0.6703177966101694 0.0206001655629139 0.08074858757062141
0 0.4370240066225165 0.8752401129943502 0.035111754966887385 0.1205296610169492
0 0.44778559602649004 0.940247175141243 0.04504966887417224 0.11777542372881354
0 0.5141514900662252 0.8363629943502825 0.02324089403973495 0.08233757062146903
0 0.4890769867549669 0.7717161016949152 0.04507036423841073 0.0857980225988699
0 0.5021109271523179 0.8162358757062147 0.025629139072847713 0.10139124293785322
0 0.5101779801324503 0.7752330508474576 0.022740066225165584 0.04764830508474562
0 0.49051324503311255 0.817252824858757 0.024027317880794777 0.05759180790960465
0 0.4329470198675497 0.6200564971751412 0.02152317880794702 0.0211864406779661
0 0.7965645695364238 0.804731638418079 0.4068708609271523 0.3905367231638418