0 0.26675977653631283 0.34244532803180916 0.45251396648044695 0.5934393638170974
0 0.4877094972067039 0.3513916500994036 0.2435754189944134 0.5755467196819085
0 0.7226256983240223 0.3374751491053678 0.11787709497206704 0.6033797216699801
0 0.8340782122905028 0.34542743538767395 0.10418994413407821 0.5874751491053678
0 0.8988826815642458 0.3702783300198807 0.060335195530726256 0.5377733598409543
0 0.9748603351955307 0.4309145129224652 0.05027932960893855 0.33101391650099404
0 0.28547486033519553 0.786779324055666 0.05251396648044693 0.2952286282306163
0 0.23100558659217876 0.7987077534791253 0.05307262569832402 0.3190854870775348
0 0.16254748603351957 0.7990556660039762 0.04337430167597758 0.29017892644135196
0 0.015106145251396627 0.7720079522862823 0.025402234636871395 0.1632007952286283
0 0.8139664804469273 0.8613320079522863 0.04581005586592179 0.21968190854870775