0 0.7505494505494505 0.1630859375 0.06675824175824176 0.22802734375
0 0.8027472527472528 0.1708984375 0.056593406593406594 0.24072265625
0 0.9090659340659341 0.1845703125 0.0673076923076923 0.21923828125
0 0.8557692307692307 0.18603515625 0.06043956043956044 0.22216796875
0 0.6931318681318681 0.18701171875 0.06510989010989011 0.25732421875
0 0.9653846153846154 0.18701171875 0.06428571428571428 0.18408203125
0 0.6398351648351648 0.1923828125 0.05576923076923077 0.1884765625
0 0.5879120879120879 0.28271484375 0.05576923076923077 0.412109375
0 0.7384615384615385 0.37060546875 0.07527472527472527 0.34619140625
0 0.9686813186813187 0.37060546875 0.06263736263736264 0.3740234375
0 0.6777472527472528 0.3720703125 0.07115384615384615 0.3525390625
0 0.6137362637362638 0.376953125 0.0782967032967033 0.35546875
0 0.8027472527472528 0.37841796875 0.06593406593406594 0.32177734375
0 0.859065934065934 0.38232421875 0.05879120879120879 0.3232421875
0 0.910989010989011 0.384765625 0.06208791208791209 0.32763671875
0 0.6005494505494505 0.68994140625 0.05054945054945055 0.2216796875
0 0.5804945054945055 0.80908203125 0.04120879120879121 0.2470703125
0 0.9873626373626374 0.92578125 0.025274725274725275 0.1484375
0 0.9070054945054945 0.83984375 0.05357142857142857 0.244140625
0 0.7648351648351648 0.9501953125 0.07142857142857142 0.099609375
0 0.6730769230769231 0.96484375 0.07142857142857142 0.0703125