0 0.7254237288135593 0.3271186440677966 0.11186440677966102 0.0847457627118644
0 0.7632203389830509 0.12023728813559321 0.12111864406779667 0.19769491525423727
0 0.5372881355932203 0.7432203389830508 0.06440677966101695 0.4957627118644068
0 0.4076271186440678 0.7076271186440678 0.07542372881355933 0.5016949152542373
0 0.44152542372881354 0.7101694915254237 0.06864406779661017 0.47711864406779664
0 0.27372881355932205 0.6483050847457628 0.08983050847457627 0.46271186440677964
0 0.10423728813559321 0.6279661016949153 0.07457627118644068 0.5161016949152543
0 0.04152542372881356 0.5838983050847457 0.07966101694915254 0.4288135593220339
0 0.5915254237288136 0.7838983050847458 0.07457627118644068 0.4322033898305085
0 0.5949152542372881 0.4457627118644068 0.04406779661016949 0.15254237288135594
0 0.7516949152542373 0.7322033898305085 0.16440677966101694 0.535593220338983
0 0.8313559322033899 0.85 0.3135593220338983 0.3