0 0.8680851063829788 0.013705103969754254 0.0425531914893617 0.027410207939508508
0 0.9275265957446809 0.41776937618147447 0.04920212765957447 0.21739130434782608
0 0.9539893617021277 0.4924385633270321 0.054787234042553194 0.15500945179584122
0 0.6615691489361702 0.23464083175803402 0.05452127659574468 0.19612476370510398
0 0.6283244680851063 0.208648393194707 0.041223404255319146 0.2008506616257089
0 0.6327127659574469 0.07041587901701324 0.05053191489361702 0.14083175803402648
0 0.5804521276595744 0.1306710775047259 0.03590425531914894 0.10160680529300567
0 0.6167553191489362 0.4985822306238185 0.05053191489361702 0.14272211720226843
0 0.4853723404255319 0.06947069943289225 0.0398936170212766 0.1389413988657845
0 0.46382978723404256 0.06474480151228733 0.00851063829787234 0.12948960302457466
0 0.9712765957446808 0.03733459357277883 0.036170212765957444 0.07466918714555766
0 0.7074468085106383 0.08104914933837429 0.0425531914893617 0.15359168241965973
0 0.6734042553191489 0.07892249527410208 0.03829787234042553 0.15784499054820417
0 0.7704787234042553 0.1001890359168242 0.04627659574468085 0.2003780718336484
0 0.8191489361702128 0.1802930056710775 0.04521276595744681 0.19612476370510398
0 0.27925531914893614 0.7849716446124764 0.349468085106383 0.43005671077504726