0 0.1586387434554974 0.6247672253258846 0.3172774869109948 0.4823091247672253
0 0.4816753926701571 0.5963687150837989 0.2761780104712042 0.44972067039106145
0 0.2767015706806283 0.6191806331471136 0.1261780104712042 0.40875232774674114
0 0.3036649214659686 0.43808193668528866 0.11989528795811519 0.26675977653631283
0 0.468586387434555 0.40782122905027934 0.04738219895287958 0.23696461824953446
0 0.45314136125654453 0.4250465549348231 0.07617801047120419 0.24115456238361266
0 0.2280104712041885 0.5125698324022346 0.043717277486910996 0.12290502793296089
0 0.01387434554973822 0.4757914338919926 0.0274869109947644 0.0712290502793296
0 0.37356020942408374 0.5027932960893855 0.032460732984293195 0.12476722532588454
0 0.4261780104712042 0.5512104283054003 0.04738219895287958 0.11405959031657356
0 0.6832460732984293 0.62756052141527 0.04790575916230366 0.33752327746741156