0 0.5440199335548173 0.34551495016611294 0.11129568106312292 0.38870431893687707
0 0.4069767441860465 0.3280730897009967 0.3488372093023256 0.42358803986710963
0 0.13538205980066445 0.30481727574750833 0.2707641196013289 0.4700996677740864
0 0.1569767441860465 0.21179401993355482 0.313953488372093 0.42358803986710963
0 0.8554817275747508 0.27408637873754155 0.09966777408637874 0.09634551495016612
0 0.7466777408637874 0.2749169435215947 0.1079734219269103 0.0946843853820598
0 0.6420265780730897 0.276578073089701 0.07807308970099668 0.08803986710963455
0 0.3803986710963455 0.5988372093023255 0.03322259136212625 0.11794019933554817
0 0.4227574750830565 0.5614617940199336 0.018272425249169437 0.04318936877076412
0 0.29983388704318936 0.5822259136212624 0.03488372093023256 0.08471760797342193
0 0.7491694352159468 0.7774086378737541 0.29900332225913623 0.44518272425249167
0 0.8471760797342193 0.7699335548172758 0.30564784053156147 0.4601328903654485