0 0.34972067039106147 0.07554671968190854 0.12849162011173185 0.15059642147117297
0 0.45558659217877095 0.07256461232604373 0.13324022346368716 0.14463220675944333
0 0.602513966480447 0.06908548707753479 0.15810055865921788 0.13817097415506957
0 0.7195530726256983 0.0621272365805169 0.10642458100558659 0.12176938369781312
0 0.8550279329608939 0.02584493041749503 0.09245810055865922 0.05168986083499006
0 0.7972067039106145 0.05715705765407555 0.06424581005586592 0.04224652087475149
0 0.5854748603351956 0.44681908548707755 0.0446927374301676 0.05467196819085487
0 0.5236033519553073 0.8846918489065606 0.051675977653631286 0.2286282306163022
0 0.49553072625698324 0.9408548707753479 0.05698324022346369 0.11829025844930417
0 0.8029329608938548 0.6920974155069582 0.05726256983240224 0.2062624254473161
0 0.8378491620111732 0.6647614314115308 0.04329608938547486 0.21123260437375746
0 0.8329608938547486 0.5094433399602386 0.05307262569832402 0.16898608349900596
0 0.8881284916201118 0.5827534791252486 0.03770949720670391 0.10685884691848907
0 0.8494413407821229 0.9473161033797217 0.05307262569832402 0.10536779324055666
0 0.9835195530726257 0.5054671968190855 0.0329608938547486 0.17196819085487078
0 0.47737430167597766 0.4716699801192843 0.037430167597765365 0.10437375745526839
0 0.28938547486033517 0.8851888667992047 0.03910614525139665 0.22962226640159045
0 0.2748603351955307 0.8633200795228628 0.01005586592178771 0.2514910536779324
0 0.35460893854748604 0.6970675944333996 0.04329608938547486 0.2062624254473161
0 0.3210893854748603 0.6908548707753479 0.040502793296089384 0.19383697813121273
0 0.32318435754189945 0.6063618290258449 0.030726256983240222 0.10934393638170974
0 0.29245810055865923 0.6312127236580517 0.0335195530726257 0.19383697813121273
0 0.35460893854748604 0.5504473161033797 0.046089385474860335 0.16650099403578528
0 0.36005586592178773 0.47664015904572565 0.037430167597765365 0.1143141153081511
0 0.7547486033519553 0.5305666003976143 0.0446927374301676 0.16153081510934394
0 0.7903631284916202 0.5218687872763419 0.040502793296089384 0.17892644135188868
0 0.6604748603351955 0.6523359840954275 0.04888268156424581 0.2062624254473161
0 0.6884078212290503 0.5492047713717694 0.04888268156424581 0.21371769383697814
0 0.3972067039106145 0.4517892644135189 0.0335195530726257 0.06461232604373758