0 0.3778040141676505 0.38865546218487396 0.022136953955135773 0.06775210084033613
0 0.3420897284533648 0.3949579831932773 0.01475796930342385 0.04884453781512605
0 0.3231995277449823 0.3918067226890756 0.01357733175914994 0.051995798319327734
0 0.20306965761511217 0.38918067226890757 0.020956316410861865 0.06302521008403361
0 0.01475796930342385 0.4254201680672269 0.0295159386068477 0.17647058823529413
0 0.31139315230224324 0.38287815126050423 0.01475796930342385 0.04411764705882353
0 0.070543093270366 0.3792016806722689 0.010920897284533649 0.04884453781512605
0 0.2396694214876033 0.37710084033613445 0.010920897284533649 0.03308823529411765
0 0.22933884297520662 0.37342436974789917 0.012396694214876033 0.04096638655462185
0 0.26859504132231404 0.37342436974789917 0.012396694214876033 0.03466386554621849
0 0.1446280991735537 0.37184873949579833 0.012396694214876033 0.037815126050420166
0 0.06080283353010626 0.3802521008403361 0.01357733175914994 0.051995798319327734
0 0.047225501770956316 0.3707983193277311 0.010920897284533649 0.03623949579831933
0 0.730814639905549 0.8986344537815126 0.06375442739079103 0.2027310924369748
0 0.5985832349468713 0.5772058823529411 0.07083825265643448 0.11449579831932773
0 0.7995867768595041 0.5509453781512605 0.04427390791027155 0.06197478991596639
0 0.9538075560802833 0.7276785714285714 0.06641086186540732 0.2494747899159664
0 0.8615702479338843 0.8723739495798319 0.06198347107438017 0.2552521008403361
0 0.8741145218417946 0.7644432773109243 0.05755608028335301 0.21271008403361344