0 0.6366231647634584 0.20652173913043478 0.08727569331158239 0.17028985507246377
0 0.5664763458401305 0.23115942028985506 0.2092169657422512 0.21231884057971015
0 0.21818923327895595 0.21594202898550724 0.18066884176182707 0.2876811594202899
0 0.09420880913539967 0.24420289855072463 0.14885807504078302 0.2710144927536232
0 0.36867862969004894 0.2398550724637681 0.4604404567699837 0.32028985507246377
0 0.8262642740619902 0.24347826086956523 0.2137030995106036 0.3130434782608696
0 0.5517944535073409 0.768840579710145 0.33278955954323003 0.39565217391304347
0 0.28874388254486133 0.7884057971014493 0.2137030995106036 0.42318840579710143
0 0.11419249592169657 0.7528985507246376 0.22838499184339314 0.49420289855072463
0 0.7504078303425775 0.5297101449275362 0.06035889070146819 0.2594202898550725
0 0.9677814029363785 0.4826086956521739 0.06443719412724307 0.16521739130434782