0 0.28454231433506044 0.41615384615384615 0.34628670120898103 0.3676923076923077
0 0.7530224525043178 0.32 0.2560449050086356 0.56
0 0.10276338514680483 0.8746153846153846 0.20552677029360966 0.24769230769230768
0 0.09196891191709844 0.82 0.18393782383419688 0.36
0 0.19645941278065632 0.84 0.07599309153713299 0.3192307692307692
0 0.24827288428324698 0.8523076923076923 0.06001727115716753 0.18692307692307691
0 0.29490500863557856 0.8669230769230769 0.13903281519861832 0.26615384615384613
0 0.3290155440414508 0.9376923076923077 0.13126079447322972 0.12461538461538461
0 0.40414507772020725 0.8215384615384616 0.10233160621761658 0.26153846153846155
0 0.47322970639032813 0.84 0.09326424870466321 0.3076923076923077
0 0.29490500863557856 0.7423076923076923 0.06088082901554404 0.13615384615384615
0 0.17616580310880828 0.71 0.03670120898100173 0.08538461538461538