0 0.9461883408071748 0.4342105263157895 0.10762331838565023 0.33157894736842103
0 0.852017937219731 0.4355263157894737 0.1031390134529148 0.32894736842105265
0 0.7488789237668162 0.43157894736842106 0.1031390134529148 0.3368421052631579
0 0.625560538116592 0.43026315789473685 0.14349775784753363 0.3394736842105263
0 0.5482062780269058 0.4394736842105263 0.19506726457399104 0.32105263157894737
0 0.2713004484304933 0.8 0.21524663677130046 0.4
0 0.46860986547085204 0.8776315789473684 0.13901345291479822 0.24473684210526317
0 0.8352017937219731 0.875 0.07399103139013453 0.25
0 0.7869955156950673 0.8144736842105263 0.05829596412556054 0.1394736842105263
0 0.7387892376681614 0.8184210526315789 0.06053811659192825 0.12105263157894737
0 0.7062780269058296 0.8223684210526315 0.03139013452914798 0.10789473684210527
0 0.5908071748878924 0.8157894736842105 0.0515695067264574 0.12105263157894737
0 0.5392376681614349 0.8039473684210526 0.06502242152466367 0.11842105263157894
0 0.649103139013453 0.8671052631578947 0.07399103139013453 0.2394736842105263