0 0.6783411488862837 0.087160751565762 0.05422039859320047 0.14613778705636743
0 0.6770222743259086 0.038100208768267224 0.05744431418522861 0.07620041753653445
0 0.9830011723329426 0.25417536534446766 0.03399765533411489 0.1409185803757829
0 0.940504103165299 0.30741127348643005 0.04865181711606096 0.1847599164926931
0 0.9377198124267292 0.20328810020876828 0.04835873388042204 0.14352818371607515
0 0.9378663540445487 0.061586638830897704 0.04220398593200469 0.12317327766179541
0 0.9745017584994138 0.060542797494780795 0.04279015240328253 0.12108559498956159
0 0.47567409144196954 0.055323590814196244 0.038100820633059786 0.11064718162839249
0 0.5127491207502931 0.2593945720250522 0.04835873388042204 0.16701461377870563
0 0.5193434935521688 0.10542797494780794 0.038100820633059786 0.1304801670146138
0 0.9859320046893317 0.354384133611691 0.02813599062133646 0.09081419624217119
0 0.7617233294255569 0.3684759916492693 0.056858147713950764 0.06263048016701461
0 0.6446365767878077 0.22938413361169102 0.04835873388042204 0.19050104384133612
0 0.8341148886283705 0.325678496868476 0.04689331770222743 0.14822546972860126
0 0.8798358733880423 0.3136743215031315 0.041031652989449004 0.1722338204592902
0 0.7936694021101993 0.03966597077244259 0.035169988276670575 0.07933194154488518
0 0.7882473622508792 0.125 0.04835873388042204 0.18528183716075156
0 0.8235638921453693 0.031837160751565764 0.03985932004689332 0.06367432150313153
0 0.8263481828839391 0.11195198329853862 0.045427901524032824 0.18528183716075156
0 0.8585873388042204 0.125 0.04249706916764361 0.19050104384133612
0 0.5407385697538101 0.06576200417536535 0.03341148886283705 0.1315240083507307
0 0.5158264947245017 0.05636743215031315 0.03399765533411489 0.1127348643006263
0 0.3168229777256741 0.8105427974947808 0.08499413833528723 0.18058455114822547
0 0.08968347010550996 0.7797494780793319 0.179073856975381 0.40970772442588727
0 0.205158264947245 0.7395615866388309 0.10023446658851114 0.2620041753653445
0 0.22596717467760843 0.5433194154488518 0.12192262602579132 0.17014613778705637
0 0.36313012895662367 0.6033402922755741 0.17262602579132474 0.23903966597077245
0 0.6661781946072685 0.9337160751565762 0.05568581477139507 0.1325678496868476
0 0.6954865181711606 0.8627348643006263 0.05275498241500586 0.2453027139874739
0 0.7590855803048066 0.42484342379958245 0.053927315357561546 0.05010438413361169
0 0.5936400937866354 0.5495824634655533 0.04835873388042204 0.16701461377870563
0 0.5999413833528722 0.430062630480167 0.038100820633059786 0.060542797494780795
0 0.9056271981242673 0.8997912317327766 0.059788980070339975 0.20041753653444677
0 0.8427608440797186 0.7531315240083507 0.05715123094958968 0.25052192066805845
0 0.72552754982415 0.519572025052192 0.04835873388042204 0.19050104384133612
0 0.9152989449003517 0.6370041753653445 0.04689331770222743 0.19050104384133612
0 0.9607268464243846 0.622651356993737 0.041031652989449004 0.20876826722338204
0 0.8689917936694022 0.4535490605427975 0.04865181711606096 0.10751565762004175
0 0.9070926143024619 0.447286012526096 0.045134818288393906 0.09498956158663883
0 0.9393317702227433 0.4551148225469729 0.04279015240328253 0.11064718162839249
0 0.48300117233294254 0.4352818371607516 0.041031652989449004 0.0709812108559499
0 0.513042203985932 0.5104384133611691 0.04835873388042204 0.17745302713987474
0 0.4654161781946073 0.5010438413361169 0.031652989449003514 0.18580375782881003
0 0.45515826494724504 0.6096033402922756 0.011137162954279016 0.20876826722338204
0 0.9838804220398594 0.9144050104384134 0.03223915592028136 0.17118997912317327