0 0.8645945945945946 0.22692307692307692 0.07243243243243243 0.1110576923076923
0 0.37013513513513513 0.8067307692307693 0.05810810810810811 0.22115384615384615
0 0.2754054054054054 0.39375 0.044864864864864865 0.10865384615384616
0 0.3281081081081081 0.41923076923076924 0.04756756756756757 0.1596153846153846
0 0.31945945945945947 0.7105769230769231 0.04054054054054054 0.22115384615384615
0 0.1772972972972973 0.3817307692307692 0.043243243243243246 0.08461538461538462
0 0.21945945945945947 0.37932692307692306 0.03783783783783784 0.0798076923076923
0 0.08905405405405406 0.5447115384615384 0.052702702702702706 0.2548076923076923
0 0.48702702702702705 0.36730769230769234 0.043243243243243246 0.05576923076923077
0 0.47013513513513516 0.44375 0.052702702702702706 0.16346153846153846
0 0.4545945945945946 0.5903846153846154 0.04594594594594595 0.22115384615384615
0 0.1518918918918919 0.5086538461538461 0.04864864864864865 0.21634615384615385
0 0.2566216216216216 0.551923076923077 0.0472972972972973 0.21634615384615385
0 0.7091891891891892 0.6697115384615384 0.1581081081081081 0.6605769230769231