0 0.4731182795698925 0.07265774378585087 0.0228494623655914 0.04397705544933078
0 0.4508064516129032 0.0731357552581262 0.024193548387096774 0.038718929254302106
0 0.8612903225806452 0.5210325047801148 0.05268817204301075 0.17782026768642448
0 0.7376344086021506 0.09321223709369025 0.054838709677419356 0.1864244741873805
0 0.771236559139785 0.08126195028680688 0.04139784946236559 0.16252390057361377
0 0.8196236559139785 0.016730401529636712 0.03602150537634408 0.033460803059273424
0 0.9661290322580646 0.043021032504780114 0.03870967741935484 0.08604206500956023
0 0.9553763440860215 0.01768642447418738 0.03870967741935484 0.03537284894837476
0 0.9922043010752688 0.05353728489483748 0.015591397849462365 0.10707456978967496
0 0.7686827956989247 0.42065009560229444 0.05241935483870968 0.2390057361376673
0 0.6540322580645161 0.594168260038241 0.06182795698924731 0.03154875717017208
0 0.6295698924731182 0.5449330783938815 0.06989247311827956 0.13001912045889102
0 0.6387096774193548 0.09321223709369025 0.053763440860215055 0.1864244741873805
0 0.5521505376344086 0.5592734225621415 0.04516129032258064 0.10133843212237094
0 0.3717741935483871 0.8833652007648184 0.1446236559139785 0.2332695984703633
0 0.22096774193548388 0.8733269598470363 0.15806451612903225 0.25334608030592737
0 0.6314516129032258 0.864244741873805 0.1817204301075269 0.25239005736137665
0 0.9723118279569892 0.8494263862332696 0.0553763440860215 0.19024856596558318
0 0.9075268817204301 0.8408221797323135 0.10510752688172043 0.1782982791586998