0 0.888563829787234 0.32892249527410206 0.22287234042553192 0.4007561436672968
0 0.6146276595744681 0.29725897920604916 0.3101063829787234 0.46408317580340264
0 0.3090425531914894 0.6072778827977315 0.05053191489361702 0.1275992438563327
0 0.26050531914893615 0.6864366729678639 0.043882978723404256 0.22920604914933837
0 0.2577127659574468 0.5775047258979206 0.04414893617021277 0.09640831758034027
0 0.31236702127659577 0.753780718336484 0.04654255319148936 0.1937618147448015
0 0.3034574468085106 0.974952741020794 0.0398936170212766 0.0500945179584121
0 0.44601063829787235 0.6994328922495274 0.027127659574468086 0.17958412098298676
0 0.16409574468085106 0.6911625708884688 0.0425531914893617 0.1724952741020794
0 0.2053191489361702 0.6781663516068053 0.03723404255319149 0.1890359168241966
0 0.12207446808510639 0.5515122873345936 0.04414893617021277 0.0444234404536862
0 0.18590425531914895 0.552930056710775 0.038829787234042554 0.04725897920604915
0 0.4319148936170213 0.5491493383742911 0.036170212765957444 0.03969754253308128
0 0.2404255319148936 0.9324196597353497 0.0574468085106383 0.13516068052930058
0 0.15611702127659574 0.9073724007561437 0.05585106382978723 0.18525519848771266
0 0.09029255319148936 0.8530245746691871 0.04920212765957447 0.23629489603024575
0 0.43936170212765957 0.8766540642722117 0.04042553191489362 0.222117202268431
0 0.6481382978723405 0.720226843100189 0.07712765957446809 0.15689981096408318
0 0.9202127659574468 0.8137996219281664 0.04654255319148936 0.2575614366729679
0 0.9138297872340425 0.8416824196597353 0.055053191489361705 0.2896975425330813