0 0.4491758241758242 0.29213483146067415 0.03250915750915751 0.11142322097378277
0 0.3992673992673993 0.2340823970037453 0.05723443223443223 0.11329588014981273
0 0.9574175824175825 0.2303370786516854 0.08516483516483517 0.43820224719101125
0 0.7459157509157509 0.23537453183520599 0.09298534798534795 0.4278277153558053
0 0.4880952380952381 0.75 0.0695970695970696 0.15168539325842698
0 0.05631868131868132 0.8033707865168539 0.08333333333333333 0.39325842696629215
0 0.25503663003663 0.795880149812734 0.09065934065934066 0.40823970037453183
0 0.1804029304029304 0.8249063670411985 0.12637362637362637 0.350187265917603
0 0.024725274725274724 0.8295880149812734 0.04945054945054945 0.3408239700374532
0 0.11263736263736264 0.8398876404494382 0.07692307692307693 0.3202247191011236
0 0.5311355311355311 0.7818352059925093 0.09706959706959707 0.4363295880149813
0 0.4391025641025641 0.7855805243445693 0.15476190476190477 0.4288389513108614
0 0.32646520146520147 0.8323970037453183 0.1108058608058608 0.3352059925093633