0 0.16292134831460675 0.34 0.3258426966292135 0.68
0 0.3559390048154093 0.20142857142857143 0.06621187800963081 0.12285714285714286
0 0.7504012841091493 0.43714285714285717 0.2953451043338684 0.4857142857142857
0 0.9333868378812199 0.215 0.06019261637239166 0.18285714285714286
0 0.9113162118780096 0.13428571428571429 0.03651685393258427 0.06714285714285714
0 0.8848314606741573 0.2978571428571429 0.12439807383627609 0.3007142857142857
0 0.45786516853932585 0.535 0.1368378812199037 0.2892857142857143
0 0.46268057784911715 0.34714285714285714 0.14686998394863562 0.2985714285714286
0 0.5565810593900482 0.25285714285714284 0.11556982343499198 0.28214285714285714
0 0.6801765650080257 0.22214285714285714 0.09189406099518459 0.19785714285714287
0 0.7259229534510433 0.1792857142857143 0.04253611556982344 0.13071428571428573
0 0.778892455858748 0.15714285714285714 0.07784911717495988 0.09
0 0.7800963081861958 0.8928571428571429 0.1332263242375602 0.21428571428571427
0 0.5774478330658106 0.88 0.15329052969502407 0.24
0 0.6617174959871589 0.8821428571428571 0.10513643659711075 0.2357142857142857