0 0.2030812324929972 0.2710084033613445 0.0742296918767507 0.3746498599439776
0 0.16106442577030813 0.34663865546218486 0.06162464985994398 0.3851540616246499
0 0.12464985994397759 0.36624649859943975 0.04341736694677871 0.34523809523809523
0 0.07352941176470588 0.27521008403361347 0.03851540616246499 0.2535014005602241
0 0.08403361344537816 0.3235294117647059 0.0665266106442577 0.4215686274509804
0 0.5889355742296919 0.5014005602240896 0.07983193277310924 0.07563025210084033
0 0.6722689075630253 0.49719887955182074 0.09803921568627451 0.08403361344537816
0 0.8340336134453782 0.511204481792717 0.07983193277310924 0.056022408963585436
0 0.43557422969187676 0.5049019607843137 0.08683473389355742 0.06862745098039216
0 0.7542016806722689 0.5098039215686274 0.08823529411764706 0.058823529411764705
0 0.5154061624649859 0.5133053221288515 0.08683473389355742 0.05182072829131653
0 0.35714285714285715 0.5105042016806722 0.09243697478991597 0.05742296918767507
0 0.14495798319327732 0.7696078431372549 0.26750700280112044 0.46078431372549017
0 0.41246498599439774 0.7850140056022409 0.2668067226890756 0.37815126050420167
0 0.6946778711484594 0.8179271708683473 0.2261904761904762 0.31442577030812324
0 0.6911764705882353 0.8417366946778712 0.22338935574229693 0.27170868347338933