0 0.6009523809523809 0.2842857142857143 0.3219047619047619 0.33785714285714286
0 0.3 0.875 0.11666666666666667 0.22285714285714286
0 0.7395238095238095 0.8392857142857143 0.10761904761904761 0.3157142857142857
0 0.9804761904761905 0.7878571428571428 0.039047619047619046 0.30142857142857143
0 0.49714285714285716 0.87 0.11428571428571428 0.26
0 0.6038095238095238 0.7707142857142857 0.10285714285714286 0.34714285714285714
0 0.9404761904761905 0.8557142857142858 0.07333333333333333 0.2885714285714286
0 0.8657142857142858 0.875 0.10857142857142857 0.25
0 0.4804761904761905 0.6414285714285715 0.08095238095238096 0.10285714285714286
0 0.4533333333333333 0.6792857142857143 0.02666666666666667 0.17857142857142858
0 0.5128571428571429 0.8014285714285714 0.13428571428571429 0.3057142857142857
0 0.6728571428571428 0.7678571428571429 0.10761904761904761 0.29285714285714287
0 0.9280952380952381 0.7135714285714285 0.09428571428571429 0.19857142857142857
0 0.82 0.8264285714285714 0.0838095238095238 0.31
0 0.8623809523809524 0.6385714285714286 0.09047619047619047 0.09714285714285714
0 0.8509523809523809 0.6942857142857143 0.07714285714285714 0.2057142857142857
0 0.7671428571428571 0.6707142857142857 0.06952380952380953 0.14714285714285713
0 0.9457142857142857 0.6285714285714286 0.06857142857142857 0.07714285714285714
0 0.9890476190476191 0.6392857142857142 0.021904761904761906 0.09857142857142857
0 0.6680952380952381 0.6178571428571429 0.08666666666666667 0.055714285714285716
0 0.8204761904761905 0.6314285714285715 0.06571428571428571 0.08285714285714285
0 0.9404761904761905 0.6107142857142858 0.08857142857142856 0.041428571428571426
0 0.5585714285714286 0.7207142857142858 0.07904761904761905 0.26142857142857145
0 0.7476190476190476 0.6307142857142857 0.07809523809523809 0.08142857142857143
0 0.6409523809523809 0.6464285714285715 0.07238095238095238 0.11285714285714285