0 0.4919786096256685 0.3468253968253968 0.035650623885918005 0.24603174603174602
0 0.4318181818181818 0.38095238095238093 0.12299465240641712 0.1746031746031746
0 0.29322638146167557 0.24206349206349206 0.16131907308377896 0.36666666666666664
0 0.023618538324420676 0.32301587301587303 0.04723707664884135 0.29365079365079366
0 0.09090909090909091 0.3111111111111111 0.14616755793226383 0.31746031746031744
0 0.20365418894830659 0.3357142857142857 0.09491978609625669 0.22777777777777777
0 0.17825311942959002 0.28015873015873016 0.16399286987522282 0.35793650793650794
0 0.49866310160427807 0.12380952380952381 0.022281639928698752 0.24761904761904763
0 0.7727272727272727 0.18015873015873016 0.06327985739750445 0.12857142857142856
0 0.13413547237076648 0.5904761904761905 0.07397504456327986 0.24126984126984127
0 0.03698752228163993 0.5571428571428572 0.07397504456327986 0.1746031746031746
0 0.624777183600713 0.7515873015873016 0.15775401069518716 0.49603174603174605
0 0.7731729055258467 0.7587301587301587 0.13903743315508021 0.48253968253968255
0 0.8591800356506238 0.7801587301587302 0.08065953654188948 0.4388888888888889
0 0.963903743315508 0.8523809523809524 0.07219251336898395 0.2920634920634921