0 0.9445392491467577 0.48026315789473684 0.0608646188850967 0.11842105263157894
0 0.5002844141069397 0.3793016194331984 0.0540386803185438 0.22520242914979757
0 0.5287258248009101 0.2616396761133603 0.051194539249146756 0.23785425101214575
0 0.8449943117178612 0.07995951417004049 0.047212741751990896 0.15991902834008098
0 0.9005972696245734 0.10981781376518218 0.04977246871444824 0.2074898785425101
0 0.8910693970420933 0.42965587044534415 0.042662116040955635 0.21963562753036436
0 0.7417519908987485 0.0673076923076923 0.04550625711035267 0.1346153846153846
0 0.7861205915813424 0.06477732793522267 0.03981797497155859 0.12955465587044535
0 0.6488907849829352 0.2616396761133603 0.05546075085324232 0.2682186234817814
0 0.7263936291240045 0.24898785425101214 0.06257110352673492 0.22773279352226722
0 0.8223833902161547 0.30718623481781376 0.0611490329920364 0.23279352226720648
0 0.36803185437997726 0.08755060728744939 0.03640500568828214 0.17510121457489877
0 0.16097838452787258 0.819331983805668 0.22781569965870307 0.36082995951417
0 0.6532992036405005 0.9691295546558705 0.0676905574516496 0.06174089068825911