0 0.22314890154597233 0.2125 0.09296175752644427 0.10625
0 0.2801057770545159 0.2204861111111111 0.12713588283157037 0.18090277777777777
0 0.28152969894222946 0.19826388888888888 0.06733116354759967 0.14791666666666667
0 0.9550447518307568 0.22916666666666666 0.02644426362896664 0.10416666666666667
0 0.9438567941415785 0.0642361111111111 0.01627339300244101 0.09097222222222222
0 0.7410496338486574 0.2498055555555556 0.022172497965825873 0.08982638888888883
0 0.9790480065093572 0.21284722222222222 0.020748576078112285 0.09375
0 0.9159886086248983 0.3559027777777778 0.030512611879576892 0.08819444444444445
0 0.7894589096826689 0.24861111111111112 0.02115541090317331 0.1388888888888889
0 0.903580146460537 0.0875 0.01627339300244101 0.10972222222222222
0 0.7652359641985355 0.24696527777777785 0.02344182262001623 0.10430555555555543
0 0.9184296175752644 0.065625 0.012611879576891782 0.0798611111111111
0 0.5268958502847845 0.057298611111111106 0.015866558177379985 0.05763888888888889
0 0.9066314076484947 0.030555555555555555 0.013425549227013833 0.06111111111111111
0 0.4550447518307567 0.034027777777777775 0.01017087062652563 0.06805555555555555
0 0.5138812042310822 0.04252083333333335 0.016680227827502035 0.05347222222222222
0 0.9208706265256306 0.014583333333333334 0.015052888527257934 0.029166666666666667
0 0.8925956061838893 0.01840277777777778 0.013018714401952807 0.03680555555555556
0 0.8980878763222132 0.033680555555555554 0.013425549227013833 0.06736111111111111
0 0.8913751017087063 0.03958333333333333 0.014646053702196907 0.07777777777777778
0 0.6044019528071602 0.06654166666666671 0.02106183889340927 0.04836111111111118
0 0.5940317331163548 0.054034722222222185 0.014967453213995103 0.04556944444444437
0 0.5677990235964199 0.039791666666666635 0.022713588283157008 0.04763888888888883
0 0.7243775427176566 0.08600000000000002 0.02667615947925149 0.059500000000000046
0 0.7376037428803905 0.07210416666666669 0.016847030105776994 0.05670833333333339
0 0.531326281529699 0.006944444444444444 0.015459723352318959 0.013888888888888888
0 0.46833604556550046 0.23055555555555557 0.0266151342554923 0.0875
0 0.4534174125305126 0.21597222222222223 0.006916192026037429 0.06805555555555555
0 0.8970707892595606 0.3625 0.02034174125305126 0.075
0 0.661106590724166 0.7027777777777777 0.011594792514239219 0.06701388888888889
0 0.6908055329536208 0.7010416666666667 0.015052888527257934 0.06701388888888889
0 0.7080960130187144 0.7020833333333333 0.012815296989422294 0.06493055555555556
0 0.7302685109845403 0.7027777777777777 0.012815296989422294 0.06319444444444444
0 0.8496745321399511 0.6482638888888889 0.024410089503661515 0.019097222222222224