0 0.10326086956521739 0.42166344294003866 0.016304347826086956 0.05319148936170213
0 0.5758152173913044 0.3607350096711799 0.07853260869565218 0.2200193423597679
0 0.17418478260869566 0.6856866537717602 0.02391304347826087 0.09816247582205029
0 0.1095108695652174 0.6576402321083172 0.01684782608695652 0.06576402321083172
0 0.21358695652173912 0.660541586073501 0.021467391304347827 0.08752417794970986
0 0.35108695652173916 0.8863636363636364 0.035326086956521736 0.11121856866537717
0 0.5206521739130435 0.9758220502901354 0.058695652173913045 0.048355899419729204
0 0.9453804347826087 0.9018375241779497 0.051630434782608696 0.19632495164410058
0 0.9182065217391304 0.7993230174081238 0.04891304347826087 0.22727272727272727
0 0.6157608695652174 0.6407156673114119 0.04456521739130435 0.12282398452611218
0 0.5627717391304348 0.6663442940038685 0.04728260869565217 0.17408123791102514
0 0.5714673913043479 0.9274661508704062 0.04076086956521739 0.1450676982591876
0 0.4247282608695652 0.6349129593810445 0.029891304347826088 0.11121856866537717
0 0.7141304347826087 0.6286266924564797 0.043478260869565216 0.09864603481624758
0 0.6722826086956522 0.6262088974854932 0.03804347826086957 0.09381044487427466
0 0.4315217391304348 0.7799806576402321 0.043478260869565216 0.22727272727272727
0 0.8033967391304347 0.7993230174081238 0.05298913043478261 0.2562862669245648
0 0.7293478260869565 0.7872340425531915 0.059782608695652176 0.21760154738878143
0 0.6376358695652173 0.84284332688588 0.058423913043478264 0.22243713733075435