0 0.6298686062881277 0.2284105131414268 0.05631159080244017 0.20760325406758448
0 0.7861332707648991 0.02972465581977472 0.019709056780854058 0.05929286608260326
0 0.661661191928672 0.20713391739674594 0.02932895354293759 0.1032540675844806
0 0.5321445330830596 0.34730913642052563 0.07742843735335524 0.16332916145181478
0 0.5455185358986392 0.22778473091364204 0.039418113561708115 0.17005632040050062
0 0.5043406851243548 0.2528160200250313 0.04528390427029563 0.08635794743429287
0 0.5226419521351479 0.19352315394242803 0.024401689347724072 0.10153316645807259
0 0.9043876114500234 0.17459324155193992 0.04164711403097138 0.11842928660826033
0 0.8759971844204599 0.16458072590738423 0.04645706241201314 0.11702127659574468
0 0.31745659314875646 0.7737797246558198 0.021586109807602064 0.11921151439299124
0 0.29622243078366967 0.7756570713391739 0.027921163772876584 0.11795994993742177
0 0.4676208352885969 0.6287546933667084 0.004692632566870014 0.08667083854818523
0 0.17714687939934304 0.5452127659574468 0.020647583294228063 0.039737171464330416
0 0.10898639136555607 0.5120463078848561 0.01994368840919756 0.02409261576971214
0 0.7056546222430784 0.75 0.46891130924448615 0.5