0 0.8788135593220339 0.5608651911468813 0.05367231638418079 0.1579476861167002
0 0.8505649717514124 0.477364185110664 0.05084745762711865 0.23641851106639838
0 0.7889830508474577 0.039738430583501 0.05254237288135593 0.079476861167002
0 0.6387005649717514 0.25980885311871227 0.04519774011299435 0.1836016096579477
0 0.5971751412429378 0.2454728370221328 0.03502824858757062 0.2012072434607646
0 0.6463276836158192 0.0613682092555332 0.04406779661016949 0.1227364185110664
0 0.6152542372881356 0.06891348088531186 0.04067796610169491 0.13782696177062373
0 0.9457627118644067 0.01710261569416499 0.0327683615819209 0.03420523138832998
0 0.8985875706214689 0.10135814889336016 0.0480225988700565 0.1886317907444668
0 0.7001412429378531 0.11393360160965794 0.038135593220338986 0.17857142857142858
0 0.7084745762711865 0.039738430583501 0.0384180790960452 0.079476861167002
0 0.6655367231638418 0.4396378269617706 0.05084745762711865 0.22635814889336017
0 0.7528248587570622 0.5357142857142857 0.059322033898305086 0.20824949698189135
0 0.40423728813559323 0.9295774647887324 0.08757062146892655 0.10311871227364185