0 0.01282051282051282 0.08012820512820513 0.02564102564102564 0.16025641025641027
0 0.11217948717948718 0.10256410256410256 0.03205128205128205 0.17094017094017094
0 0.05235042735042735 0.08974358974358974 0.03205128205128205 0.1794871794871795
0 0.0673076923076923 0.12072649572649573 0.09615384615384616 0.21153846153846154
0 0.15384615384615385 0.1388888888888889 0.04700854700854701 0.11538461538461539
0 0.1997863247863248 0.14636752136752137 0.03632478632478633 0.10897435897435898
0 0.22435897435897437 0.11324786324786325 0.029914529914529916 0.038461538461538464
0 0.13675213675213677 0.10683760683760683 0.021367521367521368 0.06837606837606838
0 0.24252136752136752 0.13247863247863248 0.027777777777777776 0.05128205128205128
0 0.8525641025641025 0.3162393162393162 0.2948717948717949 0.26495726495726496
0 0.3055555555555556 0.8247863247863247 0.2777777777777778 0.3504273504273504
0 0.6014957264957265 0.780982905982906 0.3055555555555556 0.43803418803418803