0 0.4396701388888889 0.20498971193415638 0.1605902777777778 0.40997942386831276
0 0.30497685185185186 0.2690329218106996 0.2565104166666667 0.28189300411522633
0 0.03009259259259259 0.2752057613168724 0.06004050925925926 0.26954732510288065
0 0.1870659722222222 0.2139917695473251 0.3029513888888889 0.39197530864197533
0 0.8368055555555556 0.14300411522633744 0.044849537037037035 0.16949588477366256
0 0.7770543981481481 0.3317901234567901 0.07581018518518519 0.15612139917695472
0 0.8938078703703703 0.19547325102880658 0.03732638888888889 0.13940329218106995
0 0.7651909722222222 0.06275720164609054 0.033854166666666664 0.08384773662551441
0 0.6866319444444444 0.029835390946502057 0.02662037037037037 0.059670781893004114
0 0.6336805555555556 0.06558641975308642 0.027777777777777776 0.11445473251028807
0 0.6108217592592593 0.06507201646090535 0.02459490740740741 0.0874485596707819
0 0.5885416666666666 0.03575102880658436 0.019965277777777776 0.032407407407407406
0 0.5876736111111112 0.13271604938271606 0.051359953703703706 0.14300411522633744
0 0.58203125 0.05761316872427984 0.034722222222222224 0.04295267489711934
0 0.5321180555555556 0.1661522633744856 0.02416087962962963 0.13708847736625515
0 0.102259837962963 0.9104835390946502 0.018697916666666634 0.10132201646090525
0 0.052083333333333336 0.8985185185185185 0.02412905092592589 0.11606481481481487
0 0.23668981481481483 0.9609053497942387 0.03356481481481482 0.07818930041152264
0 0.13093171296296297 0.9585905349794238 0.04716435185185185 0.08281893004115226
0 0.008101851851851851 0.9483024691358025 0.016203703703703703 0.10339506172839506
0 0.2782118055555556 0.9799382716049383 0.04542824074074074 0.040123456790123455
0 0.0935127314814815 0.916954732510288 0.026704282407407395 0.10428497942386832
0 0.07055844907407405 0.9401440329218107 0.0220804398148148 0.05879629629629639