0 0.19489981785063754 0.3469387755102041 0.38979963570127507 0.40476190476190477
0 0.7682149362477231 0.37755102040816324 0.09380692167577413 0.36394557823129253
0 0.4895264116575592 0.39200680272108845 0.13570127504553733 0.33503401360544216
0 0.5601092896174863 0.4226190476190476 0.15482695810564662 0.27380952380952384
0 0.8456284153005464 0.43112244897959184 0.16666666666666666 0.2568027210884354
0 0.9521857923497268 0.42431972789115646 0.09562841530054644 0.27040816326530615
0 0.4426229508196721 0.44047619047619047 0.10564663023679417 0.23809523809523808
0 0.6967213114754098 0.4574829931972789 0.16757741347905283 0.20408163265306123
0 0.057832422586520944 0.6284013605442177 0.08469945355191257 0.1377551020408163
0 0.11885245901639344 0.6513605442176871 0.11384335154826958 0.1836734693877551
0 0.2122040072859745 0.6403061224489796 0.09107468123861566 0.16156462585034015
0 0.011384335154826957 0.6471088435374149 0.022768670309653915 0.17517006802721088
0 0.29143897996357016 0.6794217687074829 0.08925318761384335 0.23979591836734693
0 0.35382513661202186 0.6845238095238095 0.07194899817850638 0.25
0 0.042805100182149364 0.8095238095238095 0.08561020036429873 0.38095238095238093
0 0.1284153005464481 0.8069727891156463 0.10564663023679417 0.38605442176870747
0 0.21174863387978143 0.8120748299319728 0.11748633879781421 0.3758503401360544
0 0.30965391621129323 0.8392857142857143 0.10200364298724955 0.32142857142857145
0 0.732695810564663 0.7908163265306123 0.060109289617486336 0.17346938775510204