0 0.5738993710691824 0.3512569832402235 0.06210691823899371 0.2988826815642458
0 0.5970911949685535 0.15223463687150837 0.042059748427672954 0.17737430167597765
0 0.637185534591195 0.24860335195530725 0.08176100628930817 0.17667597765363127
0 0.4602987421383648 0.21787709497206703 0.04363207547169811 0.1634078212290503
0 0.5397012578616353 0.17039106145251395 0.03852201257861635 0.16201117318435754
0 0.5699685534591195 0.1026536312849162 0.03341194968553459 0.11871508379888268
0 0.5129716981132075 0.1717877094972067 0.02161949685534591 0.0782122905027933
0 0.9280660377358491 0.4776536312849162 0.10731132075471699 0.23114525139664804
0 0.7197327044025157 0.10963687150837989 0.03773584905660377 0.12150837988826815
0 0.7676886792452831 0.15083798882681565 0.027515723270440252 0.10614525139664804
0 0.7429245283018868 0.138268156424581 0.029874213836477988 0.0935754189944134
0 0.7040094339622641 0.09986033519553073 0.025157232704402517 0.09636871508379888
0 0.20636792452830188 0.8701117318435754 0.40644654088050314 0.25977653631284914