0 0.026481149012567325 0.22678571428571428 0.05296229802513465 0.1767857142857143
0 0.11175942549371634 0.22142857142857142 0.1059245960502693 0.19523809523809524
0 0.3397666068222621 0.2630952380952381 0.13734290843806105 0.3523809523809524
0 0.427737881508079 0.2785714285714286 0.09784560143626571 0.32142857142857145
0 0.36804308797127466 0.19047619047619047 0.06552962298025135 0.14404761904761904
0 0.39587073608617596 0.2773809523809524 0.06104129263913824 0.275
0 0.4793536804308797 0.28869047619047616 0.04129263913824058 0.3011904761904762
0 0.4887791741472172 0.28869047619047616 0.02244165170556553 0.3011904761904762
0 0.276032315978456 0.23452380952380952 0.06552962298025135 0.15892857142857142
0 0.664721723518851 0.2369047619047619 0.05655296229802514 0.19345238095238096
0 0.8209156193895871 0.048214285714285716 0.019748653500897665 0.0625
0 0.696588868940754 0.21666666666666667 0.02917414721723519 0.09642857142857143
0 0.5668761220825853 0.3476190476190476 0.07764811490125673 0.1523809523809524
0 0.5798922800718133 0.2363095238095238 0.03949730700179533 0.15833333333333333
0 0.5390484739676841 0.25952380952380955 0.04533213644524237 0.08035714285714286
0 0.5574506283662477 0.20416666666666666 0.02423698384201077 0.09464285714285714
0 0.9394075403949731 0.1863095238095238 0.041741472172351884 0.11071428571428571
0 0.9111310592459605 0.1773809523809524 0.0466786355475763 0.10892857142857143
0 0.9097845601436265 0.8511904761904762 0.08168761220825853 0.2976190476190476
0 0.8415619389587073 0.844047619047619 0.04488330341113106 0.2767857142857143
0 0.664721723518851 0.8476190476190476 0.13375224416517056 0.30416666666666664
0 0.7190305206463196 0.8273809523809523 0.07136445242369839 0.25952380952380955
0 0.755834829443447 0.8333333333333334 0.04398563734290844 0.21666666666666667