0 0.29 0.14 0.58 0.28
0 0.7377777777777778 0.14 0.31555555555555553 0.28
0 0.6766666666666666 0.14 0.19333333333333333 0.28
0 0.4777777777777778 0.8666666666666667 0.20444444444444446 0.26666666666666666
0 0.5411111111111111 0.7211111111111111 0.07777777777777778 0.5577777777777778
0 0.4311111111111111 0.7366666666666667 0.29777777777777775 0.5266666666666666
0 0.023333333333333334 0.6366666666666667 0.04666666666666667 0.21555555555555556
0 0.10111111111111111 0.6566666666666666 0.07333333333333333 0.21555555555555556
0 0.18 0.6288888888888889 0.06222222222222222 0.23555555555555555
0 0.23333333333333334 0.6344444444444445 0.04888888888888889 0.22444444444444445
0 0.27111111111111114 0.6388888888888888 0.044444444444444446 0.20666666666666667
0 0.7833333333333333 0.8755555555555555 0.22444444444444445 0.24888888888888888
0 0.8988888888888888 0.73 0.20222222222222222 0.54
0 0.79 0.7455555555555555 0.42 0.5088888888888888
0 0.5844444444444444 0.6566666666666666 0.008888888888888889 0.20666666666666667