0 0.8116883116883117 0.2190126050420168 0.05430932703659976 0.1207983193277311
0 0.5368949232585596 0.03991596638655462 0.01475796930342385 0.07983193277310924
0 0.5563754427390791 0.04096638655462185 0.0371900826446281 0.0819327731092437
0 0.583530106257379 0.04254201680672269 0.04427390791027155 0.08508403361344538
0 0.6162927981109799 0.07247899159663866 0.03541912632821724 0.14495798319327732
0 0.64728453364817 0.07668067226890757 0.050177095631641085 0.15336134453781514
0 0.974025974025974 0.08298319327731092 0.05194805194805195 0.16596638655462184
0 0.5702479338842975 0.20168067226890757 0.047225501770956316 0.15546218487394958
0 0.5478158205430933 0.19275210084033614 0.03659976387249114 0.17331932773109243
0 0.7154663518299882 0.6811974789915967 0.371900826446281 0.6376050420168067
0 0.9315230224321134 0.6822478991596639 0.04279811097992916 0.09821428571428571
0 0.9504132231404959 0.7032563025210085 0.04161747343565526 0.1092436974789916