0 0.49736359468133884 0.22064220183486238 0.05983493810178817 0.13883792048929663
0 0.4076111875286566 0.24954128440366974 0.12540119211370931 0.10290519877675841
0 0.4354653828519028 0.17232415902140671 0.03564878496102705 0.15122324159021408
0 0.5345025217790005 0.17859327217125381 0.0484869325997249 0.1668195718654434
0 0.4938101788170564 0.13960244648318043 0.04699679046309033 0.09831804281345566
0 0.3954607977991747 0.20275229357798166 0.05272810637322329 0.11223241590214067
0 0.39270976616231085 0.14113149847094802 0.03851444291609354 0.09831804281345566
0 0.3292067858780376 0.2136085626911315 0.031407611187528654 0.09357798165137615
0 0.3035304906006419 0.20825688073394497 0.02567629527739569 0.10137614678899083
0 0.3413571756075195 0.18241590214067277 0.03278312700596057 0.1622324159021407
0 0.05135259055479138 0.22385321100917432 0.07691425951398441 0.154434250764526
0 0.17961944062356716 0.24954128440366974 0.12253553415864282 0.1154434250764526
0 0.18386061439706555 0.2136085626911315 0.07977991746905089 0.13103975535168197
0 0.2173314993122421 0.1848623853211009 0.03851444291609354 0.1481651376146789
0 0.26077487391105 0.1793577981651376 0.05135259055479138 0.1529051987767584
0 0.30077945896377806 0.1848623853211009 0.05135259055479138 0.1481651376146789
0 0.12184777624942687 0.1871559633027523 0.05845942228335626 0.16850152905198776
0 0.08551123337918386 0.181651376146789 0.04275561668959193 0.17003058103975535
0 0.6745758826226501 0.0463302752293578 0.009399358092618064 0.061467889908256884
0 0.7818661164603393 0.046483180428134555 0.013296652911508482 0.05871559633027523
0 0.8995873452544704 0.03058103975535168 0.012379642365887207 0.05045871559633028
0 0.9197615772581385 0.03654434250764526 0.022925263640531865 0.05045871559633028
0 0.7182485098578634 0.05122324159021407 0.019944979367262722 0.05871559633027523
0 0.7541265474552957 0.03409785932721712 0.01054562127464466 0.05749235474006116
0 0.7034617148097203 0.02691131498470948 0.011691884456671253 0.049235474006116206
0 0.6914259513984411 0.04296636085626911 0.012379642365887207 0.06269113149847094
0 0.6933745988078863 0.0191131498470948 0.009399358092618064 0.0382262996941896
0 0.8864053186611646 0.01636085626911315 0.0135259055479138 0.0327217125382263
0 0.9015359926639156 0.01636085626911315 0.01535992663915635 0.0327217125382263
0 0.2198532783127006 0.694954128440367 0.33298945437872535 0.6100917431192661
0 0.9705410362219166 0.805045871559633 0.02109124254928932 0.14388379204892968
0 0.9870472260430995 0.7798165137614679 0.01054562127464466 0.07966360856269113
0 0.9954149472718936 0.7790519877675841 0.009170105456212746 0.08149847094801223