0 0.6417824074074074 0.12139917695473251 0.15885416666666666 0.22325102880658437
0 0.7144097222222222 0.1301440329218107 0.16261574074074073 0.2175925925925926
0 0.5211226851851852 0.15123456790123457 0.14293981481481483 0.09259259259259259
0 0.5578703703703703 0.1111111111111111 0.17737268518518517 0.22170781893004116
0 0.7149884259259259 0.8914609053497943 0.061921296296296294 0.21707818930041153
0 0.6663773148148148 0.3081275720164609 0.05497685185185185 0.1368312757201646
0 0.5217013888888888 0.31430041152263377 0.043402777777777776 0.14917695473251028
0 0.5538194444444444 0.30915637860082307 0.052083333333333336 0.1388888888888889
0 0.5925925925925926 0.29886831275720166 0.052083333333333336 0.1183127572016461
0 0.5972222222222222 0.44598765432098764 0.05497685185185185 0.22119341563786007
0 0.6153067129629629 0.38040123456790126 0.04774305555555555 0.18261316872427982
0 0.9895833333333334 0.5756172839506173 0.020833333333333332 0.2294238683127572
0 0.8294270833333334 0.4434156378600823 0.05642361111111111 0.2109053497942387
0 0.8423032407407407 0.30915637860082307 0.04456018518518518 0.1388888888888889
0 0.8003472222222222 0.28600823045267487 0.03587962962962963 0.09259259259259259
0 0.9007523148148148 0.2824074074074074 0.04918981481481482 0.08539094650205761
0 0.4820601851851852 0.8070987654320988 0.06481481481481481 0.22325102880658437
0 0.6435185185185185 0.7597736625514403 0.05497685185185185 0.2623456790123457
0 0.5054976851851852 0.9223251028806584 0.07349537037037036 0.15534979423868311
0 0.5717592592592593 0.882201646090535 0.06481481481481481 0.23559670781893005
0 0.46846064814814814 0.3765432098765432 0.03761574074074074 0.22633744855967078