0 0.29498269896193774 0.34292035398230086 0.5899653979238755 0.5929203539823009
0 0.5614186851211073 0.07190265486725664 0.05709342560553633 0.14380530973451328
0 0.07785467128027682 0.028761061946902654 0.039792387543252594 0.05641592920353982
0 0.1115916955017301 0.029867256637168143 0.04498269896193772 0.059734513274336286
0 0.38235294117647056 0.051991150442477874 0.03806228373702422 0.059734513274336286
0 0.3365051903114187 0.034292035398230086 0.03460207612456748 0.06747787610619468
0 0.31055363321799306 0.0420353982300885 0.02422145328719723 0.04424778761061947
0 0.17301038062283736 0.02765486725663717 0.031141868512110725 0.05530973451327434
0 0.20674740484429066 0.028761061946902654 0.0328719723183391 0.05752212389380531
0 0.01643598615916955 0.03982300884955752 0.0328719723183391 0.03650442477876106
0 0.6262975778546713 0.5674778761061947 0.0726643598615917 0.14380530973451328
0 0.6332179930795848 0.25110619469026546 0.08650519031141868 0.26327433628318586
0 0.2698961937716263 0.8196902654867256 0.5397923875432526 0.3606194690265487
0 0.14273356401384082 0.7853982300884956 0.08823529411764706 0.24336283185840707