0 0.43626373626373627 0.2412109375 0.006593406593406593 0.13525390625
0 0.6843406593406594 0.12939453125 0.09697802197802198 0.197265625
0 0.21895604395604396 0.75244140625 0.010164835164835165 0.06396484375
0 0.26071428571428573 0.748046875 0.005494505494505495 0.03662109375
0 0.09642857142857143 0.76953125 0.019505494505494506 0.095703125
0 0.07774725274725275 0.77294921875 0.014010989010989012 0.078125
0 0.7373626373626374 0.5986328125 0.04945054945054945 0.318359375
0 0.6716978021978022 0.648994140625 0.05536813186813186 0.39190429687499995
0 0.5478021978021979 0.5615234375 0.041758241758241756 0.244140625
0 0.4554945054945055 0.6611328125 0.031868131868131866 0.359375
0 0.4613516483516484 0.539912109375 0.04298901098901087 0.19071289062499996