0 0.3353344768439108 0.363914373088685 0.09991423670668954 0.25076452599388377
0 0.26758147512864494 0.37155963302752293 0.06689536878216124 0.23547400611620795
0 0.31260720411663806 0.290519877675841 0.03773584905660377 0.08333333333333333
0 0.2950257289879931 0.20795107033639143 0.06946826758147513 0.09327217125382263
0 0.23713550600343053 0.21406727828746178 0.06732418524871354 0.20412844036697247
0 0.2144082332761578 0.3241590214067278 0.060891938250428816 0.21406727828746178
0 0.16981132075471697 0.3394495412844037 0.07375643224699828 0.1926605504587156
0 0.08190394511149228 0.3287461773700306 0.07289879931389365 0.21406727828746178
0 0.11234991423670669 0.31422018348623854 0.04716981132075472 0.20259938837920488
0 0.1402229845626072 0.2790519877675841 0.04245283018867924 0.1154434250764526
0 0.02830188679245283 0.35244648318042815 0.056174957118353346 0.27370030581039756
0 0.01072041166380789 0.35244648318042815 0.02144082332761578 0.27370030581039756
0 0.06389365351629503 0.20412844036697247 0.012864493996569469 0.019877675840978593
0 0.13850771869639794 0.20795107033639143 0.03344768439108062 0.0389908256880734
0 0.7058319039451115 0.24617737003058104 0.023156089193825044 0.0290519877675841