0 0.6433701657458564 0.5294695481335953 0.05359116022099448 0.08055009823182711
0 0.7705801104972375 0.13482318271119842 0.05662983425414365 0.2038310412573674
0 0.736049723756906 0.10780943025540275 0.04281767955801105 0.2087426326129666
0 0.7406077348066298 0.018664047151277015 0.052486187845303865 0.03732809430255403
0 0.6861878453038674 0.039783889980353634 0.03756906077348066 0.07956777996070727
0 0.6011049723756906 0.03585461689587426 0.04419889502762431 0.07170923379174853
0 0.5356353591160221 0.06679764243614932 0.04033149171270718 0.13359528487229863
0 0.5466850828729282 0.04076620825147348 0.04033149171270718 0.08153241650294696
0 0.4983425414364641 0.07760314341846758 0.03756906077348066 0.15520628683693516
0 0.7386740331491712 0.46218074656188607 0.05414364640883978 0.2151277013752456
0 0.8720994475138122 0.13113948919449903 0.055248618784530384 0.2111984282907662
0 0.2773480662983425 0.8334970530451866 0.18342541436464088 0.3330058939096267
0 0.2613259668508287 0.7288801571709234 0.1591160220994475 0.31777996070726916
0 0.35662983425414363 0.5830058939096268 0.013259668508287293 0.026031434184675836
0 0.8011049723756906 0.6016699410609038 0.04419889502762431 0.06385068762278978
0 0.862707182320442 0.9631630648330058 0.05138121546961326 0.07367387033398821
0 0.5866022099447514 0.8489685658153242 0.05662983425414365 0.2038310412573674
0 0.5520718232044199 0.8219548133595285 0.04281767955801105 0.2087426326129666
0 0.5569060773480663 0.668467583497053 0.052486187845303865 0.16699410609037327
0 0.5023480662983425 0.7409135559921415 0.03729281767955801 0.1055992141453831
0 0.9082872928176795 0.6262278978388998 0.03756906077348066 0.11296660117878192
0 0.6342541436464089 0.6893418467583498 0.04419889502762431 0.15962671905697445
0 0.5990331491712707 0.6807465618860511 0.04005524861878453 0.17681728880157171
0 0.7274861878453038 0.8096758349705304 0.04834254143646409 0.2038310412573674
0 0.6998618784530387 0.7077603143418467 0.04834254143646409 0.2111984282907662
0 0.9856353591160221 0.6065815324165029 0.028729281767955802 0.07367387033398821