0 0.31070195627157654 0.24180327868852458 0.49769850402761795 0.47540983606557374
0 0.14758342922899884 0.3447745901639344 0.29516685845799767 0.18237704918032788
0 0.7750287686996548 0.23719262295081966 0.16340621403912542 0.4108606557377049
0 0.6484464902186421 0.8954918032786885 0.05293440736478711 0.20901639344262296
0 0.6196777905638665 0.9528688524590164 0.05868814729574223 0.0942622950819672
0 0.9362773302646721 0.710297131147541 0.05897583429228999 0.21260245901639344
0 0.9722382048331415 0.6821209016393442 0.04459148446490219 0.2177254098360656
0 0.966915995397008 0.5440573770491803 0.05466052934407365 0.1290983606557377
0 0.9784234752589183 0.9595286885245902 0.043153049482163405 0.08094262295081968
0 0.6009781357882624 0.5081967213114754 0.03855005753739931 0.05737704918032787
0 0.8866513233601842 0.5532786885245902 0.04602991944764097 0.14754098360655737
0 0.9231875719217492 0.5532786885245902 0.04200230149597238 0.14754098360655737
0 0.7895569620253164 0.6693135245901639 0.050345224395857306 0.21260245901639344
0 0.8181818181818182 0.5763319672131147 0.05063291139240506 0.19364754098360656