0 0.01703296703296703 0.29345703125 0.03406593406593406 0.1669921875
0 0.007967032967032966 0.267578125 0.015934065934065933 0.1396484375
0 0.038461538461538464 0.25830078125 0.0478021978021978 0.126953125
0 0.1706043956043956 0.26611328125 0.057417582417582415 0.18212890625
0 0.21208791208791208 0.28759765625 0.05989010989010989 0.142578125
0 0.20164835164835165 0.208984375 0.029395604395604395 0.06787109375
0 0.5442307692307692 0.1865234375 0.0489010989010989 0.06201171875
0 0.5412087912087912 0.2470703125 0.07692307692307693 0.06201171875
0 0.4024725274725275 0.2431640625 0.012362637362637362 0.1552734375
0 0.28324175824175823 0.21826171875 0.015934065934065933 0.142578125
0 0.18956043956043955 0.52392578125 0.04395604395604396 0.0478515625
0 0.12857142857142856 0.91943359375 0.05054945054945055 0.1611328125
0 0.1010989010989011 0.97412109375 0.056043956043956046 0.0517578125
0 0.40343406593406594 0.761962890625 0.05631868131868132 0.20263671875
0 0.4377747252747253 0.735107421875 0.042582417582417584 0.20751953125
0 0.4326923076923077 0.58251953125 0.0521978021978022 0.1650390625
0 0.4107142857142857 0.56689453125 0.03571428571428571 0.1337890625
0 0.3771978021978022 0.57177734375 0.04010989010989011 0.1435546875
0 0.4872252747252747 0.654541015625 0.03708791208791209 0.10498046875
0 0.2906593406593407 0.5751953125 0.05384615384615385 0.150390625
0 0.026373626373626374 0.53125 0.03296703296703297 0.0625
0 0.08598901098901099 0.53271484375 0.04230769230769231 0.0654296875
0 0.5708791208791208 0.59326171875 0.017582417582417582 0.1689453125
0 0.2853021978021978 0.74365234375 0.059065934065934064 0.205078125
0 0.967032967032967 0.8427734375 0.06593406593406594 0.2646484375
0 0.9065934065934066 0.80126953125 0.06043956043956044 0.1904296875
0 0.7804945054945055 0.7431640625 0.10054945054945055 0.23291015625
0 0.6758241758241759 0.80859375 0.10467032967032967 0.2177734375
0 0.6096153846153847 0.86865234375 0.05961538461538462 0.26220703125