0 0.2041899441340782 0.220675944333996 0.043016759776536316 0.11481113320079522
0 0.8804469273743016 0.17992047713717693 0.23910614525139665 0.35984095427435386
0 0.7215083798882681 0.17992047713717693 0.19832402234636873 0.35984095427435386
0 0.48659217877094973 0.1257455268389662 0.08044692737430167 0.2514910536779324
0 0.605586592178771 0.15755467196819087 0.10614525139664804 0.31510934393638174
0 0.13448044692737432 0.5297813121272367 0.02913966480446932 0.1460834990059642
0 0.44706703910614526 0.7842942345924453 0.06005586592178771 0.2286282306163022
0 0.8835195530726258 0.6289761431411531 0.05307262569832402 0.22117296222664015
0 0.855586592178771 0.5134194831013916 0.05027932960893855 0.23359840954274355
0 0.8324022346368715 0.9403578528827038 0.06815642458100558 0.11928429423459244
0 0.5606145251396648 0.40556660039761433 0.05307262569832402 0.09145129224652088
0 0.6726256983240223 0.6935884691848907 0.06424581005586592 0.21620278330019882
0 0.6698324022346369 0.8822067594433399 0.0670391061452514 0.2355864811133201
0 0.5783519553072626 0.8103876739562624 0.05726256983240224 0.2659045725646123
0 0.5162011173184358 0.6476143141153081 0.05307262569832402 0.25347912524850896