0 0.6900510204081632 0.8540723981900452 0.15816326530612246 0.2918552036199095
0 0.8456632653061225 0.8733031674208145 0.030612244897959183 0.25339366515837103
0 0.9541326530612244 0.8583031674208145 0.047857142857142834 0.26773755656108605
0 0.526109693877551 0.8200904977375566 0.026352040816326635 0.1415610859728508
0 0.4725382653061225 0.808552036199095 0.03145408163265317 0.150158371040724
0 0.9846938775510204 0.8676470588235294 0.030612244897959183 0.20135746606334842
0 0.9224489795918368 0.8330769230769232 0.02406887755102027 0.11208144796380082
0 0.8952040816326531 0.833552036199095 0.034502551020408105 0.16649321266968334
0 0.8683928571428571 0.8299095022624434 0.02781887755102034 0.17151583710407253
0 0.8227040816326531 0.8687782805429864 0.04081632653061224 0.26244343891402716
0 0.7997704081632653 0.8601131221719457 0.029145408163265336 0.24819004524886887
0 0.7432397959183674 0.844049773755656 0.03908163265306121 0.20893665158371047
0 0.7751785714285715 0.8432126696832579 0.034132653061224476 0.20013574660633493
0 0.41440051020408164 0.7997511312217195 0.02445153061224499 0.09420814479638005
0 0.6418112244897959 0.8044343891402715 0.024974489795918275 0.07746606334841631
0 0.37140306122448974 0.7909954751131222 0.023418367346938647 0.1147285067873304
0 0.4325765306122449 0.7953167420814479 0.01891581632653052 0.07821266968325791
0 0.3900382653061224 0.7984841628959276 0.016938775510204045 0.07744343891402719