0 0.7390192539109507 0.2727272727272727 0.16140192539109507 0.09919786096256684
0 0.7496991576413959 0.2676470588235294 0.07806859205776173 0.08315508021390375
0 0.15312876052948254 0.9467914438502674 0.10589651022864019 0.10641711229946524
0 0.4759326113116727 0.9315508021390374 0.030685920577617327 0.13689839572192514
0 0.45412154031287605 0.9267379679144385 0.027376654632972324 0.146524064171123
0 0.447202166064982 0.9203208556149732 0.02316486161251504 0.15935828877005348
0 0.4201263537906137 0.9286096256684492 0.03219013237063779 0.14278074866310161
0 0.3898916967509025 0.9470588235294117 0.039711191335740074 0.10588235294117647
0 0.3700361010830325 0.9422459893048128 0.03429602888086643 0.11550802139037433
0 0.3423586040914561 0.9358288770053476 0.04091456077015644 0.12834224598930483
0 0.8307761732851986 0.9090909090909091 0.028580024067388687 0.1572192513368984