0 0.21553672316384181 0.9456740442655935 0.029943502824858758 0.05482897384305835
0 0.17937853107344634 0.9361167002012073 0.0423728813559322 0.05331991951710262
0 0.16836158192090395 0.9708249496981891 0.043785310734463276 0.057847082494969816
0 0.28163841807909606 0.9245472837022133 0.027966101694915254 0.09456740442655935
0 0.14774011299435028 0.9235412474849095 0.031073446327683617 0.05130784708249497
0 0.7209039548022599 0.8963782696177063 0.0576271186440678 0.20724346076458752
0 0.7563559322033898 0.8699698189134809 0.043785310734463276 0.2137826961770624
0 0.7511299435028248 0.7334004024144869 0.05367231638418079 0.12877263581488935
0 0.8072033898305084 0.7869718309859155 0.038135593220338986 0.10814889336016097
0 0.9759887005649718 0.8646881287726358 0.0480225988700565 0.20422535211267606
0 0.9081920903954802 0.7323943661971831 0.0423728813559322 0.1267605633802817
0 0.9531073446327684 0.756036217303823 0.03954802259887006 0.17404426559356137
0 0.9412429378531073 0.727364185110664 0.02937853107344633 0.11670020120724346
0 0.9703389830508474 0.7132796780684104 0.03672316384180791 0.08853118712273642
0 0.672316384180791 0.7424547283702213 0.04519774011299435 0.14688128772635814
0 0.7081920903954803 0.7424547283702213 0.04124293785310734 0.14688128772635814
0 0.5769774011299436 0.8573943661971831 0.04943502824858757 0.20875251509054327
0 0.6050847457627119 0.7650905432595574 0.04971751412429379 0.1921529175050302