0 0.8307142857142857 0.05 0.03 0.1
0 0.86 0.044642857142857144 0.03428571428571429 0.08928571428571429
0 0.9957142857142857 0.13482142857142856 0.008571428571428572 0.22678571428571428
0 0.6507142857142857 0.48214285714285715 0.10428571428571429 0.11428571428571428
0 0.9735142857142858 0.13096428571428573 0.04531428571428575 0.19932142857142857
0 0.6378571428571429 0.425 0.07857142857142857 0.22857142857142856
0 0.3607142857142857 0.8964285714285715 0.17857142857142858 0.20714285714285716
0 0.16071428571428573 0.7919642857142857 0.15 0.4160714285714286
0 0.2621428571428571 0.8160714285714286 0.16142857142857142 0.3678571428571429
0 0.3921428571428571 0.7607142857142857 0.11571428571428571 0.33214285714285713
0 0.34714285714285714 0.6955357142857143 0.10285714285714286 0.26964285714285713
0 0.7935714285714286 0.7214285714285714 0.21857142857142858 0.36428571428571427