0 0.3277972027972028 0.1078838174273859 0.03146853146853147 0.10684647302904564
0 0.3581002331002331 0.12448132780082988 0.026515151515151516 0.1275933609958506
0 0.5201048951048951 0.22510373443983403 0.03904428904428905 0.45020746887966806
0 0.7045454545454546 0.5313796680497925 0.05827505827505827 0.2411825726141079
0 0.7998251748251748 0.6224066390041494 0.06235431235431235 0.15352697095435686
0 0.7508741258741258 0.0679460580912863 0.05536130536130536 0.1358921161825726
0 0.664044289044289 0.6493775933609959 0.06118881118881119 0.0995850622406639
0 0.5652680652680653 0.5912863070539419 0.05128205128205128 0.2157676348547718
0 0.5585664335664335 0.09647302904564316 0.03787878787878788 0.19294605809128632
0 0.6051864801864801 0.0741701244813278 0.043706293706293704 0.1483402489626556
0 0.6375291375291375 0.06898340248962656 0.05244755244755245 0.13796680497925312
0 0.6765734265734266 0.058609958506224066 0.05244755244755245 0.11721991701244813
0 0.6812354312354313 0.2059128630705394 0.05536130536130536 0.22302904564315354
0 0.6994463869463869 0.13978215767634855 0.04807692307692308 0.1841286307053942
0 0.9150641025641025 0.2033195020746888 0.056818181818181816 0.21265560165975103
0 0.928030303030303 0.06898340248962656 0.04487179487179487 0.13796680497925312
0 0.8857808857808858 0.04564315352697095 0.03613053613053613 0.0912863070539419
0 0.9810606060606061 0.042012448132780086 0.03787878787878788 0.08402489626556017
0 0.10139860139860139 0.8003112033195021 0.05944055944055944 0.20228215767634855
0 0.13782051282051283 0.7873443983402489 0.04487179487179487 0.17634854771784234
0 0.19026806526806528 0.7173236514522822 0.03904428904428905 0.03630705394190872
0 0.36509324009324007 0.7821576763485477 0.050699300699300696 0.16597510373443983
0 0.3409090909090909 0.7183609958506224 0.04079254079254079 0.038381742738589214
0 0.40734265734265734 0.7183609958506224 0.039627039627039624 0.038381742738589214
0 0.5241841491841492 0.9336099585062241 0.030885780885780884 0.13278008298755187
0 0.8044871794871795 0.8475103734439834 0.3479020979020979 0.06016597510373444