0 0.11242937853107345 0.5176056338028169 0.018926553672316385 0.07293762575452717
0 0.7307909604519774 0.4044265593561368 0.5141242937853108 0.710261569416499
0 0.3963276836158192 0.920020120724346 0.037005649717514126 0.043259557344064385
0 0.028531073446327684 0.8948692152917505 0.012994350282485875 0.029175050301810865
0 0.04096045197740113 0.8963782696177063 0.014124293785310734 0.02665995975855131
0 0.7720338983050847 0.795774647887324 0.04915254237288136 0.07243460764587525
0 0.7810734463276836 0.9688128772635815 0.0423728813559322 0.06237424547283702
0 0.8483050847457627 0.9235412474849095 0.060451977401129946 0.1529175050301811
0 0.938135593220339 0.8968812877263581 0.059322033898305086 0.2062374245472837
0 0.9909604519774011 0.8596579476861167 0.01807909604519774 0.20020120724346077
0 0.6307909604519774 0.8687122736418511 0.05480225988700565 0.21830985915492956