0 0.21045197740112995 0.23993963782696176 0.32175141242937855 0.4798792756539235
0 0.1307909604519774 0.7540241448692153 0.07203389830508475 0.17002012072434608
0 0.607909604519774 0.9270623742454729 0.05084745762711865 0.14587525150905434
0 0.6694915254237288 0.5271629778672032 0.0519774011299435 0.09456740442655935
0 0.9734463276836158 0.6654929577464789 0.05310734463276836 0.1358148893360161
0 0.9224576271186441 0.7497484909456741 0.046610169491525424 0.24396378269617705
0 0.9196327683615819 0.6164486921529175 0.046610169491525424 0.13832997987927564
0 0.9194915254237288 0.5095573440643864 0.04124293785310734 0.059356136820925554
0 0.976271186440678 0.8214285714285714 0.04745762711864407 0.2062374245472837
0 0.8200564971751413 0.7547786720321932 0.04519774011299435 0.1836016096579477
0 0.8638418079096045 0.7409456740442656 0.03954802259887006 0.2012072434607646
0 0.7754237288135594 0.5548289738430584 0.04689265536723164 0.14989939637826963
0 0.8121468926553672 0.5487927565392354 0.04350282485875706 0.13782696177062373
0 0.8432203389830508 0.5563380281690141 0.04124293785310734 0.1529175050301811
0 0.536723163841808 0.5135814889336016 0.0327683615819209 0.06740442655935613
0 0.5127118644067796 0.5045271629778671 0.03220338983050847 0.04929577464788732
0 0.4033898305084746 0.5372233400402414 0.03954802259887006 0.11468812877263582
0 0.9011299435028248 0.9698189134808853 0.061016949152542375 0.060362173038229376
0 0.8115819209039548 0.943158953722334 0.059322033898305086 0.11368209255533199
0 0.7415254237288136 0.9004024144869215 0.05254237288135593 0.19919517102615694
0 0.4153954802259887 0.65920523138833 0.046610169491525424 0.16851106639839034
0 0.47189265536723163 0.7422032193158954 0.046610169491525424 0.17354124748490946
0 0.4632768361581921 0.5095573440643864 0.0327683615819209 0.059356136820925554
0 0.7641242937853108 0.5110663983903421 0.03785310734463277 0.06237424547283702
0 0.5919491525423729 0.618963782696177 0.04096045197740113 0.1836016096579477
0 0.9454802259887005 0.5311871227364185 0.0423728813559322 0.10261569416498995