0 0.1628342245989305 0.45817490494296575 0.325668449197861 0.4828897338403042
0 0.10053475935828877 0.8673954372623575 0.05561497326203209 0.12072243346007605
0 0.2609625668449198 0.8759505703422054 0.06203208556149733 0.11692015209125475
0 0.3553475935828877 0.8849809885931559 0.059358288770053474 0.155893536121673
0 0.13128342245989305 0.8902091254752852 0.04866310160427807 0.14163498098859315
0 0.05454545454545454 0.8959125475285171 0.04919786096256684 0.14543726235741444
0 0.029411764705882353 0.9234790874524715 0.058823529411764705 0.15304182509505704
0 0.2160427807486631 0.9006653992395437 0.08128342245989305 0.19866920152091255
0 0.153475935828877 0.9306083650190115 0.07165775401069518 0.13878326996197718
0 0.08850267379679144 0.9401140684410646 0.07647058823529412 0.11977186311787072
0 0.2959893048128342 0.9149239543726235 0.10748663101604278 0.17015209125475286
0 0.6609625668449198 0.8574144486692015 0.06229946524064171 0.09505703422053231
0 0.7192513368983957 0.9472433460076045 0.06310160427807486 0.0841254752851711
0 0.6120320855614974 0.8783269961977186 0.04839572192513369 0.0817490494296578