0 0.20433092726263188 0.14091806515301086 0.08536923931149361 0.05454096742349457
0 0.7806774014436424 0.3536525172754195 0.03900610771793448 0.07230997038499506
0 0.9701554691837868 0.3376110562685094 0.020682953914491948 0.03775913129318855
0 0.8439755691282621 0.3548864758144126 0.036507495835646865 0.06564659427443238
0 0.8191282620766241 0.3504442250740375 0.042615213770127704 0.06342546890424482
0 0.7794280955024986 0.3558736426456071 0.03900610771793448 0.06786771964461995
0 0.7661021654636313 0.3336623889437315 0.014575235980011104 0.02566633761105627
0 0.45294280955024985 0.1498025666337611 0.01943364797334814 0.012339585389930898
0 0.1962937257079401 0.9109526159921026 0.03390893947806758 0.16077492596248766
0 0.15505274847307052 0.932872655478776 0.0424764019988895 0.13425468904244817
0 0.1392282065519156 0.928923988153998 0.04303164908384231 0.14215202369200394
0 0.11507495835646862 0.926949654491609 0.03914491948917268 0.14610069101678183
0 0.9786229872293171 0.6140177690029615 0.042615213770127704 0.20039486673247778
0 0.7240421987784564 0.7018756169792695 0.5519156024430871 0.5960019743336624