0 0.664 0.3973333333333333 0.1 0.432
0 0.414 0.464 0.116 0.21333333333333335
0 0.313 0.344 0.082 0.416
0 0.369 0.37866666666666665 0.066 0.272
0 0.376 0.2786666666666667 0.072 0.25333333333333335
0 0.537 0.30266666666666664 0.058 0.216
0 0.157 0.292 0.074 0.17866666666666667
0 0.082 0.3426666666666667 0.1 0.456
0 0.461 0.26266666666666666 0.09 0.27466666666666667
0 0.754 0.30933333333333335 0.08 0.2773333333333333
0 0.786 0.2946666666666667 0.032 0.16266666666666665
0 0.725 0.22133333333333333 0.026 0.064
0 0.689 0.212 0.066 0.11466666666666667
0 0.509 0.42 0.126 0.264