0 0.07608695652173914 0.30077369439071566 0.11820652173913043 0.3167311411992263
0 0.05 0.17794970986460348 0.042391304347826085 0.12959381044487428
0 0.11711956521739131 0.17311411992263057 0.059510869565217395 0.12040618955512572
0 0.31032608695652175 0.2727272727272727 0.09809782608695652 0.3065764023210832
0 0.2736413043478261 0.20938104448742748 0.058695652173913045 0.14893617021276595
0 0.23668478260869566 0.1948742746615087 0.06657608695652174 0.14119922630560927
0 0.6932065217391304 0.22969052224371372 0.6135869565217391 0.45938104448742745
0 0.24918478260869564 0.7258220502901354 0.20570652173913043 0.2727272727272727
0 0.756929347826087 0.8239845261121856 0.058423913043478264 0.22243713733075435
0 0.3766304347826087 0.5667311411992263 0.014130434782608696 0.21470019342359767
0 0.6896739130434782 0.6910058027079303 0.051630434782608696 0.24661508704061896
0 0.6679347826086957 0.49032882011605416 0.059782608695652176 0.061895551257253385
0 0.5510869565217391 0.6934235976789168 0.0625 0.24177949709864605
0 0.5911684782608696 0.8590425531914894 0.06385869565217392 0.27321083172147004
0 0.6183423913043479 0.7683752417794971 0.05570652173913043 0.2611218568665377
0 0.8782608695652174 0.5111218568665378 0.06521739130434782 0.10348162475822051