0 0.12877604166666667 0.7083333333333334 0.048177083333333336 0.21296296296296297
0 0.102734375 0.8229166666666666 0.053385416666666664 0.2337962962962963
0 0.5088541666666667 0.9314814814814815 0.051041666666666666 0.13703703703703704
0 0.3890625 0.5972222222222222 0.053125 0.05555555555555555
0 0.196875 0.9685185185185186 0.06770833333333333 0.06296296296296296
0 0.27708333333333335 0.5888888888888889 0.05625 0.03888888888888889
0 0.28828125 0.9328703703703703 0.0703125 0.13425925925925927
0 0.4328125 0.8321759259259259 0.049479166666666664 0.22916666666666666
0 0.6963541666666667 0.9592592592592593 0.051041666666666666 0.08148148148148149
0 0.5864583333333333 0.625 0.03333333333333333 0.1111111111111111
0 0.6091145833333333 0.6134259259259259 0.04010416666666667 0.08796296296296297
0 0.9673177083333333 0.7986111111111112 0.045572916666666664 0.2037037037037037
0 0.6200520833333333 0.8865740740740741 0.049479166666666664 0.22685185185185186