0 0.19936342592592593 0.2726337448559671 0.02141203703703704 0.043209876543209874
0 0.2601273148148148 0.26440329218106995 0.02141203703703704 0.02880658436213992
0 0.9892939814814815 0.18621399176954734 0.02141203703703704 0.1522633744855967
0 0.9302662037037037 0.1815843621399177 0.08796296296296297 0.16820987654320987
0 0.7401620370370371 0.2222222222222222 0.11371527777777778 0.31224279835390945
0 0.6675347222222222 0.2412551440329218 0.08130787037037036 0.29732510288065844
0 0.7173032407407407 0.15483539094650206 0.05439814814814815 0.12397119341563786
0 0.6944444444444444 0.22993827160493827 0.05063657407407408 0.2366255144032922
0 0.6128472222222222 0.25 0.05844907407407408 0.27983539094650206
0 0.5978009259259259 0.25 0.05642361111111111 0.27983539094650206
0 0.7936921296296297 0.19238683127572018 0.05439814814814815 0.1368312757201646
0 0.14533564814814814 0.45281893004115226 0.01322916666666661 0.06467078189300413