0 0.4044368600682594 0.31313993174061433 0.030716723549488054 0.11433447098976109
0 0.386518771331058 0.31569965870307165 0.025597269624573378 0.07849829351535836
0 0.35665529010238906 0.3148464163822526 0.04436860068259386 0.10068259385665529
0 0.2773037542662116 0.3148464163822526 0.025597269624573378 0.09385665529010238
0 0.23890784982935154 0.3225255972696246 0.03754266211604096 0.07849829351535836
0 0.20051194539249148 0.31399317406143346 0.025597269624573378 0.07508532423208192
0 0.07935153583617748 0.26535836177474403 0.032423208191126277 0.03924914675767918
0 0.6544368600682594 0.26535836177474403 0.12457337883959044 0.30887372013651876
0 0.6400853242320819 0.13208191126279858 0.09477815699658697 0.25735494880546067
0 0.5665529010238908 0.7755972696245734 0.04863481228668942 0.44880546075085326
0 0.6655290102389079 0.7474402730375427 0.05802047781569966 0.4658703071672355
0 0.6399317406143344 0.75 0.05204778156996587 0.44368600682593856
0 0.7679180887372014 0.6928327645051194 0.06911262798634812 0.42918088737201365
0 0.8976109215017065 0.6663822525597269 0.05802047781569966 0.4931740614334471
0 0.9453924914675768 0.6262798634812287 0.060580204778156996 0.4129692832764505
0 0.5247440273037542 0.8088737201365188 0.05716723549488054 0.3822525597269625
0 0.5221843003412969 0.49829351535836175 0.033276450511945395 0.1561433447098976