0 0.3397666068222621 0.39696485623003197 0.6795332136445242 0.44568690095846647
0 0.8218132854578097 0.48801916932907347 0.18043087971274685 0.26357827476038337
0 0.6310592459605027 0.8099041533546326 0.09694793536804308 0.3801916932907348
0 0.9272890484739676 0.9097444089456869 0.06463195691202872 0.17731629392971246
0 0.774685816876122 0.9177316293929713 0.05026929982046679 0.1645367412140575
0 0.6943447037701975 0.9193290734824281 0.0296229802513465 0.12939297124600638
0 0.9959605026929982 0.8825878594249201 0.00807899461400359 0.09105431309904154
0 0.9874326750448833 0.8690095846645367 0.01615798922800718 0.10223642172523961
0 0.9676840215439856 0.8730031948881789 0.019748653500897665 0.10063897763578275
0 0.946588868940754 0.8809904153354633 0.018850987432675045 0.06230031948881789
0 0.8882405745062837 0.8825878594249201 0.013464991023339317 0.09424920127795527
0 0.8788150807899462 0.896964856230032 0.010771992818671455 0.06549520766773163
0 0.8141831238779175 0.8777955271565495 0.019748653500897665 0.08466453674121406
0 0.7217235188509874 0.8714057507987221 0.012567324955116697 0.07188498402555911
0 0.7082585278276481 0.8514376996805112 0.010771992818671455 0.03194888178913738
0 0.7078096947935368 0.8825878594249201 0.01526032315978456 0.06230031948881789