0 0.21694915254237288 0.29124748490945673 0.06468926553672316 0.2962776659959759
0 0.2946327683615819 0.21327967806841047 0.1115819209039548 0.2731388329979879
0 0.3313559322033898 0.7603118712273642 0.05367231638418079 0.2238430583501006
0 0.30310734463276834 0.6433601609657947 0.05084745762711865 0.23641851106639838
0 0.09096045197740113 0.4783702213279678 0.04519774011299435 0.07746478873239436
0 0.04745762711864407 0.47585513078470826 0.03954802259887006 0.07243460764587525
0 0.4392655367231638 0.46981891348088534 0.04689265536723164 0.060362173038229376
0 0.18375706214689266 0.6433601609657947 0.05508474576271186 0.2665995975855131
0 0.10677966101694915 0.630784708249497 0.062146892655367235 0.22635814889336017
0 0.020903954802259886 0.6881287726358148 0.04180790960451977 0.23138832997987926
0 0.7813559322033898 0.7198189134808853 0.4370056497175141 0.5603621730382293