0 0.1278501628664495 0.34282700421940926 0.255700325732899 0.45358649789029537
0 0.4014657980456026 0.3259493670886076 0.3957654723127036 0.4873417721518987
0 0.6335504885993485 0.20569620253164558 0.06840390879478828 0.34810126582278483
0 0.24185667752442996 0.7848101265822784 0.4837133550488599 0.43037974683544306
0 0.5594462540716613 0.9251054852320675 0.07980456026058631 0.14978902953586498
0 0.9169381107491856 0.6054852320675106 0.06514657980456026 0.07172995780590717
0 0.9820846905537459 0.8354430379746836 0.035830618892508145 0.3291139240506329
0 0.9747557003257329 0.6571729957805907 0.050488599348534204 0.1751054852320675
0 0.8941368078175895 0.7447257383966245 0.10749185667752444 0.350210970464135
0 0.7890879478827362 0.7320675105485233 0.11889250814332247 0.32489451476793246
0 0.9682410423452769 0.5991561181434599 0.06351791530944625 0.05907172995780591
0 0.8501628664495114 0.5938818565400844 0.0781758957654723 0.04852320675105485