0 0.85451197053407 0.27721088435374147 0.11786372007366483 0.3843537414965986
0 0.9456721915285451 0.23469387755102042 0.10865561694290976 0.46938775510204084
0 0.7587476979742173 0.36904761904761907 0.09944751381215469 0.20068027210884354
0 0.6611418047882136 0.38010204081632654 0.10681399631675875 0.17857142857142858
0 0.6694290976058932 0.22193877551020408 0.11049723756906077 0.4030612244897959
0 0.48572744014732966 0.3554421768707483 0.09300184162062615 0.22789115646258504
0 0.570902394106814 0.35799319727891155 0.09576427255985268 0.2227891156462585
0 0.576427255985267 0.22023809523809523 0.09392265193370165 0.358843537414966
0 0.7601289134438306 0.2534013605442177 0.10220994475138122 0.3469387755102041
0 0.4912523020257827 0.23979591836734693 0.10405156537753223 0.3231292517006803
0 0.40101289134438306 0.9209183673469388 0.07642725598526703 0.15816326530612246
0 0.3149171270718232 0.9319727891156463 0.10681399631675875 0.1360544217687075
0 0.32320441988950277 0.7950680272108843 0.11049723756906077 0.4030612244897959
0 0.106353591160221 0.907312925170068 0.15930018416206262 0.18537414965986396
0 0.22467771639042358 0.9098639455782312 0.09576427255985268 0.18027210884353742
0 0.2302025782688766 0.7933673469387755 0.09392265193370165 0.358843537414966
0 0.40101289134438306 0.826530612244898 0.07642725598526703 0.3469387755102041
0 0.1427255985267035 0.8129251700680272 0.10865561694290976 0.3231292517006803
0 0.8830570902394107 0.9022108843537415 0.11233885819521179 0.195578231292517
0 0.6675874769797422 0.8809523809523809 0.12154696132596685 0.23809523809523808
0 0.7730202578268877 0.9124149659863946 0.10589318600368323 0.17517006802721088
0 0.5584714548802947 0.8852040816326531 0.10589318600368323 0.22959183673469388
0 0.47605893186003684 0.891156462585034 0.07366482504604052 0.21768707482993196
0 0.7435543278084714 0.7653061224489796 0.08747697974217311 0.24149659863945577
0 0.6068139963167587 0.7738095238095238 0.07734806629834254 0.336734693877551
0 0.4940147329650092 0.7644557823129252 0.09116022099447514 0.23979591836734693
0 0.5423572744014733 0.7032312925170068 0.0718232044198895 0.1921768707482993
0 0.4498158379373849 0.7585034013605442 0.02117863720073665 0.30272108843537415
0 0.6652854511970534 0.7627551020408163 0.08379373848987108 0.24319727891156462
0 0.7965009208103131 0.8137755102040817 0.07366482504604052 0.358843537414966
0 0.9419889502762431 0.7891156462585034 0.10313075506445672 0.29591836734693877
0 0.8692449355432781 0.7738095238095238 0.07734806629834254 0.20748299319727892
0 0.6979742173112339 0.6870748299319728 0.05156537753222836 0.14625850340136054
0 0.9014732965009208 0.6845238095238095 0.04788213627992634 0.15476190476190477
0 0.830110497237569 0.6989795918367347 0.03959484346224678 0.17346938775510204