0 0.2752577319587629 0.28308823529411764 0.33608247422680415 0.49264705882352944
0 0.9077319587628866 0.13143382352941177 0.08969072164948454 0.26286764705882354
0 0.865979381443299 0.328125 0.13195876288659794 0.4025735294117647
0 0.9587628865979382 0.3336397058823529 0.08247422680412371 0.3915441176470588
0 0.6608247422680412 0.24724264705882354 0.11958762886597939 0.4944852941176471
0 0.9742268041237113 0.11029411764705882 0.05154639175257732 0.22058823529411764
0 0.831958762886598 0.14981617647058823 0.0865979381443299 0.25919117647058826
0 0.6793814432989691 0.3391544117647059 0.1134020618556701 0.3805147058823529
0 0.7711340206185567 0.34650735294117646 0.11134020618556702 0.36580882352941174
0 0.7556701030927835 0.13786764705882354 0.08453608247422681 0.24632352941176472
0 0.2994845360824742 0.6865808823529411 0.39278350515463917 0.31433823529411764
0 0.7917525773195876 0.9705882352941176 0.06391752577319587 0.058823529411764705
0 0.884020618556701 0.6461397058823529 0.07525773195876288 0.23345588235294118