0 0.8315217391304348 0.2973523421588595 0.08724256292906178 0.4119144602851324
0 0.7248283752860412 0.33859470468431774 0.05491990846681922 0.3080448065173116
0 0.6435926773455377 0.3426680244399185 0.057780320366132724 0.25967413441955195
0 0.3498283752860412 0.8314663951120163 0.02116704805491991 0.026476578411405296
0 0.6849256292906178 0.7517820773930753 0.05863844393592677 0.21130346232179226
0 0.7206807780320366 0.7237780040733197 0.04433638443935927 0.21639511201629327
0 0.7153890160183066 0.6003054989816701 0.05434782608695652 0.10081466395112017
0 0.6930778032036613 0.5840122199592668 0.03718535469107551 0.06822810590631365
0 0.657608695652174 0.5891038696537678 0.041762013729977114 0.07841140529531568
0 0.7721681922196796 0.6397657841140529 0.038615560640732266 0.1094704684317719
0 0.9437929061784897 0.7186863543788188 0.05005720823798627 0.20621181262729124
0 0.8744279176201373 0.5992871690427699 0.04290617848970252 0.09877800407331976
0 0.919908466819222 0.6232179226069247 0.04004576659038902 0.14663951120162932
0 0.9078947368421053 0.5941955193482689 0.029748283752860413 0.08859470468431772
0 0.982837528604119 0.6232179226069247 0.034324942791762014 0.14663951120162932
0 0.9831235697940504 0.5672097759674134 0.033752860411899316 0.034623217922606926
0 0.9373569794050344 0.579938900203666 0.03718535469107551 0.06008146639511202