0 0.2718340611353712 0.3055555555555556 0.29475982532751094 0.5467836257309941
0 0.2096069868995633 0.2894736842105263 0.4192139737991266 0.5789473684210527
0 0.35152838427947597 0.07017543859649122 0.1222707423580786 0.14035087719298245
0 0.7183406113537117 0.1695906432748538 0.12882096069868995 0.30994152046783624
0 0.3646288209606987 0.6900584795321637 0.1091703056768559 0.2222222222222222
0 0.11244541484716157 0.7894736842105263 0.21615720524017468 0.42105263157894735
0 0.15611353711790393 0.7894736842105263 0.15502183406113537 0.42105263157894735
0 0.03275109170305677 0.7309941520467836 0.06550218340611354 0.2573099415204678
0 0.8493449781659389 0.804093567251462 0.0611353711790393 0.2631578947368421
0 0.6943231441048034 0.8435672514619883 0.056768558951965066 0.17251461988304093
0 0.75764192139738 0.814327485380117 0.043668122270742356 0.13742690058479531
0 0.8056768558951966 0.8157894736842105 0.034934497816593885 0.14035087719298245