0 0.5755876068376068 0.0817490494296578 0.031517094017094016 0.13307984790874525
0 0.5758547008547008 0.03612167300380228 0.03205128205128205 0.07224334600760456
0 0.8547008547008547 0.23431558935361216 0.05074786324786325 0.12832699619771862
0 0.6083066239316239 0.2818441064638783 0.052083333333333336 0.19011406844106463
0 0.6697382478632479 0.24738593155893537 0.052083333333333336 0.2067490494296578
0 0.7211538461538461 0.22005703422053233 0.04006410256410257 0.1806083650190114
0 0.750534188034188 0.21292775665399238 0.04807692307692308 0.1758555133079848
0 0.7865918803418803 0.19391634980988592 0.04807692307692308 0.1758555133079848
0 0.7905982905982906 0.3626425855513308 0.05074786324786325 0.20437262357414449
0 0.8072916666666666 0.30204372623574144 0.044070512820512824 0.16872623574144488
0 0.6797542735042735 0.05275665399239544 0.034722222222222224 0.10551330798479087
0 0.7072649572649573 0.049429657794676805 0.041666666666666664 0.09885931558935361
0 0.7425213675213675 0.05655893536121673 0.04807692307692308 0.11311787072243346
0 0.9893162393162394 0.3597908745247148 0.021367521367521368 0.19486692015209126
0 0.9782318376068376 0.17015209125475286 0.033386752136752136 0.1758555133079848
0 0.9954594017094017 0.03849809885931559 0.009081196581196582 0.07699619771863118
0 0.9775641025641025 0.04467680608365019 0.03205128205128205 0.08935361216730038
0 0.2948717948717949 0.9529467680608364 0.053418803418803416 0.094106463878327
0 0.007745726495726496 0.8797528517110266 0.015491452991452992 0.22338403041825095
0 0.3373397435897436 0.6216730038022814 0.05074786324786325 0.06463878326996197
0 0.09107905982905982 0.6606463878326996 0.05181623931623932 0.14258555133079848
0 0.15251068376068377 0.6478136882129277 0.05181623931623932 0.11692015209125475
0 0.20379273504273504 0.6273764258555133 0.04006410256410257 0.07604562737642585
0 0.23344017094017094 0.6226235741444867 0.04807692307692308 0.06653992395437262
0 0.2692307692307692 0.6131178707224335 0.04807692307692308 0.04752851711026616
0 0.27350427350427353 0.7181558935361216 0.05074786324786325 0.20437262357414449
0 0.2900641025641026 0.6653992395437263 0.0438034188034188 0.1520912547528517
0 0.4878472222222222 0.7157794676806084 0.052083333333333336 0.19486692015209126
0 0.499732905982906 0.6226235741444867 0.04113247863247863 0.06653992395437262