0 0.2097345132743363 0.3785488958990536 0.25663716814159293 0.5615141955835962
0 0.14292035398230088 0.8296529968454258 0.28584070796460176 0.34069400630914826
0 0.42035398230088494 0.8194006309148265 0.021238938053097345 0.13406940063091483
0 0.4995575221238938 0.8154574132492114 0.12345132743362831 0.1498422712933754
0 0.765929203539823 0.8517350157728707 0.15973451327433627 0.277602523659306
0 0.8676991150442478 0.8682965299684543 0.11415929203539824 0.2634069400630915
0 0.7982300884955752 0.7917981072555205 0.07654867256637168 0.11041009463722397
0 0.8300884955752212 0.8588328075709779 0.07123893805309735 0.21056782334384858
0 0.9442477876106194 0.8761829652996845 0.08185840707964602 0.2476340694006309
0 0.9628318584070796 0.8761829652996845 0.0743362831858407 0.2476340694006309
0 0.6907079646017699 0.8257097791798107 0.07654867256637168 0.12145110410094637