0 0.705423940149626 0.3687566418703507 0.02805486284289277 0.0167375132837407
0 0.6826683291770573 0.3687566418703507 0.02805486284289277 0.013018065887353878
0 0.6443266832917706 0.36928799149840597 0.03834164588528678 0.012221041445270989
0 0.8737531172069826 0.3668969181721573 0.023067331670822942 0.0167375132837407
0 0.03522443890274314 0.8753985122210415 0.07044887780548628 0.24920297555791712
0 0.11970074812967581 0.8902763018065888 0.13216957605985039 0.21944739638682254
0 0.17425187032418954 0.7893198724760893 0.05049875311720698 0.09192348565356004
0 0.2948877805486284 0.7770988310308182 0.1536783042394015 0.44580233793836344
0 0.4354738154613466 0.7792242295430393 0.13216957605985039 0.4365037194473964
0 0.702930174563591 0.7425611052072264 0.1561720698254364 0.41471838469713074
0 0.7394014962593516 0.7380446333687567 0.10317955112219451 0.3828374070138151