0 0.3156779661016949 0.22452830188679246 0.15254237288135594 0.4490566037735849
0 0.16896186440677965 0.22452830188679246 0.13453389830508475 0.4490566037735849
0 0.06408898305084745 0.22452830188679246 0.1281779661016949 0.4490566037735849
0 0.17584745762711865 0.22452830188679246 0.2838983050847458 0.4490566037735849
0 0.7595338983050848 0.21415094339622642 0.13771186440677965 0.42830188679245285
0 0.8945974576271186 0.22075471698113208 0.1451271186440678 0.44150943396226416
0 0.5407838983050848 0.22075471698113208 0.13241525423728814 0.44150943396226416
0 0.5963983050847458 0.0509433962264151 0.11864406779661017 0.1018867924528302
0 0.7457627118644068 0.07075471698113207 0.1483050847457627 0.14150943396226415
0 0.9809322033898306 0.21415094339622642 0.038135593220338986 0.42830188679245285
0 0.638771186440678 0.219811320754717 0.13983050847457626 0.439622641509434
0 0.8591101694915254 0.07735849056603773 0.17796610169491525 0.15471698113207547
0 0.9036016949152542 0.03962264150943396 0.1016949152542373 0.07924528301886792
0 0.3580508474576271 0.9867924528301887 0.06779661016949153 0.026415094339622643
0 0.1742584745762712 0.9811320754716981 0.024364406779661018 0.03773584905660377
0 0.14459745762711865 0.9783018867924528 0.034957627118644065 0.04339622641509434
0 0.7547669491525424 0.7811320754716982 0.1620762711864407 0.4377358490566038