0 0.22662889518413598 0.8877118644067796 0.10906515580736544 0.2245762711864407
0 0.12677053824362605 0.8806497175141242 0.1048158640226629 0.2387005649717514
0 0.3240084985835694 0.8806497175141242 0.10977337110481586 0.2387005649717514
0 0.363314447592068 0.8029661016949152 0.08923512747875353 0.3940677966101695
0 0.28328611898017 0.7598870056497176 0.0764872521246459 0.3192090395480226
0 0.21423512747875353 0.7556497175141242 0.07861189801699717 0.2909604519774011
0 0.03151558073654391 0.882768361581921 0.06303116147308782 0.2344632768361582
0 0.06161473087818697 0.8220338983050848 0.08073654390934844 0.3559322033898305
0 0.1395184135977337 0.7676553672316384 0.07507082152974505 0.25
0 0.921742209631728 0.78954802259887 0.15509915014164305 0.4209039548022599
0 0.8672096317280453 0.7655367231638418 0.16395184135977336 0.3700564971751412
0 0.7868271954674221 0.8135593220338984 0.17138810198300283 0.22598870056497175
0 0.6186260623229461 0.817090395480226 0.14518413597733712 0.22598870056497175
0 0.5279745042492918 0.7747175141242938 0.1961756373937677 0.3735875706214689