0 0.2395397489539749 0.15481171548117154 0.27824267782426776 0.30962343096234307
0 0.11610878661087866 0.16736401673640167 0.23221757322175732 0.28451882845188287
0 0.7154811715481172 0.09518828451882845 0.0794979079497908 0.18619246861924685
0 0.5638075313807531 0.03765690376569038 0.06485355648535565 0.07531380753138076
0 0.7792887029288703 0.009414225941422594 0.027196652719665274 0.01882845188284519
0 0.8148535564853556 0.006276150627615063 0.02301255230125523 0.012552301255230125
0 0.14435146443514643 0.5878661087866108 0.28870292887029286 0.5564853556485355
0 0.9396443514644351 0.8026882845188285 0.057949790794979174 0.17023012552301256
0 0.7277405857740586 0.8080753138075314 0.059163179916317934 0.143347280334728
0 0.9042050209205021 0.8184100418410043 0.05351464435146428 0.16820083682008383
0 0.5279916317991632 0.8288284518828452 0.09882845188284521 0.22251046025104607
0 0.6516736401673641 0.8430962343096234 0.17364016736401675 0.3138075313807531