0 0.5985411899313501 0.4378818737270876 0.06149885583524028 0.23421588594704684
0 0.698512585812357 0.029022403258655804 0.04691075514874142 0.05804480651731161
0 0.6427345537757437 0.0560081466395112 0.04977116704805492 0.1120162932790224
0 0.4925629290617849 0.06975560081466395 0.05606407322654462 0.1395112016293279
0 0.5091533180778032 0.20875763747454176 0.04862700228832952 0.23421588594704684
0 0.8295194508009154 0.12219959266802444 0.05148741418764302 0.22912423625254583
0 0.7186784897025171 0.1680244399185336 0.05005720823798627 0.22912423625254583
0 0.9181922196796338 0.2520366598778004 0.060068649885583525 0.27494908350305497
0 0.6714816933638444 0.34623217922606925 0.05577803203661327 0.2494908350305499
0 0.07065217391304347 0.8574338085539714 0.14130434782608695 0.2830957230142566
0 0.33810068649885583 0.8345213849287169 0.20337528604118993 0.3304480651731161
0 0.8303775743707094 0.850081466395112 0.08061784897025176 0.2672505091649695