0 0.3589005235602094 0.3463687150837989 0.03821989528795811 0.1266294227188082
0 0.7589005235602094 0.2446461824953445 0.049738219895287955 0.20716945996275604
0 0.7327225130890053 0.13640595903165736 0.04712041884816754 0.21880819366852886
0 0.5937172774869109 0.04003724394785847 0.05759162303664921 0.08007448789571694
0 0.4107329842931937 0.046089385474860335 0.03926701570680628 0.09217877094972067
0 0.481413612565445 0.2807262569832402 0.0549738219895288 0.20949720670391062
0 0.47408376963350785 0.330074487895717 0.05602094240837696 0.15921787709497207
0 0.5475130890052357 0.22136871508379888 0.058900523560209424 0.22113594040968343
0 0.962434554973822 0.11196461824953445 0.051047120418848166 0.22113594040968343
0 0.9900523560209424 0.1233705772811918 0.019895287958115182 0.2169459962756052
0 0.9887434554973822 0.033054003724394786 0.022513089005235604 0.06610800744878957
0 0.24345549738219896 0.8300744878957169 0.19240837696335078 0.3393854748603352
0 0.16989528795811518 0.7188081936685289 0.33979057591623035 0.5623836126629422
0 0.28219895287958113 0.5800744878957169 0.11413612565445026 0.3407821229050279
0 0.5222513089005235 0.9301675977653632 0.015968586387434557 0.06052141527001862
0 0.5054973821989529 0.9324953445065177 0.014659685863874346 0.05865921787709497
0 0.587434554973822 0.9357541899441341 0.018586387434554975 0.0712290502793296
0 0.918848167539267 0.9394785847299814 0.024083769633507852 0.06657355679702048
0 0.4031413612565445 0.9371508379888268 0.025392670157068063 0.0712290502793296
0 0.4356020942408377 0.9315642458100558 0.024083769633507852 0.0633147113594041
0 0.6154450261780104 0.9422718808193669 0.024083769633507852 0.06843575418994413
0 0.6007853403141361 0.931098696461825 0.015968586387434557 0.05865921787709497