0 0.7834224598930482 0.22446236559139784 0.10873440285204991 0.3629032258064516
0 0.5860071301247772 0.2708333333333333 0.09893048128342247 0.3131720430107527
0 0.9812834224598931 0.4845430107526882 0.0374331550802139 0.34274193548387094
0 0.6925133689839572 0.2325268817204301 0.09803921568627451 0.3279569892473118
0 0.5842245989304813 0.5268817204301075 0.12745098039215685 0.34408602150537637
0 0.6693404634581105 0.5006720430107527 0.11942959001782531 0.3131720430107527
0 0.8770053475935828 0.21706989247311828 0.08912655971479501 0.2970430107526882
0 0.9621212121212122 0.24663978494623656 0.07575757575757576 0.43951612903225806
0 0.9362745098039216 0.4650537634408602 0.10606060606060606 0.3333333333333333
0 0.7624777183600713 0.48051075268817206 0.10784313725490197 0.2916666666666667
0 0.8484848484848485 0.4650537634408602 0.11229946524064172 0.32526881720430106
0 0.5967023172905526 0.8494623655913979 0.15418894830659535 0.3010752688172043
0 0.7455436720142602 0.8494623655913979 0.22727272727272727 0.3010752688172043
0 0.9064171122994652 0.8494623655913979 0.18716577540106952 0.3010752688172043