0 0.21255506607929514 0.31938325991189426 0.30616740088105726 0.6387665198237885
0 0.3964757709251101 0.3303964757709251 0.10572687224669604 0.29515418502202645
0 0.3986784140969163 0.17731277533039647 0.048458149779735685 0.14757709251101322
0 0.5110132158590308 0.3381057268722467 0.08370044052863436 0.23127753303964757
0 0.5198237885462555 0.43502202643171806 0.1013215859030837 0.40748898678414097
0 0.7433920704845814 0.2830396475770925 0.07268722466960352 0.09911894273127753
0 0.8314977973568282 0.3513215859030837 0.13876651982378854 0.21806167400881057
0 0.8755506607929515 0.27312775330396477 0.09030837004405286 0.1277533039647577
0 0.9317180616740088 0.3986784140969163 0.13656387665198239 0.4801762114537445
0 0.9162995594713657 0.8193832599118943 0.14537444933920704 0.36123348017621143
0 0.8215859030837004 0.8171806167400881 0.11894273127753303 0.31718061674008813
0 0.6585903083700441 0.8799559471365639 0.2687224669603524 0.24008810572687225
0 0.5583700440528634 0.9449339207048458 0.17841409691629956 0.11013215859030837