0 0.30303030303030304 0.24481327800829875 0.1317016317016317 0.24481327800829875
0 0.11188811188811189 0.46939834024896265 0.14277389277389277 0.28112033195020747
0 0.31847319347319347 0.4699170124481328 0.1858974358974359 0.2800829875518672
0 0.03787878787878788 0.39367219917012447 0.07575757575757576 0.35632780082987553
0 0.1486013986013986 0.25570539419087135 0.11975524475524475 0.2629668049792531
0 0.4152097902097902 0.2899377593360996 0.1486013986013986 0.49688796680497926
0 0.7698135198135199 0.13018672199170125 0.05536130536130536 0.1400414937759336
0 0.6241258741258742 0.1146265560165975 0.043706293706293704 0.1970954356846473
0 0.6561771561771562 0.10684647302904564 0.05244755244755245 0.19190871369294607
0 0.6952214452214452 0.09076763485477178 0.05244755244755245 0.18153526970954356
0 0.6998834498834499 0.27022821576763484 0.05536130536130536 0.22302904564315354
0 0.7180944055944056 0.20409751037344398 0.04807692307692308 0.1841286307053942
0 0.9337121212121212 0.2676348547717842 0.056818181818181816 0.21265560165975103
0 0.9468240093240093 0.11073651452282157 0.04516317016317016 0.1841286307053942
0 0.9044289044289044 0.07780082987551867 0.03613053613053613 0.15560165975103735
0 0.9903846153846154 0.0741701244813278 0.019230769230769232 0.1483402489626556
0 0.7462121212121212 0.5321576763485477 0.05536130536130536 0.15560165975103735
0 0.4991258741258741 0.15612033195020747 0.019230769230769232 0.19190871369294607
0 0.5636655011655012 0.20020746887966806 0.05099067599067599 0.22821576763485477
0 0.5912004662004662 0.5503112033195021 0.06235431235431235 0.11929460580912864