0 0.8684782608695653 0.11460348162475822 0.051630434782608696 0.13056092843326886
0 0.81875 0.17891682785299806 0.045108695652173916 0.2011605415860735
0 0.8161684782608696 0.06745647969052225 0.04483695652173913 0.13297872340425532
0 0.8717391304347826 0.22243713733075435 0.04782608695652174 0.11411992263056092
0 0.720108695652174 0.1958413926499033 0.043478260869565216 0.16731141199226304
0 0.7625 0.18471953578336556 0.03804347826086957 0.1895551257253385
0 0.6774456521739131 0.04013539651837524 0.045108695652173916 0.08027079303675048
0 0.7127717391304348 0.03433268858800774 0.04184782608695652 0.06866537717601548
0 0.7426630434782608 0.041586073500967116 0.03967391304347826 0.08317214700193423
0 0.9877717391304348 0.037717601547388784 0.024456521739130436 0.07543520309477757
0 0.33641304347826084 0.10831721470019343 0.03369565217391304 0.16247582205029013
0 0.38546195652173915 0.18834622823984526 0.04483695652173913 0.16682785299806577
0 0.5008152173913043 0.0788201160541586 0.03967391304347826 0.1576402321083172
0 0.8410326086956522 0.017408123791102514 0.04076086956521739 0.03481624758220503