0 0.9309440559440559 0.42323651452282157 0.05536130536130536 0.17219917012448133
0 0.9018065268065268 0.3324688796680498 0.05244755244755245 0.2437759336099585
0 0.5241841491841492 0.04304979253112033 0.05536130536130536 0.08609958506224066
0 0.6698717948717948 0.049273858921161824 0.043706293706293704 0.09854771784232365
0 0.6381118881118881 0.044087136929460584 0.05244755244755245 0.08817427385892117
0 0.5984848484848485 0.03371369294605809 0.05244755244755245 0.06742738589211618
0 0.5474941724941725 0.42479253112033194 0.05536130536130536 0.1690871369294606
0 0.7304778554778555 0.10010373443983403 0.050699300699300696 0.20020746887966806
0 0.5795454545454546 0.10892116182572614 0.05536130536130536 0.21784232365145229
0 0.5710955710955711 0.16779045643153526 0.0641025641025641 0.24636929460580914
0 0.9769813519813519 0.027489626556016597 0.04603729603729604 0.054979253112033194
0 0.8237179487179487 0.05446058091286307 0.05419580419580419 0.10892116182572614
0 0.6960955710955711 0.42738589211618255 0.06701631701631702 0.16390041493775934
0 0.6241258741258742 0.46213692946058094 0.05944055944055944 0.09439834024896265
0 0.16171328671328672 0.7546680497925311 0.32342657342657344 0.49066390041493774
0 0.9275932400932401 0.7199170124481328 0.053904428904428904 0.23858921161825727
0 0.9567307692307693 0.8482883817427386 0.05973193473193473 0.2619294605809129
0 0.502039627039627 0.9465767634854771 0.05652680652680653 0.10684647302904564
0 0.6360722610722611 0.5679460580912863 0.060023310023310024 0.11721991701244813
0 0.5996503496503497 0.5549792531120332 0.045454545454545456 0.0912863070539419
0 0.5874125874125874 0.858661825726141 0.05536130536130536 0.2567427385892116
0 0.6462703962703963 0.9818464730290456 0.07459207459207459 0.03630705394190872
0 0.8085664335664335 0.5378630705394191 0.049533799533799536 0.05705394190871369
0 0.7526223776223776 0.9196058091286307 0.07167832167832168 0.1607883817427386