0 0.4096774193548387 0.32231404958677684 0.02903225806451613 0.1115702479338843
0 0.392741935483871 0.3347107438016529 0.024193548387096774 0.08677685950413223
0 0.36451612903225805 0.3274793388429752 0.041935483870967745 0.1012396694214876
0 0.28951612903225804 0.32954545454545453 0.024193548387096774 0.09710743801652892
0 0.2532258064516129 0.33884297520661155 0.035483870967741936 0.07851239669421488
0 0.21693548387096775 0.3347107438016529 0.024193548387096774 0.08677685950413223
0 0.10241935483870968 0.27789256198347106 0.03064516129032258 0.047520661157024795
0 0.9024193548387097 0.1890495867768595 0.19516129032258064 0.378099173553719
0 0.6330645161290323 0.1890495867768595 0.22741935483870968 0.378099173553719
0 0.3467741935483871 0.9101239669421488 0.13225806451612904 0.1797520661157025
0 0.22480645161290322 0.7526239669421488 0.12185483870967735 0.26520661157024794