0 0.2687420584498094 0.19714285714285715 0.33831003811944094 0.3442857142857143
0 0.9361499364675985 0.18476190476190477 0.12770012706480305 0.36952380952380953
0 0.5892630241423126 0.2661904761904762 0.09974587039390088 0.20666666666666667
0 0.7966963151207116 0.09428571428571429 0.09783989834815757 0.18857142857142858
0 0.6013341804320204 0.13904761904761906 0.09847522236340533 0.24
0 0.8202033036848793 0.27666666666666667 0.11435832274459974 0.18571428571428572
0 0.6696315120711563 0.26476190476190475 0.09021601016518424 0.20952380952380953
0 0.7363405336721728 0.26857142857142857 0.09021601016518424 0.2019047619047619
0 0.7652477763659467 0.14333333333333334 0.0781448538754765 0.19714285714285715
0 0.6890088945362135 0.1361904761904762 0.07560355781448538 0.17523809523809525
0 0.7109275730622617 0.06190476190476191 0.08640406607369759 0.12380952380952381
0 0.6473951715374842 0.06904761904761905 0.0698856416772554 0.1380952380952381
0 0.5574968233799238 0.056666666666666664 0.03621346886912325 0.11333333333333333
0 0.6045108005082592 0.06904761904761905 0.08958068614993647 0.1380952380952381
0 0.3360864040660737 0.7152380952380952 0.050508259212198224 0.19380952380952382
0 0.27064803049555275 0.93 0.05876747141041931 0.11666666666666667
0 0.826874205844981 0.7 0.06925031766200762 0.2604761904761905