0 0.1953971119133574 0.9356913183279743 0.20397111913357402 0.12861736334405144
0 0.35243682310469315 0.6012861736334405 0.2518050541516246 0.10048231511254019
0 0.01128158844765343 0.8062700964630225 0.02256317689530686 0.06430868167202572
0 0.01128158844765343 0.7829581993569131 0.02256317689530686 0.02572347266881029
0 0.05279783393501805 0.7845659163987139 0.05595667870036101 0.03054662379421222
0 0.05324909747292419 0.8030546623794212 0.05415162454873646 0.03938906752411576
0 0.0970216606498195 0.7837620578778135 0.02888086642599278 0.03778135048231511
0 0.12409747292418773 0.7998392282958199 0.05685920577617329 0.03376205787781351
0 0.15568592057761732 0.7837620578778135 0.04151624548736462 0.0297427652733119
0 0.20893501805054152 0.817524115755627 0.08935018050541517 0.09244372990353698
0 0.2851985559566787 0.7813504823151125 0.04512635379061372 0.03536977491961415
0 0.28294223826714804 0.8183279742765274 0.034747292418772564 0.08279742765273312
0 0.3109205776173285 0.8384244372990354 0.06272563176895307 0.12861736334405144
0 0.35379061371841153 0.8159163987138264 0.04783393501805054 0.06511254019292605
0 0.421028880866426 0.8336012861736335 0.12770758122743683 0.1229903536977492
0 0.4666064981949459 0.8118971061093248 0.053700361010830325 0.06913183279742766
0 0.5108303249097473 0.7821543408360129 0.033393501805054154 0.023311897106109324
0 0.5234657039711191 0.8062700964630225 0.06949458483754513 0.05466237942122187
0 0.5938628158844765 0.8102893890675241 0.05324909747292419 0.07958199356913183
0 0.648014440433213 0.8118971061093248 0.050992779783393505 0.06913183279742766
0 0.6944945848375451 0.77491961414791 0.04332129963898917 0.023311897106109324
0 0.6611010830324909 0.7733118971061094 0.024368231046931407 0.02090032154340836
0 0.6962996389891697 0.7998392282958199 0.042418772563176894 0.04662379421221865
0 0.7355595667870036 0.7741157556270096 0.02527075812274368 0.017684887459807074
0 0.7472924187725631 0.8078778135048231 0.05956678700361011 0.07556270096463022
0 0.7924187725631769 0.8135048231511254 0.03384476534296029 0.05627009646302251
0 0.4232851985559567 0.9742765273311897 0.6597472924187726 0.05144694533762058