0 0.16023489932885907 0.28582089552238804 0.2160234899328859 0.2671641791044776
0 0.6929530201342282 0.1582089552238806 0.2835570469798658 0.1253731343283582
0 0.16736577181208054 0.817910447761194 0.09312080536912752 0.3641791044776119
0 0.07634228187919463 0.8022388059701493 0.12248322147651007 0.39552238805970147
0 0.23810402684563764 0.7259104477611941 0.06489932885906032 0.3309253731343284
0 0.7831375838926175 0.6761194029850747 0.040268456375838924 0.10522388059701493
0 0.38296979865771813 0.7402985074626866 0.06501677852348993 0.40223880597014927
0 0.34941275167785235 0.6888059701492537 0.03901006711409396 0.28059701492537314
0 0.8531879194630873 0.7149253731343284 0.03942953020134228 0.17238805970149254
0 0.9047818791946308 0.7291044776119403 0.057466442953020135 0.1798507462686567
0 0.9941275167785235 0.7186567164179104 0.01174496644295302 0.1865671641791045
0 0.9358221476510067 0.6783582089552239 0.027684563758389263 0.12611940298507462
0 0.9832214765100671 0.7111940298507463 0.031459731543624164 0.12388059701492538