0 0.48981670061099797 0.875 0.1079429735234216 0.25
0 0.03971486761710794 0.8885869565217391 0.07942973523421588 0.22282608695652173
0 0.09877800407331976 0.9021739130434783 0.07128309572301425 0.1956521739130435
0 0.45723014256619143 0.9191576086956522 0.0855397148676171 0.16168478260869565
0 0.13594704684317718 0.9565217391304348 0.09674134419551934 0.08695652173913043
0 0.22454175152749492 0.9442934782608695 0.10692464358452139 0.11141304347826086
0 0.37474541751527496 0.953125 0.109979633401222 0.09375
0 0.29938900203665986 0.9429347826086957 0.11608961303462322 0.11413043478260869
0 0.3971486761710794 0.8695652173913043 0.06109979633401222 0.16576086956521738
0 0.2561099796334012 0.8783967391304348 0.0824847250509165 0.16168478260869565
0 0.3284114052953157 0.8722826086956522 0.0824847250509165 0.1875
0 0.17260692464358451 0.8885869565217391 0.08859470468431772 0.1983695652173913
0 0.829938900203666 0.6188858695652174 0.12423625254582485 0.11820652173913043
0 0.615071283095723 0.6297554347826086 0.09164969450101833 0.13994565217391305
0 0.7260692464358453 0.6141304347826086 0.1120162932790224 0.10869565217391304
0 0.6221995926680245 0.8023097826086957 0.10590631364562118 0.35190217391304346
0 0.6995926680244399 0.7737771739130435 0.1364562118126273 0.31657608695652173
0 0.9368635437881874 0.5985054347826086 0.10183299389002037 0.07744565217391304
0 0.9719959266802444 0.7377717391304348 0.0560081466395112 0.33695652173913043
0 0.8060081466395111 0.7533967391304348 0.12321792260692464 0.29483695652173914
0 0.9042769857433809 0.7377717391304348 0.12830957230142567 0.328804347826087