0 0.7786842105263158 0.18726591760299627 0.03710526315789474 0.17462546816479402
0 0.7573684210526316 0.973314606741573 0.04736842105263158 0.05337078651685393
0 0.7002631578947368 0.6427902621722846 0.04894736842105263 0.08707865168539326
0 0.5705263157894737 0.8539325842696629 0.021052631578947368 0.1704119850187266
0 0.5739473684210527 0.6629213483146067 0.027894736842105264 0.12734082397003746
0 0.8463157894736842 0.6217228464419475 0.030526315789473683 0.0449438202247191
0 0.9036842105263158 0.6348314606741573 0.031578947368421054 0.07116104868913857
0 0.9392105263157895 0.6395131086142322 0.039473684210526314 0.08052434456928839
0 0.6463157894736842 0.9662921348314607 0.05157894736842105 0.06741573033707865
0 0.8023684210526316 0.7066947565543071 0.04473684210526316 0.175561797752809
0 0.9939473684210526 0.8787453183520599 0.012105263157894737 0.19194756554307116
0 0.9878947368421053 0.7930711610486891 0.024210526315789474 0.1760299625468165
0 0.9543421052631579 0.7991573033707865 0.04342105263157895 0.16385767790262173
0 0.9122368421052631 0.891619850187266 0.046052631578947366 0.17088014981273408
0 0.6175 0.7183988764044944 0.035526315789473684 0.16619850187265917
0 0.6252631578947369 0.6427902621722846 0.035789473684210524 0.08707865168539326
0 0.5852631578947368 0.9578651685393258 0.04736842105263158 0.08426966292134831