0 0.2239514348785872 0.44434628975265017 0.013024282560706401 0.03121319199057715
0 0.48631346578366447 0.3751472320376914 0.03200883002207505 0.07670789163722026
0 0.31390728476821195 0.4015017667844523 0.048013245033112585 0.11690223792697291
0 0.018101545253863136 0.6454652532391049 0.024503311258278145 0.1154299175500589
0 0.1586092715231788 0.6403121319199058 0.020309050772626933 0.09628975265017668
0 0.1857615894039735 0.6568021201413428 0.02891832229580574 0.09069493521790342
0 0.22350993377483444 0.4836572438162544 0.017880794701986755 0.04740871613663133
0 0.04150110375275938 0.539605418138987 0.016997792494481235 0.0712603062426384
0 0.017218543046357615 0.5334216725559482 0.019426048565121413 0.09069493521790342
0 0.7409492273730685 0.7841578327444052 0.1600441501103753 0.43168433451118965
0 0.5102649006622516 0.8203769140164899 0.1673289183222958 0.3590989399293286
0 0.626710816777042 0.8371613663133097 0.0945916114790287 0.32567726737338043