0 0.32377740303541314 0.21804932735426008 0.3528667790893761 0.43609865470852016
0 0.17322934232715007 0.8021973094170403 0.029215851602023588 0.1219170403587444
0 0.13622259696458686 0.7891031390134529 0.02324620573355817 0.10225336322869959
0 0.21820404721753797 0.7852354260089687 0.017959527824620534 0.06058295964125556
0 0.23050590219224282 0.7864798206278026 0.011635750421585121 0.06182735426008966
0 0.24279932546374366 0.7892825112107623 0.013735244519392887 0.05622197309417038
0 0.2563912310286678 0.7880381165919284 0.020295109612141694 0.05871076233183857
0 0.37058178752107923 0.7790022421524664 0.018161888701517675 0.05434977578475338
0 0.40935075885328837 0.7730829596412555 0.01978920741989884 0.04624439461883408
0 0.9818718381112985 0.95347533632287 0.03625632377740304 0.0930493273542601
0 0.7368043844856661 0.924865470852018 0.010016863406408186 0.03600896860986535
0 0.753946037099494 0.9222421524663676 0.009789207419898735 0.030751121076233255