0 0.20274725274725275 0.10888671875 0.08983516483516484 0.19140625
0 0.11785714285714285 0.1103515625 0.11401098901098901 0.1884765625
0 0.012637362637362638 0.12158203125 0.025274725274725275 0.0556640625
0 0.6510989010989011 0.34521484375 0.04945054945054945 0.0888671875
0 0.710989010989011 0.0146484375 0.05054945054945055 0.029296875
0 0.9903846153846154 0.11767578125 0.019230769230769232 0.1318359375
0 0.9570054945054945 0.199462890625 0.04532967032967033 0.23681640625
0 0.9542582417582418 0.070068359375 0.04532967032967033 0.13427734375
0 0.5559065934065934 0.12255859375 0.04532967032967033 0.15625
0 0.5618131868131868 0.01953125 0.03571428571428571 0.0390625
0 0.9931318681318682 0.26904296875 0.013736263736263736 0.2001953125
0 0.7892857142857143 0.29248046875 0.053296703296703295 0.1943359375
0 0.6795329670329671 0.094482421875 0.04532967032967033 0.17822265625
0 0.8574175824175824 0.204345703125 0.04395604395604396 0.17822265625
0 0.9 0.19091796875 0.038461538461538464 0.1953125
0 0.814010989010989 0.04150390625 0.0456043956043956 0.0830078125
0 0.8497252747252747 0.03564453125 0.04230769230769231 0.0712890625
0 0.8799450549450549 0.04296875 0.04010989010989011 0.0859375
0 0.4521978021978022 0.0244140625 0.038461538461538464 0.048828125
0 0.48035714285714287 0.0859375 0.04532967032967033 0.166015625
0 0.4401098901098901 0.08203125 0.020879120879120878 0.1640625
0 0.4381868131868132 0.15283203125 0.01703296703296703 0.2080078125
0 0.6681318681318681 0.70751953125 0.34423076923076923 0.52392578125