0 0.5594405594405595 0.22108208955223882 0.08811188811188811 0.416044776119403
0 0.8248251748251748 0.29244402985074625 0.16993006993006993 0.2733208955223881
0 0.3765734265734266 0.30177238805970147 0.17412587412587413 0.25466417910447764
0 0.4223776223776224 0.054104477611940295 0.07132867132867132 0.10820895522388059
0 0.7034965034965035 0.32882462686567165 0.1258741258741259 0.20055970149253732
0 0.9395104895104895 0.2537313432835821 0.12097902097902098 0.35074626865671643
0 0.6461538461538462 0.16837686567164178 0.06853146853146853 0.33675373134328357
0 0.7276223776223776 0.20382462686567165 0.14055944055944056 0.271455223880597
0 0.4388111888111888 0.2439365671641791 0.1811188811188811 0.37033582089552236
0 0.7104895104895105 0.037779850746268655 0.07972027972027972 0.07555970149253731
0 0.5877622377622378 0.2019589552238806 0.06643356643356643 0.4039179104477612
0 0.6776223776223776 0.16977611940298507 0.08811188811188811 0.3283582089552239
0 0.5118881118881119 0.19916044776119404 0.05314685314685315 0.3983208955223881
0 0.8391608391608392 0.17537313432835822 0.0993006993006993 0.15298507462686567
0 0.4671328671328671 0.2224813432835821 0.08391608391608392 0.37220149253731344
0 0.48146853146853147 0.07042910447761194 0.04685314685314685 0.14085820895522388
0 0.4898601398601399 0.20009328358208955 0.062237762237762236 0.4001865671641791
0 0.0527972027972028 0.7728544776119403 0.1055944055944056 0.45242537313432835
0 0.2 0.7360074626865671 0.17902097902097902 0.5279850746268657
0 0.7758741258741259 0.7229477611940298 0.44825174825174824 0.5541044776119403
0 0.6031468531468531 0.6949626865671642 0.19370629370629372 0.13992537313432835