0 0.34269662921348315 0.125 0.07050561797752809 0.1595
0 0.14129213483146066 0.216 0.199438202247191 0.184
0 0.15168539325842698 0.2545 0.28960674157303373 0.236
0 0.28314606741573034 0.2375 0.13146067415730336 0.2265
0 0.39410112359550564 0.2405 0.11769662921348314 0.2685
0 0.5235955056179775 0.281 0.23258426966292134 0.278
0 0.054775280898876406 0.1765 0.07331460674157303 0.067
0 0.10168539325842697 0.1515 0.04297752808988764 0.0545
0 0.6348314606741573 0.1935 0.010112359550561797 0.049
0 0.5351123595505618 0.2205 0.2095505617977528 0.327
0 0.9789325842696629 0.33 0.042134831460674156 0.18
0 0.9353932584269663 0.255 0.042134831460674156 0.23
0 0.6957865168539326 0.1075 0.05449438202247191 0.215
0 0.7724719101123596 0.091 0.06179775280898876 0.182
0 0.8672752808988764 0.1275 0.060393258426966294 0.23
0 0.25870786516853933 0.8575 0.09606741573033707 0.285
0 0.33511797752808986 0.73275 0.05947191011235949 0.12086000000000001
0 0.7199438202247191 0.6827799999999999 0.07916853932584274 0.26244000000000006