0 0.8027540729247479 0.31437435367114785 0.023661753297129558 0.09022750775594622
0 0.7538789759503491 0.32704239917269906 0.027928626842513578 0.09022750775594622
0 0.6650504266873546 0.24146845915201653 0.014352211016291699 0.051447776628748706
0 0.628200155159038 0.2295760082730093 0.015321955003878975 0.04188210961737332
0 0.6002715283165244 0.2582730093071355 0.022110162916989914 0.028179937952430196
0 0.7243987587276959 0.2688728024819028 0.0160977501939488 0.05765253360910031
0 0.7637703646237394 0.2642192347466391 0.020364623739332816 0.06075491209927611
0 0.7721101629169899 0.25879007238883145 0.01687354538401862 0.048086866597724924
0 0.8648176881303336 0.2435367114788004 0.0160977501939488 0.04705274043433299
0 0.5985259891388673 0.23371251292657705 0.01687354538401862 0.035677352637021716
0 0.7362296353762606 0.18381592554291623 0.0075640031031807605 0.019906928645294725
0 0.7441815360744763 0.1812306101344364 0.0067882079131109385 0.02094105480868666
0 0.7565942591155935 0.18872802481902792 0.0075640031031807605 0.025077559462254394
0 0.8686966640806827 0.1892450879007239 0.008533747090768037 0.02611168562564633
0 0.8754848719937937 0.1938986556359876 0.008533747090768037 0.023009307135470527
0 0.8929402637703646 0.1923474663908997 0.009309542280837859 0.024043433298862462
0 0.9546159813809154 0.19183040330920373 0.0075640031031807605 0.023009307135470527
0 0.279443366951125 0.732047569803516 0.28891000775795206 0.49511892450879
0 0.8754848719937937 0.7223371251292657 0.24903025601241272 0.5553257497414684
0 0.7783165244375485 0.6838159255429163 0.10298681148176882 0.13417786970010342