0 0.902972027972028 0.32261410788381745 0.19405594405594406 0.35477178423236516
0 0.5675990675990676 0.29149377593361 0.07575757575757576 0.2033195020746888
0 0.20745920745920746 0.8978215767634855 0.06293706293706294 0.20435684647302904
0 0.2526223776223776 0.5414937759336099 0.050699300699300696 0.08298755186721991
0 0.26223776223776224 0.8112033195020747 0.043706293706293704 0.23858921161825727
0 0.3167249417249417 0.8651452282157677 0.06235431235431235 0.2697095435684647
0 0.3372668997668998 0.7580394190871369 0.056818181818181816 0.2567427385892116
0 0.42467948717948717 0.691908713692946 0.05973193473193473 0.2437759336099585
0 0.48717948717948717 0.5736514522821576 0.05710955710955711 0.14730290456431536
0 0.09236596736596736 0.6037344398340249 0.050699300699300696 0.2074688796680498
0 0.6118881118881119 0.9439834024896265 0.0675990675990676 0.11203319502074689
0 0.7721445221445221 0.7738589211618258 0.054778554778554776 0.16441908713692946
0 0.6867715617715617 0.6841286307053942 0.054778554778554776 0.13485477178423236
0 0.7759324009324009 0.6592323651452282 0.06439393939393939 0.10010373443983403