0 0.2375 0.26409495548961426 0.39458333333333334 0.47181008902077154
0 0.4633333333333333 0.2900593471810089 0.37166666666666665 0.4198813056379822
0 0.49625 0.1016320474777448 0.3075 0.2032640949554896
0 0.12416666666666666 0.6691394658753709 0.03833333333333333 0.18100890207715134
0 0.5908333333333333 0.5274480712166172 0.021666666666666667 0.05489614243323442
0 0.9845833333333334 0.5853115727002968 0.030833333333333334 0.17062314540059348
0 0.9470833333333334 0.5816023738872403 0.07083333333333333 0.1632047477744807
0 0.86875 0.577893175074184 0.08416666666666667 0.15578635014836795
0 0.8066666666666666 0.5682492581602374 0.056666666666666664 0.13649851632047477
0 0.7345833333333334 0.5244807121661721 0.049166666666666664 0.04896142433234421
0 0.7654166666666666 0.5556379821958457 0.034166666666666665 0.05192878338278932