0 0.3095414201183432 0.19165023011176857 0.2665187376725838 0.38330046022353714
0 0.3568786982248521 0.1932938856015779 0.18478796844181458 0.3865877712031558
0 0.438732741617357 0.32084155161078237 0.04215976331360947 0.15055884286653518
0 0.7554240631163708 0.3137738330046022 0.47596153846153844 0.41173570019723865
0 0.4488412228796844 0.9810979618671927 0.021942800788954636 0.03780407626561473
0 0.41025641025641024 0.9853714661406969 0.022682445759368838 0.02925706771860618
0 0.39607988165680474 0.9942472057856673 0.04561143984220907 0.011505588428665352
0 0.45537475345167655 0.8382642998027613 0.008875739644970414 0.08349769888231427
0 0.4344181459566075 0.8376068376068376 0.03131163708086785 0.08711374095989481
0 0.14484714003944774 0.8035831689677844 0.020956607495069033 0.08218277449046679
0 0.10034516765285996 0.7062787639710717 0.022682445759368838 0.059500328731097965
0 0.01886094674556213 0.767422748191979 0.03772189349112426 0.09105851413543721
0 0.1836785009861933 0.7200854700854701 0.02465483234714004 0.041748849441157136
0 0.34393491124260356 0.7043063773833005 0.017011834319526627 0.06081525312294543
0 0.019230769230769232 0.685404339250493 0.016025641025641024 0.07067718606180144
0 0.8579881656804734 0.8185404339250493 0.17899408284023668 0.3629191321499014
0 0.8147189349112426 0.7781065088757396 0.2532051282051282 0.4437869822485207