0 0.2682012847965739 0.15304182509505704 0.4014989293361884 0.26806083650190116
0 0.21199143468950749 0.16730038022813687 0.15149892933618844 0.11787072243346007
0 0.6359743040685225 0.14258555133079848 0.15738758029978586 0.28517110266159695
0 0.7874732334047109 0.1444866920152091 0.1386509635974304 0.2889733840304182
0 0.9073875802997858 0.1444866920152091 0.15524625267665954 0.2889733840304182
0 0.9866167023554604 0.1520912547528517 0.02676659528907923 0.26996197718631176
0 0.7805139186295503 0.1444866920152091 0.29282655246252676 0.2889733840304182
0 0.40953961456102783 0.7734220532319391 0.015963597430406696 0.09743346007604563
0 0.42544967880085655 0.7723384030418251 0.00752676659528905 0.09686311787072252
0 0.2840256959314775 0.7908365019011407 0.01474304068522482 0.08794676806083648
0 0.2288436830835118 0.7839733840304183 0.013244111349036407 0.04463878326996201
0 0.24951820128479651 0.7887072243346008 0.011434689507494471 0.0725665399239543
0 0.018704496788008593 0.7953231939163498 0.012301927194860823 0.050456273764258486
0 0.6338329764453962 0.7072243346007605 0.25267665952890794 0.5855513307984791
0 0.7553533190578159 0.6948669201520913 0.1745182012847966 0.6102661596958175
0 0.9796573875802997 0.35361216730038025 0.04068522483940043 0.12927756653992395