0 0.21444823663253698 0.23026315789473684 0.36063708759954494 0.4382591093117409
0 0.9254835039817975 0.3967611336032389 0.051194539249146756 0.10526315789473684
0 0.8637656427758816 0.03137651821862348 0.052901023890784986 0.06275303643724696
0 0.5574516496018203 0.15435222672064777 0.0540386803185438 0.13663967611336034
0 0.6996587030716723 0.13917004048582995 0.042662116040955635 0.19230769230769232
0 0.6683731513083049 0.13157894736842105 0.051194539249146756 0.18724696356275303
0 0.6299772468714449 0.11133603238866396 0.051194539249146756 0.18724696356275303
0 0.7437428896473265 0.00860323886639676 0.036973833902161544 0.01720647773279352
0 0.676905574516496 0.012651821862348178 0.051194539249146756 0.025303643724696356
0 0.4124004550625711 0.28795546558704455 0.02502844141069397 0.2074898785425101
0 0.4257679180887372 0.0895748987854251 0.03583617747440273 0.1791497975708502
0 0.9820819112627986 0.023785425101214574 0.03583617747440273 0.04757085020242915
0 0.7586746302616609 0.22267206477732793 0.04977246871444824 0.22267206477732793
0 0.611490329920364 0.23152834008097167 0.0540386803185438 0.2403846153846154
0 0.602957906712173 0.3023785425101215 0.06257110352673492 0.2403846153846154
0 0.9883390216154722 0.11234817813765183 0.023321956769055744 0.15991902834008098
0 0.8496871444823664 0.15182186234817813 0.05261660978384528 0.18724696356275303
0 0.1751990898748578 0.6892712550607287 0.10381114903299203 0.3800607287449393
0 0.37514220705346984 0.632085020242915 0.03043230944254835 0.08198380566801619