0 0.4407308377896613 0.39365079365079364 0.09714795008912656 0.22777777777777777
0 0.34358288770053474 0.34523809523809523 0.0481283422459893 0.09285714285714286
0 0.266934046345811 0.3126984126984127 0.04679144385026738 0.24047619047619048
0 0.214349376114082 0.31825396825396823 0.04679144385026738 0.2253968253968254
0 0.021836007130124777 0.28095238095238095 0.04367201426024955 0.24206349206349206
0 0.06194295900178253 0.2857142857142857 0.05481283422459893 0.2365079365079365
0 0.028966131907308377 0.5341269841269841 0.057932263814616754 0.2896825396825397
0 0.35962566844919786 0.4857142857142857 0.12967914438502673 0.36666666666666664
0 0.1586452762923351 0.4642857142857143 0.09402852049910873 0.273015873015873
0 0.7771836007130125 0.17777777777777778 0.09269162210338681 0.35555555555555557
0 0.8342245989304813 0.24285714285714285 0.10873440285204991 0.3619047619047619
0 0.7446524064171123 0.8777777777777778 0.5106951871657754 0.24444444444444444