0 0.1853035143769968 0.3326612903225806 0.18849840255591055 0.4717741935483871
0 0.6869009584664537 0.17237903225806453 0.12140575079872204 0.17540322580645162
0 0.7476038338658147 0.2590725806451613 0.15335463258785942 0.30443548387096775
0 0.5103833865814696 0.2701612903225806 0.15814696485623003 0.3185483870967742
0 0.5103833865814696 0.40423387096774194 0.46166134185303515 0.3286290322580645
0 0.8913738019169329 0.3870967741935484 0.21725239616613418 0.3629032258064516
0 0.6701277955271565 0.3870967741935484 0.31150159744408945 0.3629032258064516
0 0.20447284345047922 0.9143145161290323 0.12460063897763578 0.17137096774193547
0 0.0902555910543131 0.6895161290322581 0.12619808306709265 0.24193548387096775
0 0.9664536741214057 0.8024193548387096 0.0670926517571885 0.3951612903225806
0 0.48083067092651754 0.7842741935483871 0.134185303514377 0.4314516129032258
0 0.6006389776357828 0.8054435483870968 0.11182108626198083 0.38911290322580644