0 0.7091152815013405 0.2616487455197133 0.19839142091152814 0.4336917562724014
0 0.8920911528150134 0.27956989247311825 0.2158176943699732 0.3978494623655914
0 0.21120643431635389 0.7606989247311828 0.09632707774798929 0.17043010752688165
0 0.2868632707774799 0.9480286738351255 0.09919571045576407 0.1039426523297491
0 0.43532171581769435 0.6104838709677419 0.09664879356568368 0.19883512544802864
0 0.7312332439678284 0.7043010752688172 0.14343163538873996 0.3978494623655914
0 0.9611260053619303 0.7840501792114696 0.0777479892761394 0.3673835125448029
0 0.8344504021447721 0.7410394265232975 0.10857908847184987 0.36379928315412186
0 0.8987935656836461 0.7661290322580645 0.14075067024128687 0.33512544802867383
0 0.6253351206434317 0.7025089605734767 0.030831099195710455 0.35842293906810035
0 0.953083109919571 0.5743727598566308 0.0938337801608579 0.1917562724014337
0 0.6407506702412868 0.5376344086021505 0.06166219839142091 0.11827956989247312
0 0.6695710455764075 0.6863799283154122 0.08445040214477212 0.32974910394265233
0 0.881367292225201 0.557347670250896 0.07372654155495978 0.15770609318996415
0 0.6963806970509383 0.5286738351254481 0.06568364611260054 0.1003584229390681
0 0.7573726541554959 0.5313620071684588 0.07238605898123325 0.1057347670250896
0 0.8190348525469169 0.5385304659498208 0.07506702412868632 0.12007168458781362