0 0.21953125 0.12083333333333333 0.148828125 0.23333333333333334
0 0.27578125 0.14722222222222223 0.100390625 0.17777777777777778
0 0.4859375 0.10347222222222222 0.183203125 0.11944444444444445
0 0.10546875 0.11875 0.2109375 0.2375
0 0.73046875 0.18958333333333333 0.0171875 0.0763888888888889
0 0.746875 0.19236111111111112 0.015625 0.07361111111111111
0 0.146875 0.6743055555555556 0.059375 0.2673611111111111
0 0.233984375 0.75625 0.083203125 0.4597222222222222
0 0.400390625 0.6729166666666667 0.048828125 0.32916666666666666
0 0.035546875 0.5340277777777778 0.01328125 0.04097222222222222
0 0.69375 0.5826388888888889 0.040625 0.2152777777777778
0 0.7734375 0.5944444444444444 0.04375 0.23333333333333334
0 0.666796875 0.30069444444444443 0.01484375 0.09027777777777778
0 0.728125 0.5958333333333333 0.04375 0.20555555555555555
0 0.685546875 0.3013888888888889 0.01953125 0.08888888888888889
0 0.925 0.8104166666666667 0.0625 0.24027777777777778
0 0.88671875 0.8229166666666666 0.0546875 0.14583333333333334