0 0.42243675099866845 0.3076923076923077 0.21493564136706614 0.4643491124260355
0 0.31435863293386596 0.25724852071005916 0.2203728362183755 0.48106508875739645
0 0.15745672436751 0.2705621301775148 0.2636484687083888 0.3165680473372781
0 0.03850421660008877 0.0683431952662722 0.07700843320017754 0.06331360946745562
0 0.5157567687527741 0.11715976331360947 0.028406569019085663 0.054437869822485205
0 0.69751442521083 0.4171597633136095 0.033399911229471814 0.08106508875739644
0 0.7446737683089214 0.4210059171597633 0.04061251664447404 0.06449704142011835
0 0.9107856191744341 0.4371301775147929 0.03916999556147359 0.034467455621301775
0 0.8722814025743453 0.4477810650887574 0.05514869063470928 0.022189349112426034
0 0.7801819795827785 0.43047337278106507 0.036284953395472705 0.06775147928994082
0 0.8440967598757213 0.4199704142011834 0.07689747003994674 0.022189349112426034
0 0.8404349755881048 0.4415680473372781 0.034842432312472256 0.032248520710059174
0 0.00787838437638704 0.7593195266272189 0.01575676875277408 0.09201183431952663
0 0.13138038171327118 0.7171597633136094 0.03506435863293387 0.07633136094674556
0 0.3263426542387927 0.6165680473372781 0.022192632046160676 0.04319526627218935
0 0.2204837993786063 0.6011834319526628 0.018863737239236573 0.05118343195266272
0 0.40612516644474034 0.6245562130177514 0.02130492676431425 0.06153846153846154
0 0.8457612072791834 0.7699704142011834 0.3084775854416334 0.46005917159763315
0 0.6126276076342654 0.7800295857988165 0.16533510874389704 0.43979289940828403