0 0.1722560975609756 0.06507936507936508 0.1209349593495935 0.13015873015873017
0 0.510670731707317 0.05634920634920635 0.043191056910569105 0.05873015873015873
0 0.584349593495935 0.04206349206349207 0.022865853658536585 0.03253968253968254
0 0.7754065040650406 0.0380952380952381 0.046239837398373985 0.026984126984126985
0 0.7997967479674797 0.03968253968253968 0.03353658536585366 0.029365079365079365
0 0.8241869918699187 0.04047619047619048 0.025914634146341462 0.026984126984126985
0 0.030995934959349592 0.7150793650793651 0.051321138211382115 0.5246031746031746
0 0.09654471544715447 0.8055555555555556 0.049796747967479675 0.3746031746031746
0 0.05894308943089431 0.6793650793650794 0.039634146341463415 0.5246031746031746
0 0.3053861788617886 0.7857142857142857 0.04420731707317073 0.3047619047619048
0 0.1722560975609756 0.7912698412698412 0.04928861788617886 0.34206349206349207
0 0.4186991869918699 0.7976190476190477 0.04878048780487805 0.34206349206349207
0 0.3932926829268293 0.573015873015873 0.03353658536585366 0.25793650793650796
0 0.4303861788617886 0.6833333333333333 0.05030487804878049 0.4714285714285714
0 0.3485772357723577 0.40476190476190477 0.06300813008130081 0.22698412698412698
0 0.3790650406504065 0.7841269841269841 0.041158536585365856 0.3047619047619048
0 0.4222560975609756 0.40555555555555556 0.03709349593495935 0.2698412698412698
0 0.3084349593495935 0.6007936507936508 0.037601626016260166 0.23412698412698413
0 0.1366869918699187 0.8063492063492064 0.033028455284552845 0.3253968253968254
0 0.08689024390243902 0.5904761904761905 0.029979674796747968 0.2920634920634921
0 0.3638211382113821 0.584920634920635 0.037601626016260166 0.24603174603174602
0 0.3434959349593496 0.7865079365079365 0.036585365853658534 0.30238095238095236
0 0.33434959349593496 0.5817460317460318 0.0350609756097561 0.24444444444444444
0 0.11026422764227642 0.6015873015873016 0.039634146341463415 0.24285714285714285
0 0.25101626016260165 0.6341269841269841 0.03709349593495935 0.373015873015873
0 0.11178861788617886 0.4373015873015873 0.0350609756097561 0.25793650793650796
0 0.16920731707317074 0.42777777777777776 0.03048780487804878 0.28015873015873016
0 0.17733739837398374 0.5920634920634921 0.03556910569105691 0.24761904761904763
0 0.2815040650406504 0.6293650793650793 0.032520325203252036 0.38015873015873014
0 0.21747967479674796 0.6476190476190476 0.034552845528455285 0.34365079365079365
0 0.21239837398373984 0.7873015873015873 0.03353658536585366 0.31825396825396823
0 0.1448170731707317 0.6007936507936508 0.034552845528455285 0.25476190476190474
0 0.2627032520325203 0.7912698412698412 0.0508130081300813 0.2976190476190476
0 0.3155487804878049 0.4722222222222222 0.024390243902439025 0.13095238095238096
0 0.19766260162601626 0.5793650793650794 0.028455284552845527 0.26666666666666666
0 0.26473577235772355 0.46825396825396826 0.019817073170731708 0.1373015873015873
0 0.23628048780487804 0.49603174603174605 0.020833333333333332 0.13412698412698412
0 0.7195121951219512 0.653968253968254 0.08231707317073171 0.4873015873015873
0 0.5777439024390244 0.773015873015873 0.12195121951219512 0.3333333333333333
0 0.9329268292682927 0.8031746031746032 0.13414634146341464 0.3333333333333333