0 0.41629834254143644 0.33595284872298625 0.30662983425414364 0.5947937131630648
0 0.8722375690607734 0.24950884086444008 0.05110497237569061 0.22593320235756384
0 0.8998618784530387 0.3710707269155206 0.05662983425414365 0.2480353634577603
0 0.5969613259668508 0.08055009823182711 0.054696132596685085 0.16110019646365423
0 0.5762430939226519 0.06827111984282908 0.013259668508287293 0.13654223968565815
0 0.7994475138121547 0.581041257367387 0.0718232044198895 0.17779960707269155
0 0.7146408839779006 0.07170923379174853 0.05911602209944752 0.14341846758349705
0 0.6533149171270718 0.6105108055009824 0.058011049723756904 0.11886051080550099
0 0.7030386740331491 0.5432220039292731 0.07458563535911603 0.25343811394891946
0 0.7513812154696132 0.6463654223968566 0.06077348066298342 0.047151277013752456
0 0.5295580110497238 0.8388998035363457 0.08011049723756906 0.32220039292730845
0 0.029005524861878452 0.9071709233791748 0.058011049723756904 0.1856581532416503
0 0.14834254143646408 0.8467583497053045 0.13204419889502764 0.19597249508840864
0 0.04668508287292818 0.8339882121807466 0.09337016574585635 0.2288801571709234
0 0.29392265193370165 0.7558939096267191 0.09585635359116022 0.16011787819253437
0 0.3497237569060773 0.7470530451866405 0.02292817679558011 0.022593320235756387
0 0.39088397790055246 0.7431237721021611 0.049723756906077346 0.08447937131630648
0 0.47928176795580113 0.7298624754420432 0.044751381215469614 0.06581532416502947
0 0.24613259668508286 0.8565815324165029 0.1477900552486188 0.19891944990176819
0 0.44226519337016573 0.825147347740668 0.1212707182320442 0.26178781925343814
0 0.6049723756906077 0.8462671905697446 0.04889502762430939 0.24705304518664048
0 0.6908839779005524 0.8443025540275049 0.04834254143646409 0.2568762278978389
0 0.7867403314917127 0.8408644400785854 0.04834254143646409 0.26719056974459726
0 0.8259668508287292 0.8384086444007859 0.05110497237569061 0.2819253438113949
0 0.8740331491712707 0.8472495088408645 0.052209944751381215 0.2583497053045187
0 0.9223756906077348 0.8531434184675835 0.05414364640883978 0.2554027504911591
0 0.9596685082872928 0.8521611001964636 0.05082872928176796 0.2598231827111984