0 0.2808988764044944 0.3525 0.32134831460674157 0.475
0 0.8092696629213483 0.32475 0.05337078651685393 0.2225
0 0.7811797752808989 0.2085 0.05056179775280899 0.235
0 0.5702247191011236 0.0415 0.0449438202247191 0.083
0 0.5269662921348315 0.039 0.03932584269662921 0.078
0 0.6625 0.2085 0.054775280898876406 0.265
0 0.946067415730337 0.0615 0.04943820224719101 0.123
0 0.5971910112359551 0.171 0.05056179775280899 0.225
0 0.5064606741573033 0.2155 0.012921348314606741 0.225
0 0.15646067415730336 0.8755 0.17865168539325843 0.249
0 0.7985955056179775 0.7955 0.16657303370786516 0.3355