0 0.48013816925734026 0.18488023952095808 0.16062176165803108 0.36976047904191617
0 0.613126079447323 0.18488023952095808 0.13644214162348878 0.36976047904191617
0 0.7413644214162349 0.18488023952095808 0.13385146804835923 0.36976047904191617
0 0.9425734024179621 0.18488023952095808 0.114853195164076 0.36976047904191617
0 0.8518998272884283 0.18488023952095808 0.12176165803108809 0.36976047904191617
0 0.552245250431779 0.048652694610778445 0.07512953367875648 0.09730538922155689
0 0.9788428324697754 0.051646706586826345 0.04231433506044905 0.10329341317365269
0 0.6899827288428325 0.05239520958083832 0.06563039723661486 0.10479041916167664
0 0.8117443868739206 0.05538922155688623 0.05872193436960276 0.11077844311377245
0 0.9110535405872193 0.05239520958083832 0.07772020725388601 0.10479041916167664
0 0.6161485319516408 0.750748502994012 0.2616580310880829 0.4977544910179641