0 0.29490500863557856 0.24384615384615385 0.05397236614853195 0.2876923076923077
0 0.25302245250431776 0.16923076923076924 0.04533678756476684 0.3376923076923077
0 0.23575129533678757 0.14153846153846153 0.02461139896373057 0.26
0 0.20984455958549222 0.11153846153846154 0.033246977547495685 0.1823076923076923
0 0.20984455958549222 0.03076923076923077 0.03195164075993091 0.06153846153846154
0 0.19473229706390327 0.08923076923076922 0.017271157167530225 0.1776923076923077
0 0.1848013816925734 0.10923076923076923 0.013385146804835924 0.19615384615384615
0 0.1459412780656304 0.14615384615384616 0.012089810017271158 0.1823076923076923
0 0.16796200345423143 0.13230769230769232 0.012089810017271158 0.19153846153846155
0 0.16234887737478412 0.16538461538461538 0.035837651122625214 0.22615384615384615
0 0.1303972366148532 0.18461538461538463 0.017271157167530225 0.12307692307692308
0 0.11312607944732297 0.1930769230769231 0.013385146804835924 0.11615384615384615
0 0.1040587219343696 0.1576923076923077 0.011226252158894647 0.040769230769230766
0 0.13687392055267703 0.15076923076923077 0.007772020725388601 0.07307692307692308
0 0.09715025906735751 0.1776923076923077 0.010362694300518135 0.054615384615384614
0 0.05267702936096719 0.8615384615384616 0.039723661485319514 0.20615384615384616
0 0.006476683937823834 0.7753846153846153 0.012953367875647668 0.1753846153846154
0 0.4183937823834197 0.8384615384615385 0.04231433506044905 0.19076923076923077