0 0.06510416666666667 0.8067129629629629 0.052083333333333336 0.2152777777777778
0 0.38671875 0.78125 0.049479166666666664 0.20601851851851852
0 0.3606770833333333 0.6736111111111112 0.046875 0.2175925925925926
0 0.10130208333333333 0.9337962962962963 0.0546875 0.13240740740740742
0 0.19973958333333333 0.9662037037037037 0.07135416666666666 0.06759259259259259
0 0.19791666666666666 0.8796296296296297 0.0625 0.23148148148148148
0 0.2635416666666667 0.49953703703703706 0.051041666666666666 0.06018518518518518
0 0.08567708333333333 0.5425925925925926 0.049479166666666664 0.14629629629629629
0 0.06953125 0.5041666666666667 0.043229166666666666 0.06944444444444445
0 0.5921875 0.524074074074074 0.015625 0.10925925925925926
0 0.5716145833333334 0.5481481481481482 0.033854166666666664 0.1574074074074074
0 0.5395833333333333 0.5527777777777778 0.04791666666666667 0.16666666666666666