0 0.6414364640883978 0.5333988212180747 0.01270718232044199 0.06237721021611002
0 0.6281767955801105 0.5358546168958742 0.011602209944751382 0.060903732809430254
0 0.693646408839779 0.5392927308447937 0.014917127071823204 0.07416502946954813
0 0.9585635359116023 0.5432220039292731 0.019060773480662985 0.06925343811394892
0 0.5464088397790056 0.5407662082514735 0.02016574585635359 0.07416502946954813
0 0.5723756906077349 0.5348722986247544 0.019060773480662985 0.06581532416502947
0 0.7157458563535911 0.5446954813359528 0.019337016574585635 0.06974459724950884
0 0.7041436464088398 0.5343811394891945 0.01270718232044199 0.060903732809430254
0 0.3696132596685083 0.8109037328094303 0.04585635359116022 0.03683693516699411
0 0.281767955801105 0.818762278978389 0.08342541436464089 0.08300589390962672
0 0.4395027624309392 0.8212180746561886 0.049447513812154696 0.07711198428290766
0 0.4900552486187845 0.8266208251473477 0.019889502762430938 0.06974459724950884
0 0.1223756906077348 0.8393909626719057 0.04281767955801105 0.04960707269155206
0 0.01270718232044199 0.8511787819253438 0.02541436464088398 0.04027504911591356
0 0.0281767955801105 0.8506876227897839 0.0281767955801105 0.04469548133595285
0 0.5972375690607735 0.949901768172888 0.05966850828729282 0.10019646365422397
0 0.9881215469613259 0.7450884086444007 0.023756906077348067 0.23084479371316308
0 0.6939226519337016 0.6129666011787819 0.045303867403314914 0.06679764243614932
0 0.6400552486187845 0.6389980353634578 0.04806629834254143 0.11886051080550099
0 0.6488950276243094 0.9007858546168959 0.04143646408839779 0.19842829076620824
0 0.7939226519337017 0.6006876227897839 0.04419889502762431 0.04223968565815324
0 0.7147790055248618 0.8298133595284872 0.05939226519337017 0.23330058939096268
0 0.8024861878453039 0.7733300589390962 0.058011049723756904 0.22347740667976423
0 0.8707182320441988 0.7013752455795678 0.05082872928176796 0.24361493123772102
0 0.5143646408839779 0.7254420432220039 0.028729281767955802 0.23084479371316308
0 0.6696132596685083 0.9091355599214146 0.055248618784530384 0.18172888015717092