0 0.27134146341463417 0.20435684647302904 0.21097560975609755 0.4087136929460581
0 0.08902439024390243 0.23962655601659752 0.17804878048780487 0.3381742738589212
0 0.7524390243902439 0.20435684647302904 0.4951219512195122 0.4087136929460581
0 0.5621951219512196 0.2894190871369295 0.28536585365853656 0.23858921161825727
0 0.37926829268292683 0.4190871369294606 0.05121951219512195 0.02074688796680498
0 0.21951219512195122 0.42531120331950206 0.04878048780487805 0.03319502074688797
0 0.9702926829268292 0.7248340248962656 0.04742682926829267 0.27456431535269715
0 0.8573780487804877 0.763609958506224 0.05085365853658542 0.30649377593361
0 0.7573902439024389 0.7263070539419086 0.03624390243902442 0.21524896265560167
0 0.6798780487804879 0.8070539419087137 0.06707317073170732 0.38589211618257263
0 0.47012195121951217 0.7977178423236515 0.07195121951219512 0.4045643153526971
0 0.4268292682926829 0.8112033195020747 0.014634146341463415 0.3775933609958506
0 0.5654512195121951 0.7383195020746888 0.04748780487804878 0.23101659751037348
0 0.6133780487804879 0.7281742738589212 0.02382926829268295 0.21483402489626546
0 0.9306707317073171 0.7173858921161825 0.03889024390243901 0.2264522821576763
0 0.8903048780487804 0.7014107883817428 0.03378048780487811 0.21526970954356844