0 0.06631578947368422 0.38686708860759494 0.13210526315789473 0.30537974683544306
0 0.12368421052631579 0.3670886075949367 0.1 0.2064873417721519
0 0.15052631578947367 0.432753164556962 0.07947368421052632 0.21360759493670886
0 0.17789473684210527 0.38924050632911394 0.07263157894736842 0.15822784810126583
0 0.21842105263157896 0.38686708860759494 0.05368421052631579 0.1439873417721519
0 0.3389473684210526 0.38924050632911394 0.06368421052631579 0.1875
0 0.2873684210526316 0.36787974683544306 0.07052631578947369 0.15664556962025317
0 0.46421052631578946 0.3852848101265823 0.07157894736842105 0.30854430379746833
0 0.40210526315789474 0.4050632911392405 0.1368421052631579 0.2689873417721519
0 0.37894736842105264 0.3884493670886076 0.07842105263157895 0.18908227848101267
0 0.8610526315789474 0.34335443037974683 0.12421052631578948 0.3924050632911392
0 0.6131578947368421 0.35917721518987344 0.09157894736842105 0.36075949367088606
0 0.9484210526315789 0.3275316455696203 0.1031578947368421 0.4240506329113924
0 0.541578947368421 0.3924050632911392 0.08315789473684211 0.29430379746835444
0 0.7689473684210526 0.370253164556962 0.09578947368421052 0.33860759493670883
0 0.6957894736842105 0.35443037974683544 0.08842105263157894 0.370253164556962
0 0.8184210526315789 0.1629746835443038 0.06 0.16772151898734178
0 0.5615789473684211 0.2254746835443038 0.07684210526315789 0.20094936708860758
0 0.5278947368421053 0.13765822784810128 0.05368421052631579 0.14240506329113925
0 0.6342105263157894 0.18275316455696203 0.07684210526315789 0.17563291139240506
0 0.7757894736842105 0.20094936708860758 0.07789473684210527 0.14873417721518986
0 0.7952631578947369 0.10680379746835443 0.03263157894736842 0.08386075949367089
0 0.6784210526315789 0.1550632911392405 0.045263157894736845 0.11708860759493671
0 0.5968421052631578 0.11313291139240507 0.04 0.11550632911392406
0 0.7036842105263158 0.18354430379746836 0.07894736842105263 0.16772151898734178
0 0.9084210526315789 0.17246835443037975 0.05263157894736842 0.12341772151898735
0 0.5147368421052632 0.185126582278481 0.029473684210526315 0.13924050632911392
0 0.5747368421052632 0.08623417721518987 0.031578947368421054 0.08386075949367089
0 0.88 0.15585443037974683 0.035789473684210524 0.13132911392405064
0 0.6742105263157895 0.11075949367088607 0.05157894736842105 0.14240506329113925
0 0.16052631578947368 0.9295886075949367 0.12736842105263158 0.14082278481012658
0 0.31671578947368423 0.8015348101265822 0.08623157894736838 0.22147151898734183
0 0.8636842105263158 0.615506329113924 0.028421052631578948 0.1518987341772152
0 0.5954947368421053 0.938386075949367 0.07309473684210525 0.11340189873417715