0 0.7883152173913044 0.2248549323017408 0.4230978260869565 0.4497098646034816
0 0.30434782608695654 0.5488394584139265 0.051630434782608696 0.13056092843326886
0 0.4296195652173913 0.5377176015473888 0.02010869565217391 0.1760154738878143
0 0.41032608695652173 0.5328820116054158 0.04891304347826087 0.16634429400386846
0 0.3733695652173913 0.52321083172147 0.04891304347826087 0.1470019342359768
0 0.3695652173913043 0.6794003868471954 0.051630434782608696 0.2079303675048356
0 0.35258152173913043 0.6177466150870407 0.04483695652173913 0.17166344294003869
0 0.1514945652173913 0.6769825918762089 0.05298913043478261 0.19825918762088976
0 0.1391304347826087 0.5328820116054158 0.042391304347826085 0.16634429400386846
0 0.17853260869565218 0.5111218568665378 0.034239130434782605 0.12282398452611218
0 0.08396739130434783 0.5077369439071566 0.04619565217391304 0.11605415860735009
0 0.32581521739130437 0.925531914893617 0.051630434782608696 0.14893617021276595
0 0.9285326086956521 0.5449709864603481 0.043478260869565216 0.11605415860735009
0 0.9304347826086956 0.49709864603481624 0.042391304347826085 0.09477756286266925
0 0.9817934782608696 0.945357833655706 0.03641304347826087 0.109284332688588
0 0.7172554347826087 0.8145551257253385 0.05570652173913043 0.20067698259187622
0 0.6832880434782609 0.7879593810444874 0.042119565217391304 0.20551257253384914
0 0.6880434782608695 0.6368471953578336 0.051630434782608696 0.1644100580270793
0 0.634375 0.7081721470019342 0.036684782608695655 0.1039651837524178
0 0.47133152173913045 0.7831237911025145 0.04755434782608696 0.1958413926499033
0 0.5372282608695652 0.6308027079303675 0.04076086956521739 0.17166344294003869
0 0.49375 0.6731141199226306 0.03804347826086957 0.17891682785299806
0 0.5052989130434783 0.6271760154738878 0.028532608695652172 0.1595744680851064
0 0.44483695652173916 0.6740812379110251 0.010326086956521738 0.1760154738878143
0 0.44483695652173916 0.5855899419729207 0.010326086956521738 0.1402321083172147
0 0.47744565217391305 0.6005802707930368 0.035326086956521736 0.1595744680851064
0 0.5216032608695652 0.5159574468085106 0.03940217391304348 0.10638297872340426
0 0.4921195652173913 0.4912959381044487 0.035326086956521736 0.08317214700193423
0 0.4597826086956522 0.4985493230174081 0.04021739130434782 0.097678916827853
0 0.7641304347826087 0.6573984526112185 0.043478260869565216 0.15715667311411993
0 0.7294836956521739 0.648936170212766 0.03940217391304348 0.17408123791102514
0 0.8286684782608695 0.675531914893617 0.04755434782608696 0.2079303675048356
0 0.5573369565217391 0.4985493230174081 0.029891304347826088 0.097678916827853
0 0.8782608695652174 0.7589458413926499 0.04619565217391304 0.20067698259187622