0 0.17569060773480663 0.2475442043222004 0.1914364640883978 0.2038310412573674
0 0.2823204419889503 0.25343811394891946 0.11740331491712708 0.1925343811394892
0 0.2074585635359116 0.14390962671905697 0.30441988950276244 0.231335952848723
0 0.5511049723756906 0.16011787819253437 0.06408839779005525 0.06974459724950884
0 0.9290055248618785 0.28094302554027506 0.1419889502762431 0.13555992141453832
0 0.3419889502762431 0.5967583497053045 0.03314917127071823 0.03732809430255403
0 0.1925414364640884 0.5898821218074656 0.04364640883977901 0.05108055009823183
0 0.7508287292817679 0.4911591355599214 0.03425414364640884 0.10805500982318271
0 0.5972375690607735 0.5643418467583498 0.023204419889502764 0.12671905697445973
0 0.7859116022099447 0.5112966601178782 0.019337016574585635 0.12082514734774066
0 0.5660220994475138 0.5613948919449901 0.025966850828729283 0.12278978388998035