0 0.2662852112676056 0.35514018691588783 0.08890845070422536 0.22546728971962618
0 0.7654049295774648 0.3072429906542056 0.08362676056338028 0.2050233644859813
0 0.8578345070422535 0.24299065420560748 0.016285211267605633 0.030957943925233645
0 0.9955985915492958 0.25292056074766356 0.008802816901408451 0.03212616822429906
0 0.6483274647887324 0.22780373831775702 0.018926056338028168 0.04848130841121495
0 0.6241197183098591 0.2266355140186916 0.019806338028169015 0.04906542056074766
0 0.6157570422535211 0.2102803738317757 0.011003521126760563 0.017523364485981307
0 0.6043133802816901 0.23014018691588786 0.013644366197183098 0.038551401869158876
0 0.5928697183098591 0.21378504672897197 0.007922535211267605 0.016355140186915886
0 0.5897887323943662 0.22488317757009346 0.015404929577464789 0.036214953271028034
0 0.6672535211267606 0.22955607476635514 0.014524647887323943 0.03154205607476635
0 0.6861795774647887 0.2371495327102804 0.02068661971830986 0.036799065420560745
0 0.7055457746478874 0.23539719626168223 0.016725352112676055 0.04147196261682243
0 0.7209507042253521 0.2330607476635514 0.01584507042253521 0.04088785046728972
0 0.7359154929577465 0.2324766355140187 0.012764084507042254 0.0344626168224299
0 0.795774647887324 0.22955607476635514 0.008802816901408451 0.0227803738317757
0 0.9242957746478874 0.2441588785046729 0.01232394366197183 0.018107476635514017
0 0.980193661971831 0.24649532710280375 0.011003521126760563 0.02044392523364486
0 0.9740316901408451 0.2389018691588785 0.006602112676056338 0.012850467289719626
0 0.8794014084507042 0.2383177570093458 0.009683098591549295 0.018107476635514017
0 0.8367077464788732 0.24123831775700935 0.014964788732394365 0.029789719626168224
0 0.8173415492957746 0.2383177570093458 0.016285211267605633 0.027453271028037383
0 0.12588028169014084 0.8113317757009346 0.10255281690140845 0.09287383177570094
0 0.49911971830985913 0.8726635514018691 0.055897887323943664 0.13317757009345793