0 0.34657039711191334 0.32548179871520344 0.04091456077015644 0.10385438972162742
0 0.11311672683513839 0.3859743040685225 0.12755716004813478 0.3286937901498929
0 0.05415162454873646 0.3993576017130621 0.07942238267148015 0.24143468950749464
0 0.057160048134777375 0.8624197002141327 0.11432009626955475 0.2751605995717345
0 0.3796630565583634 0.8693790149892934 0.12154031287605295 0.26124197002141325
0 0.4602888086642599 0.7896145610278372 0.10830324909747292 0.4207708779443255
0 0.2677496991576414 0.8688436830835118 0.12394705174488568 0.2623126338329764
0 0.18561973525872444 0.7253747323340471 0.1161251504211793 0.29229122055674517
0 0.15643802647412755 0.8399357601713062 0.13838748495788206 0.32012847965738755
0 0.3667268351383875 0.7307280513918629 0.10288808664259928 0.3029978586723769
0 0.28098676293622143 0.7312633832976445 0.09626955475330927 0.30406852248394006
0 0.07701564380264742 0.721627408993576 0.12154031287605295 0.284796573875803
0 0.7343561973525873 0.936830835117773 0.057160048134777375 0.12633832976445397
0 0.7644404332129964 0.8688436830835118 0.05415162454873646 0.25160599571734477
0 0.8447653429602888 0.6086723768736617 0.05535499398315283 0.058886509635974305
0 0.9708182912154031 0.9411134903640257 0.05836341756919374 0.11777301927194861
0 0.5300842358604091 0.7842612419700214 0.02045728038507822 0.2430406852248394
0 0.9235860409145608 0.6916488222698073 0.06618531889290012 0.22483940042826553
0 0.983754512635379 0.6370449678800857 0.032490974729241874 0.11563169164882227
0 0.5529482551143201 0.6086723768736617 0.04693140794223827 0.058886509635974305