0 0.7312962962962963 0.2630320150659134 0.03484126984126979 0.12951977401129938
0 0.819925925925926 0.22978342749529188 0.022460317460317365 0.07820150659133705
0 0.872989417989418 0.22612052730696797 0.020391534391534374 0.07924670433145017
0 0.5 0.7947269303201506 0.15 0.4044256120527307
0 0.6661375661375661 0.7951977401129944 0.1775132275132275 0.4034839924670433
0 0.8253968253968254 0.8074387947269304 0.17142857142857143 0.3808851224105461
0 0.955026455026455 0.7594161958568738 0.08994708994708994 0.4750470809792844
0 0.45026455026455026 0.7471751412429378 0.06111111111111111 0.5032956685499058
0 0.8838624338624339 0.7391713747645952 0.07142857142857142 0.4016007532956685
0 0.7465608465608465 0.7264595103578154 0.10026455026455026 0.295668549905838
0 0.5888888888888889 0.7857815442561206 0.0761904761904762 0.4096045197740113