0 0.24285714285714285 0.1426553672316384 0.12751322751322752 0.1172316384180791
0 0.2904761904761905 0.1864406779661017 0.16957671957671958 0.23069679849340866
0 0.1925925925925926 0.948210922787194 0.05714285714285714 0.10357815442561205
0 0.23703703703703705 0.4609227871939736 0.05026455026455026 0.1271186440677966
0 0.2853174603174603 0.539783427495292 0.04365079365079365 0.2283427495291902
0 0.2878306878306878 0.4293785310734463 0.04338624338624339 0.09981167608286252
0 0.08677248677248678 0.3987758945386064 0.03597883597883598 0.038606403013182675
0 0.23373015873015873 0.6068738229755178 0.046296296296296294 0.19303201506591336
0 0.24206349206349206 0.9011299435028248 0.03968253968253968 0.1977401129943503
0 0.2917989417989418 0.9185499058380414 0.056613756613756616 0.16290018832391714
0 0.3104497354497355 0.8622881355932204 0.051587301587301584 0.2330508474576271
0 0.38981481481481484 0.8022598870056498 0.05423280423280423 0.22128060263653485
0 0.4466931216931217 0.64924670433145 0.051587301587301584 0.22598870056497175
0 0.5452380952380952 0.4519774011299435 0.0291005291005291 0.14500941619585686
0 0.03650793650793651 0.4307909604519774 0.0328042328042328 0.10263653483992467
0 0.02275132275132275 0.4797551789077213 0.04497354497354497 0.17890772128060264
0 0.06706349206349206 0.4821092278719397 0.03571428571428571 0.1694915254237288
0 0.09417989417989418 0.5527306967984934 0.03968253968253968 0.17890772128060264
0 0.08822751322751322 0.7069209039548022 0.046296296296296294 0.2189265536723164
0 0.38121693121693123 0.5444915254237288 0.042328042328042326 0.17184557438794726
0 0.3402116402116402 0.5315442561205274 0.037037037037037035 0.18832391713747645
0 0.42275132275132277 0.4034839924670433 0.04338624338624339 0.0480225988700565
0 0.38835978835978835 0.397834274952919 0.04126984126984127 0.03672316384180791
0 0.3592592592592593 0.4048964218455744 0.0380952380952381 0.05084745762711865
0 0.11455026455026456 0.4011299435028249 0.035449735449735446 0.04331450094161959
0 0.7965608465608466 0.6162900188323918 0.08862433862433862 0.3064971751412429