0 0.6597765363128492 0.2147117296222664 0.08798882681564246 0.1481113320079523
0 0.17541899441340783 0.6863817097415507 0.03100558659217877 0.08449304174950298
0 0.8497206703910615 0.9075546719681908 0.054748603351955305 0.1848906560636183
0 0.7212290502793296 0.4945328031809145 0.05698324022346369 0.13021868787276342
0 0.756145251396648 0.4821073558648111 0.043016759776536316 0.10536779324055666
0 0.7681564245810056 0.7820576540755467 0.05307262569832402 0.24602385685884692
0 0.9740223463687151 0.47713717693836977 0.04860335195530726 0.09542743538767395
0 0.611731843575419 0.8976143141153081 0.0670391061452514 0.2047713717693837
0 0.5787709497206703 0.4746520874751491 0.049162011173184354 0.09045725646123261
0 0.5966480446927375 0.9870775347912525 0.07262569832402235 0.02584493041749503
0 0.711731843575419 0.941351888667992 0.07150837988826815 0.1172962226640159