0 0.14522058823529413 0.30455801104972374 0.29044117647058826 0.6091160220994475
0 0.4094669117647059 0.34185082872928174 0.5009191176470589 0.5317679558011049
0 0.7192095588235294 0.4930939226519337 0.11810661764705882 0.231353591160221
0 0.8409926470588235 0.4240331491712707 0.12224264705882353 0.3701657458563536
0 0.8943014705882353 0.31560773480662985 0.07536764705882353 0.39640883977900554
0 0.9425551470588235 0.43439226519337015 0.10753676470588236 0.3494475138121547
0 0.9489889705882353 0.22168508287292818 0.05652573529411765 0.11049723756906077
0 0.21001838235294118 0.8342541436464088 0.08088235294117647 0.1388121546961326
0 0.28630514705882354 0.9516574585635359 0.0818014705882353 0.09668508287292818
0 0.14659926470588236 0.8646408839779005 0.0625 0.11947513812154696
0 0.8419117647058824 0.8045580110497238 0.14338235294117646 0.39088397790055246
0 0.7164522058823529 0.8045580110497238 0.109375 0.39088397790055246
0 0.9489889705882353 0.8045580110497238 0.10202205882352941 0.39088397790055246