0 0.87 0.26136363636363635 0.19611111111111112 0.2949604743083004
0 0.5247222222222222 0.21195652173913043 0.28944444444444445 0.3942687747035573
0 0.07333333333333333 0.9125494071146245 0.06 0.17490118577075098
0 0.17055555555555554 0.48962450592885376 0.04555555555555556 0.16106719367588934
0 0.11652777777777777 0.5212450592885376 0.04861111111111111 0.2025691699604743
0 0.12555555555555556 0.8399209486166008 0.041666666666666664 0.22727272727272727
0 0.27111111111111114 0.4772727272727273 0.044444444444444446 0.13636363636363635
0 0.22833333333333333 0.47480237154150196 0.03888888888888889 0.13142292490118576
0 0.3575 0.6694664031620553 0.045 0.2618577075098814
0 0.2866666666666667 0.6571146245059288 0.06111111111111111 0.22233201581027667
0 0.19291666666666665 0.7139328063241107 0.059722222222222225 0.22727272727272727