0 0.2899884925201381 0.7049180327868853 0.5799769850402762 0.5901639344262295
0 0.21173762945914845 0.7699795081967213 0.11248561565017261 0.22797131147540983
0 0.7229574223245109 0.9477459016393442 0.05466052934407365 0.10450819672131148
0 0.7514384349827388 0.8852459016393442 0.05178365937859609 0.22950819672131148
0 0.8141542002301496 0.44774590163934425 0.05293440736478711 0.07581967213114754
0 0.9792865362485615 0.5625 0.04142692750287687 0.19467213114754098
0 0.9930955120828538 0.5548155737704918 0.01380897583429229 0.18954918032786885
0 0.9358457997698504 0.42469262295081966 0.037399309551208286 0.02971311475409836
0 0.9654775604142692 0.42110655737704916 0.04487917146144994 0.022540983606557378
0 0.6878596087456847 0.4400614754098361 0.05005753739930955 0.060450819672131145
0 0.8394706559263522 0.6039959016393442 0.05466052934407365 0.18954918032786885
0 0.9207422324510932 0.6475409836065574 0.050345224395857306 0.22540983606557377
0 0.9479286536248561 0.9672131147540983 0.061565017261219795 0.06557377049180328
0 0.6762082853855006 0.5361168032786885 0.04746835443037975 0.16137295081967212
0 0.608601841196778 0.49769467213114754 0.041714614499424624 0.16649590163934427