0 0.057219662058371736 0.2921779141104294 0.11443932411674347 0.495398773006135
0 0.031874039938556066 0.15644171779141106 0.018433179723502304 0.17868098159509202
0 0.4416282642089094 0.3918711656441718 0.052995391705069124 0.049079754601226995
0 0.4078341013824885 0.4217791411042945 0.026497695852534562 0.06978527607361963
0 0.11059907834101383 0.9148773006134969 0.09831029185867896 0.17024539877300612
0 0.03302611367127496 0.8236196319018405 0.06605222734254992 0.3159509202453988
0 0.10445468509984639 0.8366564417177914 0.08141321044546851 0.2714723926380368
0 0.3102918586789555 0.875 0.14324116743471582 0.20782208588957055
0 0.4608294930875576 0.8826687116564417 0.13172043010752688 0.23466257668711657
0 0.20276497695852536 0.8197852760736196 0.08563748079877112 0.1602760736196319
0 0.783410138248848 0.9056748466257669 0.15821812596006143 0.18788343558282208
0 0.7476958525345622 0.9693251533742331 0.17895545314900155 0.06134969325153374
0 0.4773425499231951 0.7707055214723927 0.08755760368663594 0.11809815950920245
0 0.34408602150537637 0.8113496932515337 0.07642089093701997 0.1334355828220859
0 0.2315668202764977 0.8098159509202454 0.0629800307219662 0.14493865030674846
0 0.5725806451612904 0.7653374233128835 0.055683563748079874 0.12576687116564417
0 0.6720430107526881 0.674079754601227 0.019201228878648235 0.032208588957055216
0 0.6981566820276498 0.6763803680981595 0.020737327188940093 0.03374233128834356
0 0.23425499231950844 0.7476993865030674 0.05337941628264209 0.05061349693251534
0 0.3387096774193548 0.7315950920245399 0.04377880184331797 0.07668711656441718
0 0.4001536098310292 0.7216257668711656 0.03571428571428571 0.06365030674846625