0 0.7686013513513513 0.16102226720647778 0.03847297297297301 0.15605263157894744
0 0.14391891891891892 0.7520242914979757 0.21486486486486486 0.4959514170040486
0 0.3527027027027027 0.7277327935222672 0.1891891891891892 0.5445344129554656
0 0.5662162162162162 0.8279352226720648 0.08648648648648649 0.3441295546558704
0 0.4574324324324324 0.7844129554655871 0.17702702702702702 0.4311740890688259
0 0.9155405405405406 0.5587044534412956 0.06891891891891892 0.21862348178137653
0 0.7189189189189189 0.6852226720647774 0.1945945945945946 0.2732793522267207
0 0.7398648648648649 0.7419028340080972 0.2608108108108108 0.35020242914979755
0 0.8574324324324324 0.7165991902834008 0.12837837837837837 0.3360323886639676
0 0.9540540540540541 0.72165991902834 0.0918918918918919 0.39878542510121456
0 0.6398648648648648 0.6265182186234818 0.060810810810810814 0.09919028340080972
0 0.6804054054054054 0.5890688259109311 0.041891891891891894 0.08097165991902834