0 0.6541994750656168 0.18925233644859812 0.20866141732283464 0.37850467289719625
0 0.9206036745406824 0.9030373831775701 0.15879265091863518 0.1939252336448598
0 0.6535433070866141 0.9100467289719626 0.031496062992125984 0.17990654205607476
0 0.7644356955380578 0.8983644859813084 0.048556430446194225 0.20327102803738317
0 0.8471128608923885 0.9123831775700935 0.06692913385826772 0.17523364485981308
0 0.8011811023622047 0.9205607476635514 0.04068241469816273 0.1588785046728972
0 0.7325459317585302 0.9093925233644861 0.024763779527558913 0.11574766355140179
0 0.7045144356955381 0.9098831775700935 0.035498687664041934 0.17193925233644866
0 0.6769291338582676 0.9061214953271027 0.028622047244094416 0.1771261682242992
0 0.6299212598425197 0.905373831775701 0.04199475065616798 0.18925233644859812
0 0.6056430446194225 0.9042056074766355 0.030183727034120734 0.19158878504672897
0 0.5590551181102362 0.905373831775701 0.01837270341207349 0.18925233644859812
0 0.5807086614173228 0.9077102803738317 0.03543307086614173 0.18457943925233644