0 0.7036817102137767 0.27431289640591966 0.25712589073634207 0.43023255813953487
0 0.25 0.5211416490486258 0.047505938242280284 0.06342494714587738
0 0.3162114014251782 0.9339323467230444 0.05522565320665083 0.1321353065539112
0 0.02494061757719715 0.7843551797040169 0.0498812351543943 0.21987315010570824
0 0.007719714964370546 0.5898520084566596 0.015439429928741092 0.17970401691331925
0 0.3652019002375297 0.547568710359408 0.040380047505938245 0.11627906976744186
0 0.07066508313539192 0.6128435517970402 0.047505938242280284 0.17177589852008457
0 0.03280878859857482 0.6035940803382663 0.043052256532066506 0.19027484143763213
0 0.1708729216152019 0.7423361522198731 0.05195961995249406 0.21934460887949261
0 0.14118171021377673 0.6326638477801269 0.05195961995249406 0.22727272727272727
0 0.46823040380047504 0.7288583509513742 0.05760095011876484 0.4788583509513742
0 0.5308788598574822 0.735200845665962 0.0831353919239905 0.44608879492600423
0 0.6057007125890737 0.7489429175475687 0.08432304038004751 0.4323467230443975
0 0.6921021377672208 0.7341437632135307 0.09590261282660333 0.36469344608879495
0 0.7811757719714965 0.6612050739957717 0.08966745843230403 0.28118393234672306
0 0.8239311163895487 0.6395348837209303 0.06264845605700713 0.18921775898520085