0 0.2149234693877551 0.44762845849802374 0.028698979591836735 0.10869565217391304
0 0.16645408163265307 0.4505928853754941 0.0274234693877551 0.11067193675889328
0 0.14540816326530612 0.45652173913043476 0.024872448979591837 0.12944664031620554
0 0.08801020408163265 0.46047430830039526 0.044642857142857144 0.15810276679841898
0 0.05994897959183673 0.4624505928853755 0.04336734693877551 0.15019762845849802
0 0.021683673469387755 0.45849802371541504 0.03316326530612245 0.14130434782608695
0 0.7940051020408163 0.3073122529644269 0.4119897959183674 0.5395256916996047
0 0.7117346938775511 0.358695652173913 0.31887755102040816 0.4407114624505929
0 0.21428571428571427 0.9496047430830039 0.2780612244897959 0.1007905138339921
0 0.3635204081632653 0.8409090909090909 0.16581632653061223 0.3181818181818182
0 0.6900510204081632 0.7895256916996047 0.3392857142857143 0.4209486166007905
0 0.5235969387755102 0.9071146245059288 0.06760204081632654 0.1857707509881423