0 0.24892703862660945 0.4238505747126437 0.24034334763948498 0.46264367816091956
0 0.13197424892703863 0.47413793103448276 0.15665236051502146 0.367816091954023
0 0.0611587982832618 0.4755747126436782 0.1223175965665236 0.3649425287356322
0 0.4206008583690987 0.21695402298850575 0.0815450643776824 0.4339080459770115
0 0.28969957081545067 0.10057471264367816 0.12875536480686695 0.20114942528735633
0 0.3830472103004292 0.06896551724137931 0.10085836909871244 0.13793103448275862
0 0.11587982832618025 0.15804597701149425 0.07296137339055794 0.14367816091954022
0 0.046137339055793994 0.10488505747126436 0.0407725321888412 0.08908045977011494
0 0.019313304721030045 0.12643678160919541 0.03862660944206009 0.13218390804597702
0 0.7993562231759657 0.22844827586206898 0.4012875536480687 0.45689655172413796
0 0.9645922746781116 0.5488505747126436 0.07081545064377683 0.21839080459770116