0 0.8696581196581197 0.39316239316239315 0.026709401709401708 0.16132478632478633
0 0.9882478632478633 0.4188034188034188 0.023504273504273504 0.18376068376068377
0 0.8173076923076923 0.3450854700854701 0.027777777777777776 0.16346153846153846
0 0.7638888888888888 0.31303418803418803 0.018162393162393164 0.12179487179487179
0 0.75 0.31303418803418803 0.018162393162393164 0.12179487179487179
0 0.7051282051282052 0.29594017094017094 0.019230769230769232 0.12179487179487179
0 0.686965811965812 0.27884615384615385 0.013888888888888888 0.09294871794871795
0 0.6794871794871795 0.2767094017094017 0.018162393162393164 0.08867521367521368
0 0.6538461538461539 0.25 0.019230769230769232 0.10576923076923077
0 0.22435897435897437 0.8098290598290598 0.44871794871794873 0.3803418803418803
0 0.6709401709401709 0.6602564102564102 0.11965811965811966 0.0811965811965812