0 0.7713350785340314 0.210195530726257 0.18167539267015706 0.15875232774674117
0 0.7547120418848168 0.19343575418994413 0.2832460732984293 0.1829608938547486
0 0.8883507853403141 0.0972998137802607 0.04384816753926701 0.03887337057728119
0 0.8760471204188481 0.10242085661080075 0.0662303664921466 0.050512104283054006
0 0.8396596858638743 0.12453445065176909 0.0918848167539267 0.05446927374301676
0 0.7916230366492146 0.13105214152700187 0.05981675392670157 0.056797020484171325
0 0.9336387434554974 0.19390130353817506 0.13272251308900523 0.17271880819366853
0 0.9684554973821989 0.12174115456238362 0.0630890052356021 0.050512104283054006
0 0.9871727748691099 0.10381750465549348 0.025654450261780103 0.0521415270018622
0 0.1806282722513089 0.7972532588454376 0.07054973821989528 0.3538175046554935
0 0.36518324607329844 0.8198324022346368 0.07277486910994764 0.30307262569832405
0 0.38089005235602097 0.4685754189944134 0.02617801047120419 0.16666666666666666
0 0.22303664921465968 0.6962290502793296 0.026963350785340314 0.1776070763500931
0 0.3575916230366492 0.4681098696461825 0.042670157068062826 0.15945065176908751
0 0.4331151832460733 0.542830540037244 0.030366492146596858 0.1962290502793296
0 0.38717277486910995 0.49487895716945995 0.018848167539267015 0.08985102420856611
0 0.2931937172774869 0.3780260707635009 0.023036649214659685 0.12081005586592179
0 0.2369109947643979 0.40712290502793297 0.02630890052356021 0.12918994413407822
0 0.20798429319371728 0.4411080074487896 0.025 0.09613594040968343
0 0.18599476439790577 0.45251396648044695 0.023036649214659685 0.10218808193668528
0 0.8927827225130891 0.8745018621973929 0.030400523560209454 0.1468156424581006
0 0.8739921465968586 0.8725186219739293 0.023769633507853452 0.13986499068901295
0 0.8505497382198952 0.8666340782122904 0.02700785340314138 0.14799813780260712
0 0.9748534031413613 0.8233985102420857 0.01399214659685859 0.07347299813780268
0 0.9520261780104712 0.8392504655493482 0.023832460732984284 0.11271415270018628
0 0.9329476439790575 0.8523277467411545 0.025057591623036477 0.11839385474860332
0 0.9154136125654451 0.8556331471135941 0.02374869109947627 0.11405959031657356
0 0.9028507853403143 0.8453631284916201 0.020107329842931804 0.11640595903165733