0 0.7268145161290323 0.19455645161290322 0.3286290322580645 0.3286290322580645
0 0.11290322580645161 0.8588709677419355 0.14516129032258066 0.25
0 0.2247983870967742 0.38205645161290325 0.17943548387096775 0.046370967741935484
0 0.015120967741935484 0.6028225806451613 0.03024193548387097 0.04435483870967742
0 0.015120967741935484 0.6320564516129032 0.03024193548387097 0.05846774193548387
0 0.04294354838709677 0.6023991935483871 0.02050403225806452 0.056552419354838616
0 0.06221774193548387 0.6275403225806452 0.04044354838709678 0.05096774193548382
0 0.08473790322580646 0.6023588709677419 0.029637096774193527 0.044032258064516196
0 0.1226008064516129 0.6535282258064515 0.06348790322580647 0.1386290322580645
0 0.1767741935483871 0.5992943548387096 0.03225806451612903 0.05342741935483871
0 0.17530241935483873 0.6546774193548388 0.024677419354838727 0.1238709677419356
0 0.19536290322580646 0.6852217741935483 0.04463709677419352 0.19272177419354844
0 0.22578629032258066 0.6510685483870968 0.034112903225806485 0.09804435483870967
0 0.27364919354838707 0.6780846774193549 0.09108870967741937 0.18463709677419363
0 0.306108870967742 0.6455040322580645 0.03816532258064517 0.10399193548387105
0 0.3377217741935484 0.6003830645161291 0.023810483870967746 0.03546370967741942
0 0.34667338709677414 0.6361088709677419 0.049475806451612946 0.08207661290322588
0 0.3967943548387097 0.6429233870967742 0.03804435483870969 0.11895161290322581
0 0.43544354838709676 0.6448790322580645 0.03625000000000004 0.10429435483870972
0 0.46840725806451616 0.5894153225806452 0.030826612903225848 0.035221774193548445
0 0.4445967741935484 0.5873185483870967 0.0173387096774194 0.031028225806451586
0 0.46961693548387096 0.6268145161290322 0.03016129032258072 0.06969758064516139
0 0.49758064516129036 0.5878830645161289 0.01786290322580648 0.025967741935483863
0 0.5059274193548388 0.6393145161290323 0.04229838709677423 0.11330645161290331
0 0.5423387096774194 0.6471774193548387 0.03225806451612903 0.0846774193548387
0 0.2752016129032258 0.9254032258064516 0.46975806451612906 0.14919354838709678
0 0.9455645161290323 0.6794354838709677 0.10887096774193548 0.6411290322580645