0 0.26953125 0.22608024691358025 0.3177083333333333 0.30709876543209874
0 0.9557291666666666 0.25385802469135804 0.08854166666666667 0.2515432098765432
0 0.8068576388888888 0.24305555555555555 0.16927083333333334 0.27314814814814814
0 0.6662326388888888 0.13734567901234568 0.07378472222222222 0.25308641975308643
0 0.48046875 0.3958333333333333 0.014756944444444444 0.032407407407407406
0 0.5230034722222222 0.4089506172839506 0.0234375 0.05864197530864197
0 0.4118923611111111 0.4398148148148148 0.035590277777777776 0.12037037037037036
0 0.3585069444444444 0.44521604938271603 0.03298611111111111 0.13117283950617284
0 0.5030381944444444 0.49074074074074076 0.0234375 0.10493827160493827
0 0.31640625 0.8541666666666666 0.06684027777777778 0.2916666666666667
0 0.80078125 0.3966049382716049 0.0234375 0.033950617283950615
0 0.6896701388888888 0.42746913580246915 0.035590277777777776 0.09567901234567901
0 0.6410590277777778 0.43287037037037035 0.0234375 0.10648148148148148
0 0.7808159722222222 0.4660493827160494 0.0234375 0.10493827160493827