0 0.17205400981996727 0.16026536312849163 0.2753682487725041 0.32053072625698326
0 0.06828559738134206 0.4815782122905028 0.007626841243862562 0.05173184357541894
0 0.12193126022913257 0.4784427374301676 0.006276595744680817 0.04654329608938554
0 0.2203723404255319 0.475481843575419 0.012013093289689086 0.024986033519553055
0 0.15061783960720132 0.6567807262569832 0.015957446808510637 0.057960893854748605
0 0.23530687397708672 0.49213687150837987 0.01004500818330613 0.029434357541899506
0 0.30646481178396073 0.45356145251396646 0.006546644844517185 0.06075418994413408
0 0.11560556464811783 0.5594553072625699 0.01549918166939448 0.029909217877094923
0 0.1503682487725041 0.4416899441340782 0.01104746317512275 0.04399441340782123
0 0.21326923076923077 0.4983798882681564 0.00993453355155491 0.026445530726256907
0 0.026174304418985283 0.6143854748603351 0.01842471358428804 0.06879189944134077
0 0.07416121112929623 0.49389664804469274 0.00900163666121113 0.05097765363128492
0 0.0915711947626841 0.5057891061452514 0.00943535188216037 0.04649441340782118
0 0.16534369885433717 0.5790782122905028 0.016272504091653022 0.03924581005586596
0 0.13752864157119477 0.6419203910614525 0.016775777414075287 0.05377094972067039
0 0.12587152209492636 0.4341829608938548 0.006648936170212766 0.04154329608938548
0 0.037798690671031095 0.49991620111731844 0.008183306055646482 0.039804469273743016
0 0.12724631751227497 0.5472905027932962 0.011456628477905073 0.03137569832402239
0 0.01875613747954175 0.4994203910614525 0.007774140752864157 0.0467877094972067
0 0.1336415711947627 0.5234567039106145 0.011968085106382979 0.02877793296089388
0 0.18166939443535188 0.5076745810055866 0.014729950900163666 0.04888268156424581
0 0.05506546644844519 0.6418575418994413 0.009337152209492609 0.0672625698324022
0 0.1655482815057283 0.521822625698324 0.011354337152209492 0.040481843575419015
0 0.22856792144026183 0.6660754189944135 0.02118248772504091 0.04863128491620119
0 0.21813829787234046 0.6534986033519553 0.015053191489361687 0.04582402234636864
0 0.19175531914893615 0.6391759776536312 0.02284369885433712 0.04790502793296083
0 0.27325695581014725 0.41733240223463686 0.009701309328968918 0.029504189944134077
0 0.059664484451718514 0.6500488826815642 0.010896072013093335 0.05951117318435756
0 0.0901022913256956 0.5773533519553072 0.013396072013093294 0.0386103351955307
0 0.07770458265139114 0.572199720670391 0.014083469721767624 0.050314245810055835
0 0.10105155482815058 0.4791969273743017 0.01093698854337153 0.049678770949720744
0 0.10449672667757774 0.4750418994413408 0.014165302782324014 0.051319832402234644
0 0.14034369885433715 0.4415642458100559 0.01048690671031101 0.03885474860335202
0 0.2948036006546645 0.47439944134078216 0.011714402618657983 0.02841480446927378
0 0.2818698854337153 0.47920391061452516 0.012847790507365012 0.025446927374301716
0 0.22927577741407526 0.5277723463687151 0.010454173486088455 0.026222067039106112
0 0.2198690671031096 0.5283589385474861 0.010732405891980367 0.02831703910614522
0 0.17614975450081832 0.5583868715083798 0.01822013093289688 0.03902234636871516
0 0.15535597381342064 0.5840083798882681 0.015368248772504069 0.058617318435754226
0 0.14247545008183307 0.5388058659217877 0.013662029459901841 0.0262081005586592
0 0.10558101472995089 0.5651396648044692 0.017291325695581013 0.03856843575418996
0 0.08844926350245498 0.4802653631284916 0.009243044189852667 0.04880586592178778
0 0.11846153846153845 0.47215782122905026 0.009770867430441943 0.05092877094972072
0 0.03725040916530277 0.48648743016759777 0.00636252045826512 0.03810055865921784
0 0.008289689034369881 0.4658868715083799 0.011022913256955832 0.03881284916201112
0 0.0028641571194762683 0.6641061452513967 0.0057283142389525366 0.0782122905027933
0 0.017757774140752854 0.7320041899441341 0.02504909983633389 0.0856215083798882
0 0.0964934533551555 0.815858938547486 0.02676759410801967 0.08798882681564246
0 0.08229132569558102 0.8158798882681564 0.020135024549918182 0.06832402234636882
0 0.1863747954173486 0.952513966480447 0.035597381342062195 0.09497206703910614
0 0.15659574468085108 0.9131983240223464 0.028052373158756114 0.09145949720670377
0 0.16489361702127658 0.9689245810055865 0.027004909983633387 0.06215083798882681
0 0.04455810147299508 0.5008100558659218 0.012319967266775736 0.046913407821229096
0 0.11217675941080195 0.7265572625698323 0.02982815057283146 0.08393854748603355
0 0.05053191489361702 0.6937639664804469 0.02036415711947626 0.07984636871508374
0 0.12213584288052373 0.9668296089385475 0.03477905073649754 0.06634078212290503
0 0.010433715220949264 0.7597765363128491 0.020867430441898527 0.08519553072625698
0 0.0016366612111292963 0.4689245810055866 0.0032733224222585926 0.04399441340782123
0 0.018985270049099827 0.6898393854748603 0.021546644844517217 0.06703212290502794
0 0.01815466448445172 0.6222765363128492 0.01833469721767592 0.08953212290502796
0 0.012966448445171872 0.6542946927374302 0.013346972176759366 0.06348463687150843
0 0.1409165302782324 0.9468784916201117 0.025466448445171853 0.07997905027932975
0 0.05128887070376433 0.6315921787709498 0.014071194762684164 0.07006983240223458
0 0.06374795417348607 0.6455377094972067 0.010851063829787226 0.05567737430167599
0 0.08338788870703763 0.5071368715083799 0.007590016366612093 0.04806564245810051
0 0.16770049099836334 0.4326885474860335 0.009582651391162059 0.04427374301675984
0 0.11538461538461539 0.3956005586592179 0.008183306055646482 0.031424581005586594
0 0.22025368248772503 0.43379189944134083 0.007557283142389444 0.029979050279329653
0 0.21104746317512274 0.42887569832402234 0.011468903436988625 0.049350558659217926
0 0.9273731587561375 0.5408519553072626 0.030687397708674305 0.13966480446927373
0 0.9524345335515548 0.5338687150837989 0.029664484451718494 0.11522346368715083
0 0.956526186579378 0.5033170391061452 0.025572831423895253 0.10649441340782123
0 0.9871112929623568 0.4979050279329609 0.025777414075286414 0.11033519553072625
0 0.9795417348608838 0.4893505586592179 0.020458265139116204 0.10649441340782123
0 0.9584697217675942 0.4060754189944134 0.023322422258592473 0.052374301675977654
0 0.9333060556464812 0.41131284916201116 0.028641571194762683 0.06284916201117319
0 0.9200081833060556 0.40537709497206703 0.026595744680851064 0.05097765363128492
0 0.8895253682487725 0.40083798882681565 0.028641571194762683 0.04189944134078212
0 0.8592471358428805 0.39839385474860334 0.029459901800327332 0.037011173184357544
0 0.8269230769230769 0.3956005586592179 0.028641571194762683 0.031424581005586594
0 0.7798690671031097 0.40432960893854747 0.03273322422258593 0.04888268156424581
0 0.8255932896890343 0.7171787709497207 0.037847790507364976 0.16061452513966482
0 0.8460515548281505 0.8035963687150838 0.04193944353518821 0.1763268156424581
0 0.8138297872340425 0.9902234636871509 0.045008183306055646 0.019553072625698324
0 0.7630932896890343 0.9326117318435754 0.04991816693944354 0.13477653631284917
0 0.5269026186579379 0.9153282122905028 0.0398936170212766 0.16236033519553073
0 0.6210106382978723 0.5818784916201117 0.04193944353518821 0.14490223463687152
0 0.5954378068739771 0.5626745810055865 0.031710310965630116 0.14839385474860337
0 0.5990180032733224 0.45356145251396646 0.03887070376432079 0.11871508379888268
0 0.6151800327332242 0.4350558659217877 0.026595744680851064 0.11033519553072625
0 0.6404459901800328 0.4404678770949721 0.029664484451718494 0.11347765363128491
0 0.5586129296235679 0.5050628491620112 0.027618657937806875 0.07506983240223464
0 0.4957037643207856 0.4780027932960894 0.03273322422258593 0.11871508379888268
0 0.44711538461538464 0.5172835195530726 0.029664484451718494 0.12744413407821228
0 0.45529869067103107 0.48149441340782123 0.029664484451718494 0.12569832402234637
0 0.4169394435351882 0.5303770949720671 0.03273322422258593 0.13268156424581007
0 0.3836947626841244 0.50768156424581 0.027618657937806875 0.13966480446927373
0 0.48220130932896893 0.42178770949720673 0.030687397708674305 0.08379888268156424
0 0.4511047463175123 0.4175977653631285 0.027414075286415714 0.07541899441340782
0 0.4269639934533552 0.4235335195530726 0.026595744680851064 0.08729050279329609
0 0.4024140752864157 0.4305167597765363 0.026595744680851064 0.10125698324022346
0 0.3775572831423895 0.4369762569832402 0.031710310965630116 0.10649441340782123
0 0.44455810147299507 0.40083798882681565 0.026595744680851064 0.04189944134078212
0 0.5974836333878887 0.8254189944134078 0.0398936170212766 0.17458100558659218
0 0.6847381342062193 0.9703212290502793 0.04705400981996727 0.05935754189944134
0 0.703355155482815 0.9343575418994413 0.05319148936170213 0.13128491620111732
0 0.32344517184942717 0.7835195530726257 0.027414075286415714 0.17458100558659218
0 0.6961947626841244 0.5792597765363129 0.04091653027823241 0.15013966480446927
0 0.7047872340425532 0.4409916201117318 0.03968903436988543 0.12220670391061453
0 0.9682896890343698 0.6586941340782123 0.03887070376432079 0.15886871508379888
0 0.9877250409165302 0.6358240223463687 0.024549918166939442 0.14874301675977653