0 0.9530812324929971 0.5221518987341772 0.0938375350140056 0.41561181434599154
0 0.7661064425770309 0.5232067510548524 0.13165266106442577 0.41350210970464135
0 0.8662464985994398 0.5390295358649789 0.11624649859943978 0.3818565400843882
0 0.9656862745098039 0.3037974683544304 0.06862745098039216 0.28270042194092826
0 0.8802521008403361 0.3048523206751055 0.11624649859943978 0.31856540084388185
0 0.5763305322128851 0.5284810126582279 0.0742296918767507 0.4029535864978903
0 0.6533613445378151 0.5274261603375527 0.11624649859943978 0.4050632911392405
0 0.7864145658263305 0.29852320675105487 0.11904761904761904 0.310126582278481
0 0.6869747899159664 0.3270042194092827 0.09943977591036414 0.3291139240506329
0 0.592436974789916 0.3027426160337553 0.10644257703081232 0.33544303797468356
0 0.265406162464986 0.9103375527426161 0.11064425770308123 0.17932489451476794