0 0.7832446808510638 0.2051039697542533 0.13138297872340426 0.1767485822306238
0 0.4507978723404255 0.6370510396975425 0.03776595744680851 0.21739130434782608
0 0.4627659574468085 0.753780718336484 0.013829787234042552 0.2391304347826087
0 0.06835106382978723 0.8974480151228733 0.05159574468085106 0.2051039697542533
0 0.19069148936170213 0.505671077504726 0.054787234042553194 0.09262759924385633
0 0.1574468085106383 0.4938563327032136 0.04148936170212766 0.06899810964083176
0 0.16023936170212766 0.7835538752362949 0.05186170212765957 0.23629489603024575
0 0.27367021276595743 0.9697542533081286 0.061170212765957445 0.06049149338374291
0 0.2978723404255319 0.9210775047258979 0.06914893617021277 0.15784499054820417
0 0.28829787234042553 0.505671077504726 0.05319148936170213 0.09262759924385633
0 0.38670212765957446 0.9352551984877127 0.06914893617021277 0.12948960302457466
0 0.6550531914893617 0.9584120982986768 0.05159574468085106 0.0831758034026465
0 0.7775265957446809 0.5758506616257089 0.05452127659574468 0.19612476370510398
0 0.7441489361702127 0.554820415879017 0.04148936170212766 0.19092627599243855
0 0.6962765957446808 0.4910207939508507 0.036170212765957444 0.06332703213610585
0 0.7327127659574468 0.8842155009451795 0.05053191489361702 0.23156899810964082
0 0.5367021276595745 0.5500945179584121 0.04680851063829787 0.18147448015122875
0 0.5585106382978723 0.4919659735349716 0.03723404255319149 0.06521739130434782
0 0.49813829787234043 0.4919659735349716 0.03563829787234043 0.06521739130434782
0 0.823404255319149 0.4792060491493384 0.0425531914893617 0.03969754253308128
0 0.7893617021276595 0.4792060491493384 0.03829787234042553 0.03969754253308128
0 0.8819148936170212 0.9489603024574669 0.06382978723404255 0.10207939508506617
0 0.913031914893617 0.5477315689981096 0.04627659574468085 0.1767485822306238
0 0.886436170212766 0.5004725897920604 0.04627659574468085 0.08223062381852551