0 0.34130434782608693 0.0425531914893617 0.01657608695652174 0.03288201160541586
0 0.325 0.043520309477756286 0.017391304347826087 0.029013539651837523
0 0.6529891304347826 0.2562862669245648 0.17282608695652174 0.37475822050290136
0 0.48532608695652174 0.261605415860735 0.2108695652173913 0.3607350096711799
0 0.903804347826087 0.2799806576402321 0.1923913043478261 0.32495164410058025
0 0.7875 0.29206963249516443 0.14293478260869566 0.30464216634429403
0 0.11494565217391305 0.8302707930367504 0.17554347826086958 0.29061895551257255
0 0.391304347826087 0.973404255319149 0.02282608695652174 0.05319148936170213
0 0.3986413043478261 0.874274661508704 0.0375 0.24177949709864605
0 0.6979619565217391 0.8227756286266924 0.05298913043478261 0.2248549323017408
0 0.6042119565217391 0.6982591876208898 0.05298913043478261 0.24177949709864605
0 0.48831521739130435 0.9289168278529981 0.0625 0.14216634429400388
0 0.46358695652173915 0.879110251450677 0.07065217391304347 0.24177949709864605
0 0.975 0.6402321083172147 0.05 0.24177949709864605