0 0.7293388429752066 0.3356353591160221 0.1487603305785124 0.30662983425414364
0 0.9669421487603306 0.2776243093922652 0.05785123966942149 0.19060773480662985
0 0.8997933884297521 0.2886740331491713 0.04338842975206612 0.1574585635359116
0 0.8677685950413223 0.26519337016574585 0.0371900826446281 0.17679558011049723
0 0.8223140495867769 0.27209944751381215 0.045454545454545456 0.17403314917127072
0 0.7737603305785123 0.28591160220994477 0.04338842975206612 0.10773480662983426
0 0.6394628099173554 0.2886740331491713 0.030991735537190084 0.16298342541436464
0 0.6177685950413223 0.31353591160220995 0.024793388429752067 0.1132596685082873
0 0.24483471074380164 0.8342541436464088 0.4896694214876033 0.3314917127071823
0 0.3987603305785124 0.8342541436464088 0.18181818181818182 0.3314917127071823
0 0.8894628099173554 0.888121546961326 0.22107438016528927 0.22375690607734808
0 0.5733471074380165 0.8895027624309392 0.16735537190082644 0.22099447513812154