0 0.18486916951080773 0.3658906882591093 0.11973833902161547 0.2479757085020243
0 0.32337883959044367 0.3699392712550607 0.1402161547212742 0.23987854251012145
0 0.802901023890785 0.32186234817813764 0.06911262798634812 0.3355263157894737
0 0.7198521046643913 0.23279352226720648 0.11916951080773606 0.3066801619433198
0 0.2605233219567691 0.6745951417004049 0.0540386803185438 0.13663967611336034
0 0.20861774744027303 0.7593623481781376 0.04692832764505119 0.24544534412955465
0 0.205773606370876 0.625253036437247 0.04692832764505119 0.13917004048582995
0 0.2640784982935154 0.8314777327935222 0.04977246871444824 0.2074898785425101
0 0.4738339021615472 0.6088056680161943 0.03185437997724687 0.1771255060728745
0 0.10551763367463027 0.7644230769230769 0.04550625711035267 0.1847165991902834
0 0.1496018202502844 0.7505060728744939 0.03981797497155859 0.20242914979757085
0 0.09755403868031855 0.5581983805668016 0.04379977246871445 0.13663967611336034
0 0.128839590443686 0.5657894736842105 0.04152445961319681 0.15182186234817813
0 0.4513651877133106 0.5025303643724697 0.03128555176336746 0.025303643724696356
0 0.3856655290102389 0.4984817813765182 0.034129692832764506 0.01720647773279352
0 0.23236632536973834 0.5404858299595142 0.042662116040955635 0.10121457489878542
0 0.1831626848691695 0.5490890688259109 0.04436860068259386 0.11842105263157894
0 0.019908987485779295 0.9245951417004049 0.03981797497155859 0.1508097165991903
0 0.48321956769055746 0.6897773279352226 0.013083048919226393 0.19736842105263158
0 0.38424345847554037 0.6277834008097166 0.034129692832764506 0.17459514170040485
0 0.4254835039817975 0.6151315789473685 0.04550625711035267 0.15435222672064777
0 0.4311717861205916 0.742914979757085 0.04550625711035267 0.16700404858299595
0 0.4133959044368601 0.8770242914979757 0.05546075085324232 0.1720647773279352
0 0.3967576791808874 0.9574898785425101 0.04835039817974972 0.08502024291497975
0 0.0436575654152446 0.617661943319838 0.03839590443686007 0.17965587044534412
0 0.03498293515358362 0.5364372469635628 0.03811149032992037 0.0931174089068826
0 0.07849829351535836 0.9154858299595142 0.051194539249146756 0.16902834008097167
0 0.1885665529010239 0.9382591093117408 0.04948805460750853 0.12348178137651822