0 0.989247311827957 0.38049713193116635 0.021505376344086023 0.2179732313575526
0 0.7348118279569893 0.19622370936902486 0.05510752688172043 0.19837476099426385
0 0.7012096774193548 0.16993307839388144 0.041666666666666664 0.2031548757170172
0 0.7056451612903226 0.05066921606118547 0.051075268817204304 0.10133843212237094
0 0.7271505376344086 0.03537284894837476 0.03494623655913978 0.07074569789674952
0 0.7602150537634409 0.040152963671128104 0.03870967741935484 0.08030592734225621
0 0.6528225806451613 0.09106118546845124 0.036290322580645164 0.10277246653919694
0 0.5063172043010753 0.10779158699808795 0.038978494623655914 0.17447418738049714
0 0.5169354838709678 0.07217973231357552 0.03924731182795699 0.14435946462715105
0 0.4666666666666667 0.125717017208413 0.043010752688172046 0.18164435946462715
0 0.5524193548387096 0.017208413001912046 0.04032258064516129 0.03441682600382409
0 0.4798387096774194 0.01959847036328872 0.03494623655913978 0.03919694072657744
0 0.4475806451612903 0.029158699808795412 0.03494623655913978 0.058317399617590825
0 0.41478494623655915 0.03537284894837476 0.04139784946236559 0.07074569789674952
0 0.8448924731182795 0.04349904397705545 0.0521505376344086 0.0869980879541109
0 0.5626344086021505 0.05688336520076482 0.03387096774193549 0.11376673040152964
0 0.43709677419354837 0.07361376673040153 0.04838709677419355 0.14722753346080306
0 0.3473118279569892 0.4005736137667304 0.015053763440860216 0.17782026768642448
0 0.8504032258064517 0.1782982791586998 0.05779569892473118 0.20076481835564053
0 0.6895161290322581 0.44024856596558315 0.051075268817204304 0.09847036328871893
0 0.0064516129032258064 0.97131931166348 0.012634408602150538 0.05736137667304015
0 0.012903225806451613 0.9976099426386233 0.010483870967741936 0.004302103250478011
0 0.03467741935483871 0.9847036328871893 0.00913978494623656 0.03011472275334608
0 0.04247311827956989 0.9789674952198852 0.00913978494623656 0.04206500956022945
0 0.1913978494623656 0.9703632887189293 0.010483870967741936 0.058795411089866155
0 0.25591397849462366 0.9521988527724665 0.0064516129032258064 0.01338432122370937
0 0.2701612903225806 0.9517208413001912 0.00564516129032258 0.018164435946462717
0 0.2814516129032258 0.9703632887189293 0.01532258064516129 0.058795411089866155
0 0.318010752688172 0.9717973231357553 0.01129032258064516 0.05640535372848948