0 0.1935394809497515 0.3568271119842829 0.37272225289895083 0.4857563850687623
0 0.6732468249585865 0.5385559921414538 0.06695196024295968 0.08276031434184676
0 0.44340143567090007 0.224950884086444 0.06156819436775262 0.15839882121807466
0 0.36526780784097185 0.9609528487229863 0.029265599116510214 0.07809430255402751
0 0.31143014908890115 0.962426326129666 0.02650469353948095 0.07514734774066797
0 0.22087244616234125 0.9543222003929273 0.025400331308669245 0.09135559921414538
0 0.3237161789066814 0.9860019646365422 0.045002760905577026 0.027996070726915522
0 0.19464384318056321 0.9783889980353635 0.025952512424075095 0.043222003929273084
0 0.2766427388183324 0.968320235756385 0.025400331308669245 0.06335952848722987
0 0.09921590281612369 0.9434479371316306 0.020930425179458846 0.10242141453831051
0 0.11378520154610712 0.9355304518664047 0.02271673108779679 0.09829076620825142
0 0.02788514632799558 0.9700392927308448 0.030369961347321922 0.05992141453831041
0 0.012976256212037547 0.9744597249508841 0.02484815019326339 0.05108055009823183
0 0.005107675317504142 0.9690569744597249 0.010215350635008284 0.0618860510805501
0 0.08690502484815019 0.8657072691552062 0.024133075648812834 0.06888506876227898
0 0.05152125897294313 0.8593467583497053 0.023172280508006644 0.06284872298624757
0 0.26325234676974046 0.9850196463654224 0.021258972943125346 0.029960707269155205
0 0.11170623964660409 0.8584823182711198 0.020419657647708457 0.06442043222003922
0 0.036739370513528435 0.8049656188605109 0.014362230811706235 0.06934675834970533
0 0.0462644947542794 0.81262278978389 0.018636112644947543 0.0682416502946955
0 0.8502208724461623 0.7259332023575639 0.13583655438983988 0.21144400785854617
0 0.9458862506902264 0.7197937131630648 0.03699613473219216 0.07858546168958742
0 0.9425731639977912 0.6706777996070727 0.03299282164549972 0.07612966601178782
0 0.9636940916620652 0.6922888015717092 0.043484262838210934 0.11493123772102161