0 0.45625 0.44148936170212766 0.0453804347826087 0.031914893617021274
0 0.42690217391304347 0.4443907156673114 0.021467391304347827 0.037717601547388784
0 0.8565217391304348 0.1039651837524178 0.1701086956521739 0.2079303675048356
0 0.2157608695652174 0.8167311411992263 0.1108695652173913 0.14845261121856868
0 0.3418478260869565 0.8186653771760155 0.15081521739130435 0.24274661508704062
0 0.011141304347826087 0.8404255319148937 0.022010869565217393 0.0367504835589942
0 0.11114130434782608 0.8563829787234043 0.22228260869565217 0.2867504835589942
0 0.5766304347826087 0.870889748549323 0.12608695652173912 0.2577369439071567
0 0.4891304347826087 0.8810444874274661 0.2076086956521739 0.23549323017408125
0 0.2722826086956522 0.898936170212766 0.22717391304347825 0.20212765957446807
0 0.8951086956521739 0.940522243713733 0.05326086956521739 0.11895551257253385
0 0.8014945652173913 0.8694390715667312 0.05298913043478261 0.24177949709864605
0 0.6679347826086957 0.9647001934235977 0.05652173913043478 0.07059961315280464