0 0.7007963594994312 0.3638663967611336 0.06370875995449374 0.05060728744939271
0 0.23777019340159272 0.8319838056680162 0.30602957906712175 0.3360323886639676
0 0.6820250284414107 0.9635627530364372 0.051194539249146756 0.0728744939271255
0 0.7440273037542662 0.6077935222672065 0.05233219567690557 0.07591093117408906
0 0.987485779294653 0.8218623481781376 0.02502844141069397 0.24493927125506074
0 0.9860637087599545 0.687753036437247 0.027872582480091012 0.13866396761133604
0 0.8956200227531286 0.8271761133603239 0.04550625711035267 0.1847165991902834
0 0.9397042093287827 0.8132591093117408 0.03981797497155859 0.20242914979757085
0 0.8506825938566553 0.6356275303643725 0.047212741751990896 0.13157894736842105
0 0.8876564277588168 0.6295546558704453 0.04379977246871445 0.1194331983805668
0 0.9189419795221843 0.6371457489878543 0.04152445961319681 0.1346153846153846
0 0.5864618885096701 0.5850202429149798 0.03299203640500569 0.030364372469635626
0 0.4906143344709898 0.7307692307692307 0.04152445961319681 0.1700404858299595
0 0.5450796359499431 0.8145242914979757 0.04692832764505119 0.17459514170040485
0 0.8393060295790671 0.5915991902834008 0.03811149032992037 0.043522267206477734
0 0.6659556313993175 0.6905364372469636 0.04124004550625711 0.1847165991902834
0 0.5244596131968146 0.5991902834008097 0.034129692832764506 0.058704453441295545
0 0.48862343572241185 0.604251012145749 0.03754266211604096 0.06882591093117409
0 0.9729806598407281 0.6204453441295547 0.04379977246871445 0.10121457489878542
0 0.8023321956769056 0.9559716599190283 0.055176336746302616 0.08805668016194332
0 0.8799772468714449 0.9595141700404858 0.06257110352673492 0.08097165991902834