0 0.32717453098351335 0.33872598584428715 0.4420125071063104 0.583164812942366
0 0.9246731097214327 0.4299797775530839 0.15065378055713474 0.5798786653185035
0 0.6803581580443434 0.4373104145601618 0.13672541216600342 0.5652173913043478
0 0.5874076179647527 0.3746208291203236 0.07532689027856737 0.4373104145601618
0 0.6873223422399091 0.21814964610717896 0.05685048322910745 0.2641557128412538
0 0.8362706083001705 0.4127906976744186 0.10289937464468447 0.595803842264914
0 0.8816088686753838 0.27451971688574317 0.05997725980670836 0.3956016177957533
0 0.13388288800454803 0.9820525783619818 0.025582717453098352 0.0358948432760364
0 0.10503126776577601 0.9721941354903944 0.03780557134735645 0.055611729019211326
0 0.05802160318362703 0.9200404448938321 0.032060830017055134 0.10908493427704752
0 0.18092666287663445 0.9590495449949444 0.03382603752131893 0.08190091001011122
0 0.26606026151222284 0.9431243680485338 0.03524729960204662 0.11375126390293225
0 0.8467879476975554 0.8948432760364005 0.13985218874360433 0.21006066734074824