0 0.9455077086656034 0.40879017013232516 0.028708133971291867 0.1824196597353497
0 0.9892344497607656 0.43100189035916825 0.0215311004784689 0.13799621928166353
0 0.9881711855396066 0.4111531190926276 0.023657628920786815 0.16564272211720227
0 0.3888888888888889 0.7828449905482041 0.5220627325890483 0.43431001890359167
0 0.05528973950026582 0.7745746691871456 0.11057947900053164 0.45085066162570886
0 0.41281233386496546 0.7138468809073724 0.2583732057416268 0.32112476370510395
0 0.7870015948963317 0.8678733459357278 0.027129186602870798 0.14275047258979204
0 0.8062732589048378 0.858421550094518 0.02421318447634241 0.14040642722117197
0 0.8123205741626793 0.8480529300567108 0.02059542796384902 0.14242438563327026
0 0.8363290802764487 0.8657514177693763 0.028463583200425285 0.1488563327032136
0 0.8628389154704944 0.9118620037807184 0.03508771929824561 0.17627599243856332
0 0.8805236576289207 0.9040500945179585 0.030146198830409317 0.17682892249527413
0 0.9050584795321637 0.8940217391304348 0.03615364167995753 0.17953686200378077