0 0.2768065268065268 0.19139004149377592 0.016025641025641024 0.05964730290456432
0 0.2532051282051282 0.18153526970954356 0.01252913752913753 0.046680497925311204
0 0.26515151515151514 0.18153526970954356 0.011363636363636364 0.043568464730290454
0 0.2406759906759907 0.1758298755186722 0.010198135198135198 0.025933609958506226
0 0.8516899766899767 0.22614107883817428 0.11655011655011654 0.39730290456431533
0 0.36500582750582744 0.9107572614107884 0.03096736596736616 0.13399377593361003
0 0.051864801864801864 0.9071576763485477 0.03146853146853147 0.18568464730290457
0 0.23224941724941722 0.8801970954356846 0.020874125874125838 0.08842323651452283
0 0.21363053613053615 0.8810580912863071 0.013426573426573406 0.09360995850622407
0 0.2717482517482518 0.8614730290456432 0.0117948717948718 0.0820954356846474
0 0.2599358974358974 0.8646576763485477 0.015722610722610733 0.07405601659751047
0 0.3392657342657342 0.8825207468879668 0.02804778554778561 0.12130705394190877
0 0.11568181818181818 0.8571473029045643 0.01701631701631691 0.07000000000000002
0 0.09657925407925409 0.8683817427385893 0.016369463869463953 0.06826763485477173
0 0.6774475524475524 0.8018672199170125 0.20541958041958042 0.39574688796680496