0 0.32625 0.1790065604498594 0.1578125 0.2717900656044986
0 0.903125 0.45735707591377694 0.08125 0.1049671977507029
0 0.7440625 0.23055295220243674 0.103125 0.3673851921274602
0 0.9709375 0.21274601686972822 0.058125 0.3467666354264292
0 0.70875 0.4723523898781631 0.09125 0.07497656982193064
0 0.9740625 0.46579194001874413 0.051875 0.08809746954076851
0 0.77125 0.41424554826616683 0.08875 0.19119025304592316
0 0.8653125 0.21368322399250234 0.081875 0.32239925023430177
0 0.97 0.41518275538894095 0.06 0.1893158388003749
0 0.8453125 0.43486410496719774 0.070625 0.14995313964386128
0 0.9175 0.3889409559512652 0.0925 0.21743205248359887
0 0.926875 0.1958762886597938 0.05125 0.2436738519212746
0 0.80375 0.211340206185567 0.05375 0.2970946579194002
0 0.8403125 0.3434864104967198 0.080625 0.14526710402999063
0 0.4178125 0.802717900656045 0.03875 0.1204311152764761
0 0.4384375 0.8209934395501406 0.018125 0.07310215557638237
0 0.460625 0.7980318650421743 0.0353125 0.1344892221180881
0 0.525 0.8078725398313027 0.03875 0.10449859418931584
0 0.5153125 0.7835051546391752 0.0215625 0.04311152764761012