0 0.19543010752688172 0.20076481835564053 0.04704301075268817 0.09034416826003824
0 0.3008064516129032 0.20411089866156787 0.03763440860215054 0.08365200764818356
0 0.3255376344086022 0.17686424474187382 0.033602150537634407 0.06596558317399617
0 0.3658602150537634 0.18977055449330785 0.04435483870967742 0.10086042065009561
0 0.45940860215053764 0.18738049713193117 0.03763440860215054 0.10564053537284895
0 0.6150537634408603 0.18212237093690248 0.053763440860215055 0.14149139579349904
0 0.08790322580645162 0.3604206500956023 0.17580645161290323 0.11806883365200765
0 0.21344086021505376 0.18881453154875716 0.04032258064516129 0.09273422562141491
0 0.8131720430107527 0.23087954110898662 0.10053763440860215 0.2055449330783939
0 0.33225806451612905 0.8532504780114722 0.04704301075268817 0.07217973231357552
0 0.33844086021505376 0.9063097514340345 0.053763440860215055 0.12332695984703633
0 0.07526881720430108 0.8350860420650096 0.021505376344086023 0.06739961759082218
0 0.09327956989247312 0.8355640535372849 0.01747311827956989 0.05305927342256214
0 0.8618172043010752 0.7269598470363289 0.05181720430107533 0.30356596558317395
0 0.8281236559139785 0.6670076481835565 0.03133333333333344 0.18359464627151048