0 0.9626865671641791 0.28466076696165193 0.07462686567164178 0.5693215339233039
0 0.46434494195688225 0.29867256637168144 0.12935323383084577 0.5029498525073747
0 0.8304311774461028 0.33849557522123896 0.1550580431177446 0.4616519174041298
0 0.7396351575456053 0.2942477876106195 0.12106135986733002 0.47935103244837757
0 0.44983416252072966 0.08702064896755163 0.10033167495854063 0.17404129793510326
0 0.6160862354892206 0.07227138643067847 0.11608623548922056 0.14454277286135694
0 0.7197346600331676 0.08259587020648967 0.11940298507462686 0.16519174041297935
0 0.632669983416252 0.2581120943952802 0.1111111111111111 0.471976401179941
0 0.5290215588723052 0.08333333333333333 0.09950248756218906 0.16666666666666666
0 0.5485074626865671 0.2691740412979351 0.09535655058043117 0.443952802359882
0 0.8975953565505804 0.2448377581120944 0.11525704809286899 0.4896755162241888
0 0.8009950248756219 0.14233038348082597 0.11276948590381426 0.28466076696165193
0 0.947346600331675 0.24705014749262535 0.10530679933665009 0.4941002949852507
0 0.3441127694859038 0.8702064896755162 0.1111111111111111 0.25958702064896755
0 0.6998341625207297 0.8163716814159292 0.6003316749585407 0.3672566371681416