0 0.9957325746799431 0.34801136363636365 0.008534850640113799 0.17897727272727273
0 0.7545448079658605 0.34811079545454543 0.02788051209103844 0.18973011363636372
0 0.7803342816500712 0.35143465909090915 0.026742532005689917 0.1527982954545455
0 0.8156258890469417 0.3274147727272727 0.022012802275960204 0.11801136363636369
0 0.8719132290184921 0.31866477272727267 0.02269559032716933 0.09106534090909092
0 0.8941394025604551 0.32835227272727274 0.025796586059743942 0.11612215909090909
0 0.6777524893314367 0.3348579545454546 0.01559743954480793 0.12534090909090911
0 0.5946941678520625 0.35303977272727277 0.023961593172119485 0.13139204545454544
0 0.5524039829302988 0.3609659090909091 0.026628733997155048 0.13776988636363638
0 0.5072332859174964 0.35396306818181816 0.01785206258890469 0.09724431818181824
0 0.6294879089615931 0.33634943181818183 0.01201280227596016 0.0961079545454545
0 0.6153627311522049 0.3400994318181818 0.015995732574679948 0.08657670454545462
0 0.7195732574679943 0.3243181818181818 0.013883357041251765 0.0777414772727273
0 0.2019914651493599 0.9318181818181818 0.10953058321479374 0.13636363636363635
0 0.302275960170697 0.9247159090909091 0.10526315789473684 0.15056818181818182
0 0.10419630156472262 0.9247159090909091 0.11024182076813656 0.15056818181818182
0 0.06472261735419631 0.8465909090909091 0.08961593172119488 0.3068181818181818
0 0.14509246088193456 0.84375 0.07681365576102418 0.3125
0 0.21443812233285917 0.84375 0.07894736842105263 0.29261363636363635
0 0.4167852062588905 0.9268465909090909 0.10099573257467995 0.14630681818181818
0 0.36770981507823614 0.8657670454545454 0.08108108108108109 0.2684659090909091
0 0.2894736842105263 0.8558238636363636 0.07539118065433854 0.25142045454545453
0 0.45056899004267426 0.8615056818181818 0.057610241820768134 0.27698863636363635
0 0.7816500711237553 0.7954545454545454 0.4366998577524893 0.4090909090909091
0 0.9427453769559033 0.6051136363636364 0.11450924608819346 0.14488636363636365
0 0.7315078236130867 0.7350852272727273 0.09708392603129445 0.1953125