0 0.625 0.5201310861423221 0.09631578947368422 0.17883895131086142
0 0.8360526315789474 0.5201310861423221 0.11947368421052632 0.17883895131086142
0 0.7305263157894737 0.5149812734082397 0.1168421052631579 0.1891385767790262
0 0.5544736842105263 0.5411985018726592 0.08789473684210526 0.13670411985018727
0 0.9326315789473684 0.4911048689138577 0.09157894736842105 0.23689138576779026
0 0.13 0.8459737827715356 0.03368421052631579 0.09691011235955056
0 0.11210526315789474 0.8604868913857678 0.015789473684210527 0.05898876404494382
0 0.09263157894736843 0.8422284644194756 0.030789473684210526 0.10861423220973783
0 0.03657894736842105 0.850187265917603 0.03368421052631579 0.08426966292134831
0 0.045263157894736845 0.8305243445692884 0.018947368421052633 0.03464419475655431
0 0.6557894736842105 0.8436329588014981 0.06131578947368421 0.10533707865168539
0 0.7226315789473684 0.7954119850187266 0.057368421052631575 0.11235955056179775
0 0.7463157894736843 0.9597378277153558 0.05973684210526316 0.060861423220973786