0 0.2987492893689596 0.237108190091001 0.1824900511654349 0.4052072800808898
0 0.14539511085844228 0.2199191102123357 0.29079022171688457 0.4398382204246714
0 0.7544599204093235 0.3042972699696664 0.03123365548607166 0.14486349848331645
0 0.4492609437180216 0.35035389282103135 0.10034110289937465 0.1789686552072801
0 0.7423393973848779 0.3465621840242669 0.04385446276293367 0.18199191102123358
0 0.7280301307561114 0.3378816986855409 0.041159749857873844 0.17435288169868549
0 0.6928453666856169 0.3354853387259858 0.03826321773735093 0.18414560161779586
0 0.8086185332575327 0.3085591506572295 0.030224559408754955 0.1424469160768454
0 0.8297413303013075 0.30451971688574314 0.029673109721432465 0.14774519716885756
0 0.7830301307561114 0.2964004044489383 0.028086981239340388 0.14731547017189073
0 0.8539482660602615 0.28763397371081906 0.028422399090392205 0.13707280080889794
0 0.772035247299602 0.2882861476238625 0.019812393405343895 0.1394590495449949
0 0.198408186469585 0.6941354903943378 0.13800454803865833 0.4532355915065723
0 0.587833996588971 0.7363498483316482 0.198408186469585 0.2752780586450961
0 0.7929221148379761 0.7674418604651163 0.41415577032404777 0.46511627906976744