0 0.11032608695652174 0.14990328820116053 0.22065217391304348 0.29980657640232106
0 0.8682065217391305 0.047872340425531915 0.051630434782608696 0.09574468085106383
0 0.578125 0.13684719535783366 0.06114130434782609 0.2514506769825919
0 0.6355978260869565 0.18085106382978725 0.06793478260869565 0.2379110251450677
0 0.6554347826086957 0.08752417794970986 0.058695652173913045 0.17504835589941972
0 0.7987771739130435 0.5512572533849129 0.050271739130434784 0.22243713733075435
0 0.8259510869565218 0.6709381044487428 0.05570652173913043 0.2441972920696325
0 0.5423913043478261 0.3820116054158607 0.025 0.1644100580270793
0 0.9630434782608696 0.3844294003868472 0.042391304347826085 0.16924564796905223
0 0.9880434782608696 0.3781431334622824 0.02391304347826087 0.15667311411992263
0 0.9894021739130435 0.3167311411992263 0.021195652173913043 0.033849129593810444
0 0.7505434782608695 0.9264990328820116 0.07608695652173914 0.1470019342359768
0 0.5505434782608696 0.8892649903288201 0.041304347826086954 0.22147001934235977
0 0.6877717391304348 0.3539651837524178 0.04619565217391304 0.10831721470019343
0 0.6350543478260869 0.9216634429400387 0.07336956521739131 0.15667311411992263
0 0.6357336956521739 0.7797388781431335 0.06657608695652174 0.23452611218568664