0 0.7494736842105263 0.23314606741573032 0.09394736842105263 0.43258426966292135
0 0.8523684210526316 0.30102996254681647 0.08894736842105264 0.29634831460674155
0 0.8860526315789473 0.22565543071161048 0.08342105263157895 0.4054307116104869
0 0.7905263157894736 0.24250936329588016 0.07157894736842105 0.41385767790262173
0 0.6636842105263158 0.2247191011235955 0.16447368421052633 0.449438202247191
0 0.6694736842105263 0.8951310861423221 0.056842105263157895 0.20973782771535582
0 0.761578947368421 0.499063670411985 0.0431578947368421 0.09925093632958802
0 0.8286842105263158 0.9030898876404494 0.05105263157894737 0.19382022471910113
0 0.8696052631578948 0.7703651685393258 0.05394736842105263 0.23174157303370788
0 0.8064473684210526 0.8359082397003745 0.056578947368421055 0.22237827715355804
0 0.7301315789473685 0.7762172284644194 0.04868421052631579 0.19662921348314608
0 0.738421052631579 0.523876404494382 0.03684210526315789 0.14887640449438203
0 0.5634210526315789 0.5435393258426966 0.026842105263157896 0.18820224719101122