0 0.18781094527363185 0.12720264317180616 0.04021558872305141 0.06387665198237885
0 0.21144278606965175 0.21200440528634362 0.08955223880597014 0.20980176211453744
0 0.2640961857379768 0.11949339207048458 0.046019900497512436 0.040198237885462555
0 0.3403814262023217 0.15859030837004406 0.07711442786069651 0.11618942731277533
0 0.3072139303482587 0.2830396475770925 0.21724709784411278 0.3524229074889868
0 0.1285240464344942 0.2615638766519824 0.23880597014925373 0.39537444933920707
0 0.028606965174129355 0.32874449339207046 0.05721393034825871 0.2433920704845815
0 0.029850746268656716 0.2026431718061674 0.05970149253731343 0.08755506607929515
0 0.38349917081260365 0.2511013215859031 0.31218905472636815 0.41629955947136565
0 0.8391376451077943 0.20374449339207049 0.19112769485903813 0.26376651982378857
0 0.6127694859038143 0.2659691629955947 0.14593698175787728 0.3860132158590308
0 0.33499170812603646 0.8573788546255506 0.18034825870646767 0.28469162995594716