0 0.8325396825396826 0.3239171374764595 0.051322751322751325 0.0903954802259887
0 0.91005291005291 0.2474105461393597 0.05026455026455026 0.2330508474576271
0 0.5703703703703704 0.1483050847457627 0.04126984126984127 0.2288135593220339
0 0.3047619047619048 0.4063088512241055 0.037037037037037035 0.0743879472693032
0 0.24391534391534392 0.4180790960451977 0.042328042328042326 0.09792843691148775
0 0.24603174603174602 0.3898305084745763 0.04126984126984127 0.04143126177024482
0 0.30304232804232806 0.8559322033898306 0.04894179894179894 0.21657250470809794
0 0.32936507936507936 0.9265536723163842 0.054497354497354496 0.14689265536723164
0 0.038492063492063494 0.6734934086629002 0.05423280423280423 0.19538606403013184
0 0.012962962962962963 0.6473634651600754 0.025925925925925925 0.20056497175141244
0 0.01746031746031746 0.5 0.03492063492063492 0.160075329566855
0 0.031216931216931216 0.4651600753295669 0.03439153439153439 0.1694915254237288
0 0.06362433862433862 0.4828154425612053 0.03835978835978836 0.1530131826741996
0 0.14695767195767195 0.4733992467043315 0.051587301587301584 0.185969868173258
0 0.5462962962962963 0.5932203389830508 0.0068783068783068784 0.16760828625235405
0 0.5318783068783068 0.594632768361582 0.03306878306878307 0.1694915254237288
0 0.5074074074074074 0.589924670433145 0.03968253968253968 0.18361581920903955
0 0.4783068783068783 0.6487758945386064 0.031746031746031744 0.17419962335216574
0 0.45052910052910056 0.6475988700564972 0.04497354497354497 0.1906779661016949
0 0.4783068783068783 0.5663841807909604 0.026455026455026454 0.10357815442561205
0 0.48068783068783066 0.4392655367231638 0.0291005291005291 0.14030131826741996
0 0.4537037037037037 0.4416195856873823 0.038624338624338624 0.14500941619585686
0 0.4406084656084656 0.507532956685499 0.041005291005291 0.1647834274952919
0 0.4357142857142857 0.4227871939736347 0.03439153439153439 0.10734463276836158
0 0.4015873015873016 0.4251412429378531 0.031746031746031744 0.1120527306967985
0 0.3439153439153439 0.4265536723163842 0.04126984126984127 0.11487758945386065
0 0.15224867724867724 0.6558380414312618 0.056878306878306875 0.1977401129943503
0 0.5193121693121693 0.8347457627118644 0.042328042328042326 0.23540489642184556
0 0.5365079365079365 0.8097928436911488 0.026455026455026454 0.2184557438794727
0 0.009523809523809525 0.9326741996233522 0.01904761904761905 0.13465160075329566
0 0.8587301587301587 0.493879472693032 0.08783068783068783 0.12146892655367232
0 0.6722222222222223 0.4839924670433145 0.05873015873015873 0.0856873822975518
0 0.6142857142857143 0.5 0.11322751322751323 0.1228813559322034
0 0.9711640211640211 0.6774952919020716 0.05767195767195767 0.2890772128060264