0 0.5133735979292493 0.40390279823269515 0.03817946505608283 0.09020618556701031
0 0.5371009490940466 0.39690721649484534 0.03364969801553063 0.07363770250368189
0 0.49503882657463333 0.3946980854197349 0.010785159620362382 0.055964653902798235
0 0.0321397756686799 0.8700294550810015 0.0642795513373598 0.24558173784977907
0 0.12920621225194132 0.8972754050073638 0.1186367558239862 0.20544918998527245
0 0.7029767040552201 0.979381443298969 0.031492666091458156 0.041237113402061855
0 0.7248662640207075 0.8783431516936672 0.02803278688524591 0.0937039764359352
0 0.6792493528904228 0.9734904270986745 0.02200172562553926 0.053019145802650956
0 0.8157463330457291 0.691840942562592 0.011125970664365816 0.07393225331369668
0 0.7067385677308025 0.7247054491899853 0.012510785159620362 0.07290132547864507
0 0.5813201035375324 0.5154639175257731 0.011647972389991372 0.05154639175257732
0 0.911341673856773 0.6607363770250368 0.014473684210526394 0.06746686303387327
0 0.8271570319240724 0.6985935198821798 0.012079378774805867 0.06145802650957293
0 0.5067471958584987 0.8720618556701031 0.017687661777394306 0.08689248895434462
0 0.6339516824849007 0.7164948453608248 0.013373597929249352 0.045655375552282766
0 0.5752804141501294 0.9768041237113402 0.02113891285591027 0.04639175257731959
0 0.5629853321829164 0.9874815905743741 0.026747195858498704 0.025036818851251842
0 0.7728731665228645 0.8656553755522828 0.022109577221742883 0.09196612665684838
0 0.8769283865401208 0.6959057437407953 0.00992234685073339 0.06701030927835051
0 0.7482786885245901 0.8788144329896906 0.02630716134598793 0.09306332842415307
0 0.5476704055220017 0.8221649484536082 0.014236410698878344 0.04933726067746686
0 0.8845987920621226 0.6170839469808542 0.0090595340811044 0.060382916053019146
0 0.8785591026747196 0.617820324005891 0.011647972389991372 0.060382916053019146
0 0.79309318377912 0.6040574374079528 0.010668679896462476 0.04614138438880713
0 0.8661044003451251 0.701119293078056 0.010353753235547885 0.06701030927835051
0 0.5831363244176014 0.8511340206185568 0.024210526315789425 0.08581001472754048
0 0.8293787748058671 0.6318114874815906 0.00992234685073339 0.05891016200294551
0 0.8412424503882657 0.6303387334315169 0.009490940465918895 0.054491899852724596
0 0.495685936151855 0.5787923416789397 0.010353753235547885 0.0662739322533137
0 0.7639905090595341 0.8117746686303386 0.02150992234685079 0.09778350515463916
0 0.958869715271786 0.6243298969072165 0.012484900776531516 0.06528718703976442
0 0.992411561691113 0.6180633284241532 0.010785159620362382 0.06406480117820323
0 0.7185677308024159 0.7302135493372607 0.011216566005176877 0.06406480117820323
0 0.49115616911130283 0.5850515463917526 0.0030198446937014668 0.0743740795287187
0 0.7364840379637619 0.7943519882179676 0.017333908541846348 0.0755228276877761
0 0.836100086281277 0.6910162002945508 0.007851596203623735 0.055272459499263585
0 0.7988050043140639 0.5772238586156112 0.00819672131147541 0.04639175257731959
0 0.9360094909404659 0.5620103092783505 0.009201898188093152 0.05037555228276876
0 0.9493011216566005 0.862179675994109 0.028287316652286523 0.06309278350515468
0 0.9352761000862814 0.8474447717231222 0.017864538395168186 0.06013254786450669
0 0.6235979292493529 0.5022091310751104 0.00992234685073339 0.025036818851251842
0 0.8343787748058671 0.5922827687776142 0.005474547023295968 0.0433726067746687
0 0.8111475409836065 0.5988954344624448 0.004245038826574696 0.04963917525773202
0 0.8178300258843831 0.5946539027982327 0.006829163071613429 0.04853460972017679
0 0.8128688524590164 0.5785640648011783 0.007260569456427924 0.048144329896907215
0 0.6763891285591026 0.6134315169366715 0.009676445211389058 0.04298232695139904
0 0.569611734253667 0.8583799705449189 0.018947368421052664 0.06527982326951406
0 0.5592018981880932 0.8148453608247422 0.02494391716997399 0.044270986745213466
0 0.5941328731665227 0.7731296023564064 0.015823986194995813 0.03726804123711333
0 0.5154098360655737 0.8640795287187041 0.024124245038826608 0.07073637702503678
0 0.9804702329594478 0.5836156111929308 0.01218723037100949 0.025596465390279818
0 0.9187748058671269 0.6470029455081001 0.009654874892148451 0.061244477172312274
0 0.8092407247627265 0.6967967599410898 0.01119068162208803 0.06253313696612671
0 0.7331190681622087 0.6421134020618556 0.013809318377912088 0.05821796759941086
0 0.7310051768766178 0.7280044182621502 0.015388265746333077 0.06683357879234167
0 0.7490034512510786 0.6105154639175258 0.008934426229508212 0.044948453608247396
0 0.5276919758412425 0.5250589101620029 0.013278688524590054 0.049175257731958744
0 0.5916738567730803 0.9856406480117821 0.027178602243313203 0.028718703976435934
0 0.7052804141501294 0.8240795287187039 0.016285591026747197 0.09260677466863033
0 0.6890207075064712 0.8792488954344624 0.022398619499568624 0.09477908689248898
0 0.7440983606557376 0.7651104565537555 0.01599223468507341 0.06520618556701027
0 0.7555133735979292 0.591678939617084 0.010112165660051792 0.05154639175257732
0 0.780746333045729 0.5909057437407953 0.006238136324417617 0.0536745213549338
0 0.7823641069887834 0.5727098674521355 0.006233822260569378 0.03938144329896909
0 0.6467817083692837 0.6403092783505154 0.00608283002588454 0.05307805596465385
0 0.7673597929249353 0.6174153166421208 0.009400345125107836 0.051192930780559635
0 0.7678170836928386 0.5935935198821797 0.00757118205349447 0.04164212076583207
0 0.7378257118205349 0.6007952871870398 0.008727351164797247 0.04667893961708402
0 0.7686928386540121 0.7599779086892489 0.012092320966350389 0.04372606774668639
0 0.7393830888697153 0.7782400589101619 0.017920621225194118 0.08426362297496323
0 0.7588912855910267 0.561620029455081 0.007381363244176068 0.02322533136966124
0 0.747618636755824 0.5617893961708396 0.006393442622950891 0.04231222385861564
0 0.6863589301121656 0.6175478645066274 0.004197584124245046 0.03868924889543444
0 0.5484253666954271 0.5267893961708394 0.013925798101811796 0.057997054491899847
0 0.5703192407247627 0.5154639175257731 0.008628127696289905 0.05154639175257732
0 0.5151811906816222 0.5470544918998527 0.012825711820534755 0.07397643593519884