0 0.22245963912630579 0.2025015832805573 0.2934472934472934 0.3144395186827106
0 0.5963912630579298 0.20661811272957567 0.18708452041785376 0.3055731475617479
0 0.1557454890788224 0.06934768841038633 0.06528964862298195 0.0454401519949335
0 0.062321937321937325 0.06713109563014566 0.07905982905982906 0.06032298923369221
0 0.9009971509971509 0.1798606713109563 0.11063627730294397 0.3597213426219126
0 0.6415004748338081 0.756649778340722 0.09686609686609686 0.42321089297023434
0 0.5637464387464387 0.7441418619379354 0.05424976258309592 0.3259974667511083
0 0.22376543209876543 0.7395503483217226 0.04154795821462488 0.38267891070297655
0 0.19610636277302945 0.7537998733375554 0.07668566001899335 0.36336288790373655
0 0.15052231718898385 0.7476250791640279 0.13141025641025642 0.4822672577580747
0 0.9921652421652422 0.9176694110196327 0.01566951566951567 0.11082963901203294
0 0.9045584045584045 0.6462951234958835 0.022792022792022793 0.06681443951868271
0 0.9935897435897436 0.6420202659911336 0.01282051282051282 0.05858138062064598