0 0.9613821138211383 0.2641025641025641 0.07723577235772358 0.5282051282051282
0 0.9176829268292683 0.27564102564102566 0.11585365853658537 0.5051282051282051
0 0.8170731707317073 0.2641025641025641 0.14634146341463414 0.5282051282051282
0 0.741869918699187 0.2641025641025641 0.1016260162601626 0.5282051282051282
0 0.5792682926829268 0.2641025641025641 0.14227642276422764 0.5282051282051282
0 0.6676829268292683 0.2641025641025641 0.2459349593495935 0.5282051282051282
0 0.4176829268292683 0.7012820512820512 0.0508130081300813 0.06923076923076923
0 0.4969512195121951 0.6974358974358974 0.022357723577235773 0.06666666666666667
0 0.2865853658536585 0.8256410256410256 0.024390243902439025 0.09230769230769231
0 0.25914634146341464 0.8320512820512821 0.03048780487804878 0.08461538461538462
0 0.23170731707317074 0.8346153846153846 0.028455284552845527 0.08974358974358974