0 0.3487654320987654 0.22810734463276836 0.12874779541446207 0.1292372881355932
0 0.9193121693121693 0.3347457627118644 0.16137566137566137 0.3305084745762712
0 0.7195767195767195 0.25 0.16049382716049382 0.5
0 0.7980599647266314 0.3241525423728814 0.1146384479717813 0.3516949152542373
0 0.27336860670194 0.9844632768361582 0.012345679012345678 0.031073446327683617
0 0.21208112874779542 0.9717514124293786 0.01675485008818342 0.05649717514124294
0 0.22971781305114639 0.9752824858757062 0.01675485008818342 0.04943502824858757
0 0.22712522045855374 0.9648587570621469 0.022416225749559145 0.06148305084745759
0 0.24580246913580248 0.9320338983050848 0.015158730158730207 0.04569209039548026
0 0.2668077601410934 0.8825988700564972 0.021904761904761833 0.04819209039548023
0 0.248395061728395 0.8680649717514123 0.02345679012345671 0.05234463276836167
0 0.2712169312169312 0.9370197740112995 0.012045855379188784 0.04735875706214685
0 0.3446031746031746 0.936186440677966 0.015696649029982322 0.0440395480225988
0 0.3484920634920635 0.9656920903954803 0.020361552028218623 0.034901129943502876
0 0.327742504409171 0.9702542372881356 0.031507936507936526 0.0357203389830508
0 0.32275132275132273 0.9872881355932204 0.03527336860670194 0.025423728813559324
0 0.38013227513227515 0.9494915254237288 0.03074955908289232 0.05067796610169491
0 0.4810405643738977 0.9668079096045198 0.020282186948853614 0.06638418079096045
0 0.468694885361552 0.9795197740112994 0.009700176366843033 0.04096045197740113
0 0.46164021164021163 0.9668079096045198 0.014991181657848324 0.06638418079096045
0 0.43303350970017634 0.9283050847457627 0.023500881834215247 0.06314971751412435
0 0.3554938271604938 0.8892514124293784 0.010511463844797243 0.05317796610169488
0 0.34278659611992945 0.8850988700564971 0.010758377425044131 0.06148305084745759
0 0.3407142857142857 0.8796892655367231 0.01490299823633165 0.034067796610169496
0 0.3062257495590829 0.8310875706214691 0.0050617283950617365 0.05649717514124294
0 0.3111463844797178 0.8153107344632768 0.013095238095238016 0.059816384180790994
0 0.14647266313932983 0.7858050847457627 0.0114991181657848 0.04902542372881361
0 0.1978218694885362 0.7592231638418079 0.00736331569664895 0.04902542372881353
0 0.2452821869488536 0.7484180790960452 0.012045855379188784 0.0423728813559322
0 0.14776895943562615 0.7828954802259886 0.00873015873015881 0.04652542372881348
0 0.19756613756613753 0.75590395480226 0.009753086419753039 0.04735875706214685
0 0.12494708994709 0.7446892655367232 0.009770723104056373 0.04984463276836161
0 0.11328042328042331 0.7550706214689266 0.013403880070546777 0.039053672316384146
0 0.09434744268077602 0.7608898305084746 0.010811287477954137 0.052344632768361585
0 0.06970899470899472 0.7721045197740113 0.012372134038800681 0.05151129943502829
0 0.07541446208112873 0.7475847457627118 0.011340388007054687 0.04569209039548026
0 0.03677248677248676 0.7592231638418079 0.01290123456790123 0.04403954802259888
0 0.04688712522045857 0.7646186440677967 0.013553791887125225 0.03655367231638417
0 0.3347530864197531 0.7941242937853108 0.006093474426807832 0.0423728813559322
0 0.326710758377425 0.7966101694915254 0.00557319223985885 0.034067796610169496
0 0.30881834215167553 0.7812429378531074 0.00816578483245149 0.034901129943502876
0 0.4524867724867725 0.8934039548022599 0.020908289241622607 0.05649717514124294
0 0.43873897707231035 0.870141242937853 0.012089947089947123 0.04153954802259883
0 0.43069664902998234 0.9042090395480227 0.018518518518518517 0.06480225988700564
0 0.624241622574956 0.778686440677966 0.013800705467372214 0.07388418079096054
0 0.6082980599647266 0.7699858757062147 0.011772486772486693 0.07170903954802257
0 0.5411552028218695 0.7145762711864406 0.009074074074074042 0.053234463276836154
0 0.5347089947089947 0.7102401129943503 0.0070458553791887205 0.04781073446327687
0 0.5248765432098765 0.7037146892655367 0.0070458553791887205 0.0423728813559322
0 0.4217813051146384 0.6265819209039548 0.006393298059964726 0.03584745762711864
0 0.414320987654321 0.6301129943502825 0.008430335097001716 0.040748587570621504
0 0.34073192239858907 0.6211440677966101 0.007089947089947058 0.044548022598870085
0 0.4109347442680776 0.7957909604519775 0.007848324514991262 0.042909604519774006
0 0.40059082892416226 0.803135593220339 0.006155202821869505 0.05105932203389827
0 0.3931216931216931 0.823771186440678 0.014876543209876447 0.03584745762711864
0 0.3512433862433862 0.8093785310734463 0.01455026455026455 0.03748587570621464
0 0.3754938271604938 0.8177966101694916 0.012169312169312128 0.03151129943502817
0 0.3790476190476191 0.8036723163841808 0.011146384479717901 0.03477401129943503
0 0.3368342151675485 0.765367231638418 0.006754850088183494 0.0396610169491526
0 0.29952380952380947 0.7710734463276837 0.006763668430335161 0.0391101694915255
0 0.2805379188712522 0.7615677966101696 0.008121693121693153 0.032048022598870136
0 0.27019400352733686 0.7591242937853108 0.008465608465608385 0.03259887005649715
0 0.291384479717813 0.7626553672316385 0.006763668430335161 0.04617231638418079
0 0.31139329805996474 0.7368502824858758 0.006075837742504498 0.026073446327683585
0 0.32954144620811293 0.7452683615819209 0.006410934744268061 0.03422316384180794
0 0.30597001763668435 0.7436440677966102 0.006075837742504498 0.02878531073446327
0 0.34938271604938276 0.7504378531073446 0.006746031746031826 0.023898305084745785
0 0.35701058201058206 0.7569491525423728 0.007839506172839595 0.021723163841807905
0 0.38040564373897706 0.7697175141242938 0.009197530864197587 0.027711864406779668
0 0.018315696649029968 0.7270762711864407 0.008033509700176378 0.03368644067796613
0 0.001763668430335097 0.7351694915254238 0.003527336860670194 0.03248587570621469
0 0.033439153439153456 0.6010451977401129 0.008439153439153484 0.03368644067796613
0 0.0032627865961199196 0.6070197740112994 0.005731922398589065 0.03693502824858754
0 0.05887125220458553 0.5972457627118645 0.008430335097001716 0.03584745762711864
0 0.06684303350970018 0.5996892655367232 0.00887125220458549 0.03531073446327684
0 0.09855379188712521 0.5969632768361581 0.005705467372134063 0.03313559322033895
0 0.11415343915343919 0.733587570621469 0.01044973544973537 0.03477401129943503
0 0.029197530864197543 0.7175706214689265 0.006746031746031726 0.026624293785310768
0 0.04208994708994711 0.7115960451977401 0.008095238095238051 0.025536723163841785
0 0.12522045855379188 0.980225988700565 0.015873015873015872 0.03954802259887006
0 0.685626102292769 0.722457627118644 0.09259259259259259 0.3290960451977401
0 0.7843915343915344 0.7365819209039548 0.09082892416225749 0.422316384180791