0 0.8728423475258918 0.20594262295081966 0.23906789413118526 0.3662909836065574
0 0.3485327963176064 0.8534836065573771 0.06185270425776755 0.23565573770491804
0 0.4769850402761795 0.48309426229508196 0.06904487917146145 0.1875
0 0.07997698504027619 0.45081967213114754 0.06329113924050633 0.12295081967213115
0 0.28164556962025317 0.4574795081967213 0.043153049482163405 0.1362704918032787
0 0.24769850402761795 0.430327868852459 0.047756041426927506 0.08196721311475409
0 0.13132911392405064 0.6677766393442623 0.06472957422324511 0.24334016393442623
0 0.2212313003452244 0.8201844262295082 0.06041426927502877 0.27151639344262296
0 0.20900460299194476 0.7036372950819673 0.056098964326812426 0.2074795081967213
0 0.8524165707710012 0.7300204918032787 0.22928653624856157 0.46209016393442626
0 0.6918872266973533 0.7151639344262295 0.12744533947065592 0.4052254098360656