0 0.12650085763293312 0.18730886850152906 0.09133790737564322 0.32951070336391436
0 0.18996569468267582 0.23547400611620795 0.1732418524871355 0.4059633027522936
0 0.7191252144082333 0.045871559633027525 0.038593481989708404 0.09174311926605505
0 0.16981132075471697 0.5542813455657493 0.013293310463121783 0.05198776758409786
0 0.14408233276157806 0.5558103975535168 0.014150943396226415 0.06651376146788991
0 0.233704974271012 0.5726299694189603 0.010291595197255575 0.0481651376146789
0 0.37564322469982847 0.8318042813455657 0.032590051457975985 0.3363914373088685
0 0.44339622641509435 0.8448012232415902 0.14922813036020582 0.20030581039755352
0 0.6110634648370498 0.6857798165137615 0.19596912521440824 0.42201834862385323
0 0.9519725557461407 0.805045871559633 0.08404802744425385 0.38990825688073394
0 0.8567753001715266 0.7912844036697247 0.17710120068610635 0.41743119266055045
0 0.7199828473413379 0.7935779816513762 0.11492281303602059 0.26146788990825687
0 0.7512864493996569 0.7285932721712538 0.19897084048027444 0.41131498470948014
0 0.3670668953687822 0.5657492354740061 0.015437392795883362 0.2530581039755352