0 0.5785326086956522 0.1702127659574468 0.07364130434782609 0.10493230174081238
0 0.013043478260869565 0.6407156673114119 0.02608695652173913 0.13056092843326886
0 0.1547554347826087 0.5270793036750484 0.036684782608695655 0.1402321083172147
0 0.15353260869565216 0.4347195357833656 0.028804347826086957 0.029980657640232108
0 0.013858695652173913 0.7906189555125726 0.027717391304347826 0.19825918762088976
0 0.2063858695652174 0.5778529980657641 0.033967391304347824 0.16924564796905223
0 0.1751358695652174 0.6624758220502901 0.036684782608695655 0.17408123791102514
0 0.14728260869565218 0.7350096711798839 0.04076086956521739 0.18375241779497098
0 0.12622282608695654 0.5186170212765957 0.036684782608695655 0.16682785299806577
0 0.1828804347826087 0.45406189555125726 0.029891304347826088 0.06866537717601548
0 0.13967391304347826 0.9013539651837524 0.05326086956521739 0.19729206963249515
0 0.12010869565217391 0.45019342359767894 0.03260869565217391 0.0609284332688588
0 0.23858695652173914 0.6619922630560928 0.02282608695652174 0.16924564796905223
0 0.7051630434782609 0.8022243713733076 0.42934782608695654 0.3955512572533849