0 0.27816901408450706 0.26489028213166144 0.20774647887323944 0.5297805642633229
0 0.12015845070422536 0.26489028213166144 0.16593309859154928 0.5141065830721003
0 0.5237676056338029 0.2664576802507837 0.050616197183098594 0.18808777429467086
0 0.5805457746478874 0.36990595611285265 0.05017605633802817 0.2006269592476489
0 0.5757042253521126 0.8738244514106583 0.01056338028169014 0.03761755485893417
0 0.5779049295774648 0.8605015673981191 0.011443661971830986 0.0438871473354232
0 0.6298415492957746 0.9561128526645768 0.025528169014084508 0.05329153605015674
0 0.6214788732394366 0.945141065830721 0.020246478873239437 0.05799373040752351
0 0.6980633802816901 0.9764890282131662 0.017605633802816902 0.047021943573667714
0 0.8516725352112676 0.9851097178683386 0.018485915492957746 0.029780564263322883
0 0.8177816901408451 0.9890282131661442 0.01584507042253521 0.0219435736677116
0 0.8006161971830986 0.9835423197492164 0.013204225352112676 0.032915360501567396
0 0.7913732394366197 0.9796238244514106 0.01232394366197183 0.04075235109717868
0 0.7799295774647887 0.8816614420062696 0.017605633802816902 0.06269592476489028
0 0.7323943661971831 0.8918495297805643 0.022007042253521125 0.04075235109717868
0 0.6910211267605634 0.8605015673981191 0.020246478873239437 0.02821316614420063
0 0.6615316901408451 0.8244514106583072 0.014084507042253521 0.02821316614420063
0 0.6289612676056338 0.8753918495297806 0.01936619718309859 0.03761755485893417
0 0.6852992957746479 0.8918495297805643 0.017605633802816902 0.02664576802507837
0 0.7086267605633803 0.9404388714733543 0.01936619718309859 0.02821316614420063
0 0.6919014084507042 0.8189655172413793 0.009683098591549295 0.03605015673981191
0 0.6976232394366197 0.7703761755485894 0.006161971830985915 0.0438871473354232
0 0.7037852112676056 0.762539184952978 0.007042253521126761 0.03761755485893417
0 0.6426056338028169 0.7421630094043887 0.006161971830985915 0.034482758620689655
0 0.628080985915493 0.7562695924764891 0.0035211267605633804 0.029780564263322883
0 0.6267605633802817 0.7413793103448276 0.00528169014084507 0.032915360501567396
0 0.6161971830985915 0.7641065830721003 0.006161971830985915 0.03605015673981191
0 0.6087147887323944 0.7554858934169278 0.006161971830985915 0.03761755485893417
0 0.6148767605633803 0.731974921630094 0.01056338028169014 0.001567398119122257
0 0.6694542253521126 0.7594043887147336 0.007922535211267605 0.034482758620689655
0 0.6575704225352113 0.7343260188087775 0.006161971830985915 0.03134796238244514
0 0.6632922535211268 0.7398119122257053 0.0044014084507042256 0.03134796238244514
0 0.6879401408450704 0.7492163009404389 0.006161971830985915 0.04075235109717868
0 0.6817781690140845 0.7327586206896551 0.007042253521126761 0.03134796238244514
0 0.6883802816901409 0.7092476489028213 0.009683098591549295 0.02821316614420063
0 0.6954225352112676 0.7358934169278997 0.007922535211267605 0.02664576802507837
0 0.7306338028169014 0.7053291536050157 0.007042253521126761 0.03605015673981191
0 0.7161091549295775 0.7092476489028213 0.008802816901408451 0.04075235109717868
0 0.7605633802816901 0.8581504702194357 0.016725352112676055 0.0219435736677116
0 0.7504401408450704 0.8557993730407524 0.011443661971830986 0.0219435736677116
0 0.741637323943662 0.8432601880877743 0.01056338028169014 0.018808777429467086
0 0.7284330985915493 0.8275862068965517 0.014084507042253521 0.0219435736677116
0 0.7544014084507042 0.7186520376175548 0.0035211267605633804 0.03134796238244514
0 0.7605633802816901 0.713166144200627 0.011443661971830986 0.03761755485893417
0 0.5572183098591549 0.6551724137931034 0.007042253521126761 0.032915360501567396
0 0.5919894366197183 0.6332288401253918 0.00528169014084507 0.03605015673981191
0 0.602112676056338 0.6308777429467085 0.006161971830985915 0.029780564263322883
0 0.6205985915492958 0.6246081504702194 0.007042253521126761 0.03134796238244514
0 0.6465669014084507 0.6120689655172413 0.00528169014084507 0.025078369905956112
0 0.6571302816901409 0.6050156739811913 0.007922535211267605 0.023510971786833857
0 0.6659330985915493 0.60423197492163 0.0035211267605633804 0.023510971786833857
0 0.6839788732394366 0.5995297805642633 0.006161971830985915 0.02664576802507837
0 0.6901408450704225 0.5979623824451411 0.0044014084507042256 0.0219435736677116
0 0.7231514084507042 0.5869905956112853 0.006161971830985915 0.02821316614420063
0 0.7310739436619719 0.5815047021943573 0.00528169014084507 0.03605015673981191
0 0.7266725352112676 0.5846394984326019 0.006161971830985915 0.034482758620689655
0 0.6258802816901409 0.6214733542319749 0.007042253521126761 0.03134796238244514
0 0.8191021126760564 0.817398119122257 0.017605633802816902 0.04075235109717868
0 0.823943661971831 0.8503134796238244 0.014964788732394365 0.03605015673981191
0 0.7764084507042254 0.5838557993730408 0.0035211267605633804 0.0219435736677116
0 0.7680457746478874 0.5846394984326019 0.006161971830985915 0.018808777429467086
0 0.7191901408450704 0.6873040752351097 0.0035211267605633804 0.02037617554858934
0 0.7222711267605634 0.6833855799373041 0.0044014084507042256 0.023510971786833857
0 0.758362676056338 0.677115987460815 0.0035211267605633804 0.018808777429467086
0 0.7640845070422535 0.677115987460815 0.00528169014084507 0.012539184952978056
0 0.846830985915493 0.8338557993730408 0.008802816901408451 0.025078369905956112
0 0.8688380281690141 0.7789968652037618 0.007922535211267605 0.04231974921630094
0 0.8639964788732394 0.7358934169278997 0.0035211267605633804 0.032915360501567396
0 0.9049295774647887 0.7523510971786834 0.007042253521126761 0.032915360501567396
0 0.922975352112676 0.762539184952978 0.006161971830985915 0.034482758620689655
0 0.934419014084507 0.7727272727272727 0.00528169014084507 0.03605015673981191
0 0.9326584507042254 0.7586206896551724 0.006161971830985915 0.03918495297805643
0 0.9286971830985915 0.7351097178683386 0.0044014084507042256 0.03134796238244514
0 0.9330985915492958 0.7351097178683386 0.006161971830985915 0.02821316614420063
0 0.9256161971830986 0.7092476489028213 0.006161971830985915 0.017241379310344827
0 0.903169014084507 0.7068965517241379 0.00528169014084507 0.023510971786833857
0 0.8965669014084507 0.7037617554858934 0.006161971830985915 0.025078369905956112
0 0.8943661971830986 0.677115987460815 0.002640845070422535 0.0219435736677116
0 0.9009683098591549 0.6786833855799373 0.006161971830985915 0.023510971786833857
0 0.866637323943662 0.6920062695924765 0.006161971830985915 0.025078369905956112
0 0.8543133802816901 0.6880877742946708 0.00528169014084507 0.02821316614420063
0 0.8419894366197183 0.6974921630094044 0.0035211267605633804 0.023510971786833857
0 0.8367077464788732 0.719435736677116 0.0035211267605633804 0.02821316614420063
0 0.852112676056338 0.7264890282131662 0.00528169014084507 0.032915360501567396
0 0.829225352112676 0.7163009404388715 0.0044014084507042256 0.025078369905956112
0 0.8318661971830986 0.7061128526645768 0.0044014084507042256 0.03134796238244514
0 0.823943661971831 0.7123824451410659 0.00528169014084507 0.02821316614420063
0 0.820862676056338 0.6888714733542319 0.0044014084507042256 0.023510971786833857
0 0.8345070422535211 0.6716300940438872 0.0044014084507042256 0.0219435736677116
0 0.8283450704225352 0.6700626959247649 0.0044014084507042256 0.023510971786833857
0 0.7922535211267606 0.6967084639498433 0.002640845070422535 0.02664576802507837
0 0.7992957746478874 0.700626959247649 0.002640845070422535 0.025078369905956112
0 0.7772887323943662 0.7021943573667712 0.00528169014084507 0.023510971786833857
0 0.7847711267605634 0.6959247648902821 0.0044014084507042256 0.029780564263322883
0 0.78125 0.6896551724137931 0.0044014084507042256 0.025078369905956112
0 0.8054577464788732 0.6873040752351097 0.00528169014084507 0.02821316614420063
0 0.797975352112676 0.6841692789968652 0.0035211267605633804 0.02037617554858934
0 0.7865316901408451 0.6700626959247649 0.0044014084507042256 0.0219435736677116
0 0.8111795774647887 0.6731974921630094 0.00528169014084507 0.018808777429467086
0 0.8177816901408451 0.6739811912225705 0.006161971830985915 0.01567398119122257
0 0.9308978873239436 0.9623824451410659 0.014084507042253521 0.047021943573667714
0 0.9295774647887324 0.9827586206896551 0.014084507042253521 0.034482758620689655
0 0.8503521126760564 0.585423197492163 0.0044014084507042256 0.0219435736677116
0 0.8631161971830986 0.5901253918495298 0.006161971830985915 0.023510971786833857
0 0.8349471830985915 0.5846394984326019 0.0035211267605633804 0.02037617554858934
0 0.8424295774647887 0.585423197492163 0.0035211267605633804 0.025078369905956112
0 0.8595950704225352 0.5807210031347962 0.002640845070422535 0.02037617554858934
0 0.8547535211267606 0.5862068965517241 0.002640845070422535 0.025078369905956112
0 0.9154929577464789 0.6849529780564263 0.002640845070422535 0.023510971786833857
0 0.8463908450704225 0.6716300940438872 0.0035211267605633804 0.0219435736677116
0 0.9432218309859155 0.7672413793103449 0.006161971830985915 0.03605015673981191
0 0.9577464788732394 0.7335423197492164 0.00528169014084507 0.02821316614420063
0 0.945862676056338 0.7155172413793104 0.0035211267605633804 0.0219435736677116
0 0.9401408450704225 0.7100313479623824 0.00528169014084507 0.02821316614420063
0 0.9872359154929577 0.7531347962382445 0.006161971830985915 0.032915360501567396
0 0.9819542253521126 0.8996865203761756 0.01232394366197183 0.05329153605015674
0 0.9929577464788732 0.9106583072100314 0.014084507042253521 0.047021943573667714
0 0.9951584507042254 0.7609717868338558 0.007042253521126761 0.025078369905956112
0 0.9964788732394366 0.7413793103448276 0.00528169014084507 0.0219435736677116
0 0.9551056338028169 0.6183385579937304 0.00528169014084507 0.02821316614420063
0 0.7169894366197183 0.8001567398119123 0.011443661971830986 0.03918495297805643
0 0.7037852112676056 0.8025078369905956 0.008802816901408451 0.034482758620689655
0 0.8380281690140845 0.8393416927899686 0.008802816901408451 0.02821316614420063
0 0.7720070422535211 0.8299373040752351 0.007922535211267605 0.025078369905956112