0 0.6831521739130435 0.33365570599613154 0.18695652173913044 0.05222437137330754
0 0.7440217391304348 0.9076402321083172 0.05326086956521739 0.18471953578336556
0 0.6191576086956522 0.4663926499032882 0.05570652173913043 0.20067698259187622
0 0.6529891304347826 0.4511605415860735 0.04184782608695652 0.1827852998065764
0 0.7019021739130434 0.3858800773694391 0.03641304347826087 0.05222437137330754
0 0.7853260869565217 0.3820116054158607 0.043478260869565216 0.04448742746615087
0 0.85 0.41247582205029015 0.0391304347826087 0.10541586073500966
0 0.8391304347826087 0.38684719535783363 0.0391304347826087 0.05415860735009671
0 0.8902173913043478 0.42311411992263054 0.043478260869565216 0.12669245647969052
0 0.9342391304347826 0.41005802707930367 0.03695652173913044 0.10058027079303675
0 0.6504076086956522 0.8036750483558994 0.05298913043478261 0.24177949709864605