0 0.004120879120879121 0.28271484375 0.008241758241758242 0.0107421875
0 0.03324175824175824 0.27587890625 0.013736263736263736 0.02587890625
0 0.04478021978021978 0.2724609375 0.013736263736263736 0.033203125
0 0.2684065934065934 0.26513671875 0.015934065934065933 0.03759765625
0 0.36538461538461536 0.2529296875 0.009615384615384616 0.0078125
0 0.3870879120879121 0.25244140625 0.008516483516483516 0.01025390625
0 0.40412087912087913 0.26416015625 0.023076923076923078 0.03564453125
0 0.45879120879120877 0.26611328125 0.016758241758241758 0.03564453125
0 0.9434065934065934 0.01220703125 0.04395604395604396 0.0244140625
0 0.7299450549450549 0.212890625 0.056593406593406594 0.15234375
0 0.6956043956043956 0.1982421875 0.04285714285714286 0.181640625
0 0.7002747252747252 0.07080078125 0.0521978021978022 0.1416015625
0 0.6462912087912088 0.131103515625 0.03708791208791209 0.10498046875
0 0.5480769230769231 0.06982421875 0.04120879120879121 0.1396484375
0 0.5115384615384615 0.09521484375 0.023076923076923078 0.1806640625
0 0.5156593406593407 0.06494140625 0.02912087912087912 0.1298828125
0 0.7774725274725275 0.079833984375 0.04395604395604396 0.15869140625
0 0.7423076923076923 0.07958984375 0.03956043956043956 0.1591796875
0 0.8700549450549451 0.193359375 0.0478021978021978 0.19140625
0 0.8425824175824176 0.1015625 0.0478021978021978 0.203125
0 0.0771978021978022 0.6865234375 0.1543956043956044 0.626953125
0 0.43626373626373627 0.74853515625 0.12747252747252746 0.5029296875
0 0.45274725274725275 0.5986328125 0.0945054945054945 0.478515625
0 0.1293956043956044 0.796875 0.1445054945054945 0.40625
0 0.39203296703296703 0.775390625 0.19505494505494506 0.44921875
0 0.22445054945054946 0.814453125 0.10384615384615385 0.37109375
0 0.31373626373626373 0.8115234375 0.12197802197802197 0.376953125
0 0.7326923076923076 0.70361328125 0.17967032967032967 0.49755859375
0 0.9131868131868132 0.728515625 0.16813186813186815 0.51806640625