0 0.17095038852361027 0.4264080765143464 0.15780035863717873 0.2863974495217853
0 0.08607292289300658 0.44500531349628053 0.1719964136282128 0.18623804463336877
0 0.7114465032875075 0.315356004250797 0.21682606096832038 0.5082359192348566
0 0.14166168559474 0.8323591923485654 0.07292289300657502 0.28374070138150903
0 0.22160789001793185 0.8270456960680127 0.08906156604901375 0.2725823591923486
0 0.9650328750747161 0.876461211477152 0.06993424985056784 0.24707757704569608
0 0.40901673640167363 0.8360414452709883 0.03470711297071133 0.16756641870350697
0 0.4304692169754931 0.8337778958554729 0.02713687985654518 0.15963336875664177
0 0.4572325164375374 0.8270616365568544 0.030833831440526024 0.1689160467587673
0 0.34234907352062166 0.7954303931987248 0.024805738194859532 0.12858660998937302
0 0.3631619844590556 0.8107332624867163 0.028607292289300597 0.13512752391073324
0 0.3831799163179916 0.8145058448459087 0.02711297071129701 0.1301806588735388
0 0.39752241482367 0.8027842720510096 0.022955768081291076 0.13285866099893728