0 0.28 0.1793478260869565 0.12833333333333333 0.32954545454545453
0 0.4236111111111111 0.9229249011857708 0.05277777777777778 0.1541501976284585
0 0.3958333333333333 0.8414031620553359 0.05 0.23221343873517786
0 0.035833333333333335 0.5731225296442688 0.05277777777777778 0.06719367588932806
0 0.17472222222222222 0.5790513833992095 0.041666666666666664 0.07905138339920949
0 0.14444444444444443 0.5741106719367589 0.05 0.0691699604743083
0 0.10666666666666667 0.5642292490118577 0.05 0.04940711462450593
0 0.10277777777777777 0.6734189723320159 0.05277777777777778 0.2124505928853755
0 0.08527777777777777 0.6185770750988142 0.04611111111111111 0.15810276679841898
0 0.058055555555555555 0.924407114624506 0.05277777777777778 0.15118577075098813
0 0.31083333333333335 0.5978260869565217 0.05277777777777778 0.116600790513834
0 0.2325 0.6274703557312253 0.04833333333333333 0.17588932806324112
0 0.2061111111111111 0.941699604743083 0.06 0.116600790513834
0 0.7569444444444444 0.6892292490118577 0.14722222222222223 0.22628458498023715