0 0.15847457627118644 0.27492447129909364 0.31652542372881354 0.5498489425981873
0 0.9923728813559322 0.18731117824773413 0.015254237288135594 0.21450151057401812
0 0.9783898305084746 0.18806646525679757 0.022033898305084745 0.19561933534743203
0 0.9601694915254237 0.1986404833836858 0.03559322033898305 0.18504531722054382
0 0.9394067796610169 0.19561933534743203 0.026694915254237287 0.1865558912386707
0 0.9177966101694915 0.20317220543806647 0.027966101694915254 0.17220543806646527
0 0.888135593220339 0.19259818731117825 0.04576271186440678 0.19410876132930513
0 0.863135593220339 0.25 0.04576271186440678 0.07930513595166164
0 0.8593220338983051 0.17069486404833836 0.02076271186440678 0.09365558912386707
0 0.847457627118644 0.14803625377643503 0.011864406779661017 0.027190332326283987
0 0.8343220338983051 0.20921450151057402 0.023728813559322035 0.15634441087613293
0 0.8224576271186441 0.20468277945619334 0.029661016949152543 0.16163141993957703
0 0.8046610169491526 0.18882175226586104 0.017796610169491526 0.11178247734138973
0 0.7898305084745763 0.1661631419939577 0.017796610169491526 0.06268882175226587
0 0.773728813559322 0.16012084592145015 0.02076271186440678 0.03625377643504532
0 0.6330508474576271 0.10574018126888217 0.05635593220338983 0.05740181268882175
0 0.058796610169491524 0.6824244712990937 0.011220338983050856 0.05971299093655594
0 0.0459322033898305 0.6831419939577039 0.00983050847457629 0.06114803625377646
0 0.11228813559322035 0.8164652567975831 0.10423728813559321 0.36706948640483383
0 0.4504237288135593 0.899546827794562 0.05677966101694915 0.20090634441087613
0 0.5046610169491526 0.904833836858006 0.046610169491525424 0.1903323262839879