0 0.4747292418772563 0.20985010706638116 0.1296630565583634 0.4197002141327623
0 0.04271961492178099 0.9416488222698073 0.06498194945848375 0.11670235546038545
0 0.09296028880866426 0.4400428265524625 0.057160048134777375 0.04068522483940043
0 0.148014440433213 0.5133832976445396 0.049338146811071 0.1873661670235546
0 0.08950060168471721 0.55406852248394 0.05264741275571601 0.21948608137044967
0 0.09897713598074609 0.8881156316916489 0.04512635379061372 0.22376873661670235
0 0.25691937424789413 0.5 0.048134777376654635 0.16059957173447537
0 0.21058965102286403 0.49732334047109206 0.0421179302045728 0.15524625267665954
0 0.1707280385078219 0.8070128479657388 0.06468110709987966 0.25428265524625265
0 0.26624548736462095 0.7454496788008566 0.0631768953068592 0.243576017130621
0 0.3407039711191336 0.6664882226980728 0.05565583634175692 0.2676659528907923
0 0.12154031287605295 0.8972162740899358 0.06016847172081829 0.20556745182012848
0 0.5189530685920578 0.9036402569593148 0.07340553549939831 0.19271948608137046