0 0.09916666666666667 0.03194444444444444 0.06166666666666667 0.06388888888888888
0 0.9508333333333333 0.2222222222222222 0.09833333333333333 0.15555555555555556
0 0.84 0.19305555555555556 0.11 0.21388888888888888
0 0.8166666666666667 0.12638888888888888 0.07333333333333333 0.25277777777777777
0 0.745 0.1486111111111111 0.05 0.23055555555555557
0 0.7863833333333334 0.09674999999999999 0.039816666666666646 0.17747222222222225
0 0.7391666666666666 0.1763888888888889 0.03833333333333333 0.24722222222222223
0 0.7383333333333333 0.034722222222222224 0.03666666666666667 0.06944444444444445
0 0.41083333333333333 0.9069444444444444 0.105 0.18611111111111112
0 0.28458333333333335 0.5814722222222222 0.13063333333333332 0.3201111111111111
0 0.16916666666666666 0.4513888888888889 0.09833333333333333 0.30277777777777776
0 0.8758333333333334 0.7430555555555556 0.021666666666666667 0.09166666666666666
0 0.7525 0.75 0.018333333333333333 0.03888888888888889
0 0.8933333333333333 0.7555555555555555 0.02 0.06666666666666667