0 0.109375 0.5319444444444444 0.049479166666666664 0.125
0 0.23932291666666666 0.5277777777777778 0.0390625 0.15555555555555556
0 0.2109375 0.5231481481481481 0.046875 0.14629629629629629
0 0.17552083333333332 0.5138888888888888 0.046875 0.12777777777777777
0 0.12994791666666666 0.9106481481481481 0.049479166666666664 0.1787037037037037
0 0.3671875 0.5550925925925926 0.049479166666666664 0.1712962962962963
0 0.2936197916666667 0.5944444444444444 0.045572916666666664 0.2037037037037037
0 0.26875 0.9268518518518518 0.05625 0.14629629629629629
0 0.15885416666666666 0.6025462962962963 0.049479166666666664 0.2199074074074074
0 0.15104166666666666 0.6673611111111111 0.057291666666666664 0.2199074074074074
0 0.19270833333333334 0.9578703703703704 0.052083333333333336 0.08425925925925926
0 0.6171770833333333 0.7303611111111111 0.061499999999999964 0.3732592592592593
0 0.8713541666666667 0.725 0.19166666666666668 0.55