0 0.7900232018561485 0.2343205574912892 0.22041763341067286 0.4686411149825784
0 0.5713457076566125 0.7343205574912892 0.16589327146171692 0.5313588850174216
0 0.20707656612529002 0.7630662020905923 0.16589327146171692 0.4738675958188153
0 0.0759860788863109 0.7709059233449478 0.1519721577726218 0.45818815331010454
0 0.3642691415313225 0.774390243902439 0.16937354988399073 0.45121951219512196
0 0.47389791183294666 0.7343205574912892 0.10556844547563805 0.5313588850174216
0 0.20533642691415313 0.5 0.08816705336426914 0.0627177700348432
0 0.2853828306264501 0.573170731707317 0.11832946635730858 0.20905923344947736
0 0.4037122969837587 0.5844947735191638 0.12064965197215777 0.23170731707317074
0 0.14559164733178653 0.5740418118466899 0.10324825986078887 0.21080139372822299
0 0.08120649651972157 0.5679442508710801 0.10440835266821345 0.1986062717770035
0 0.016821345707656612 0.7343205574912892 0.033642691415313224 0.5313588850174216
0 0.33816705336426917 0.5034843205574913 0.05916473317865429 0.06968641114982578
0 0.02262180974477958 0.5801393728222997 0.04524361948955916 0.2229965156794425
0 0.894431554524362 0.7343205574912892 0.11832946635730858 0.5313588850174216