0 0.913312693498452 0.14891304347826087 0.09287925696594428 0.23695652173913043
0 0.9698142414860681 0.26304347826086955 0.06037151702786378 0.41304347826086957
0 0.781733746130031 0.30869565217391304 0.11455108359133127 0.3217391304347826
0 0.8869969040247678 0.30978260869565216 0.14860681114551083 0.31956521739130433
0 0.8204334365325078 0.125 0.09597523219814241 0.25
0 0.7484520123839009 0.13152173913043477 0.05727554179566564 0.26304347826086955
0 0.934984520123839 0.6413043478260869 0.07739938080495357 0.34347826086956523
0 0.9001547987616099 0.6608695652173913 0.10990712074303406 0.3826086956521739
0 0.8173374613003096 0.6467391304347826 0.09287925696594428 0.35434782608695653
0 0.7724458204334366 0.6532608695652173 0.10526315789473684 0.3673913043478261
0 0.7577399380804953 0.7347826086956522 0.07585139318885449 0.5304347826086957