0 0.12703252032520326 0.14532520325203252 0.2540650406504065 0.29065040650406504
0 0.6554878048780488 0.2855691056910569 0.5142276422764228 0.4451219512195122
0 0.6890243902439024 0.2916666666666667 0.45121951219512196 0.4329268292682927
0 0.8780487804878049 0.9461382113821138 0.14634146341463414 0.10772357723577236
0 0.7652439024390244 0.5345528455284553 0.18089430894308944 0.052845528455284556
0 0.9796747967479674 0.7601626016260162 0.04065040650406504 0.044715447154471545
0 0.9800609756097561 0.7898373983739838 0.039004065040650515 0.05934959349593505
0 0.9485772357723578 0.7597357723577236 0.02067073170731699 0.057012195121951124
0 0.9291463414634146 0.7850813008130081 0.040772357723577124 0.05138211382113816
0 0.9064430894308944 0.7596951219512195 0.029878048780487897 0.04439024390243909
0 0.8682723577235772 0.811280487804878 0.06400406504065043 0.1397560975609756
0 0.8136585365853658 0.7566056910569106 0.032520325203252036 0.05386178861788618
0 0.8151422764227643 0.812439024390244 0.024878048780487824 0.12487804878048792
0 0.7949186991869919 0.8432317073170732 0.04499999999999997 0.19428861788617893
0 0.7642479674796748 0.8088008130081301 0.034390243902439055 0.09884146341463414
0 0.7159959349593495 0.8360365853658537 0.09182926829268294 0.1861382113821139
0 0.6832723577235772 0.8031910569105691 0.038475609756097574 0.10483739837398383
0 0.6514024390243902 0.7577032520325203 0.02400406504065041 0.035752032520325265
0 0.6423780487804879 0.7937195121951219 0.04987804878048785 0.08274390243902446
0 0.5918495934959349 0.8005894308943089 0.03835365853658537 0.11991869918699187
0 0.5528861788617886 0.8025609756097561 0.036544715447154506 0.10514227642276426
0 0.5196544715447154 0.7466463414634147 0.031077235772357766 0.03550813008130087
0 0.5436585365853659 0.7445325203252032 0.017479674796748015 0.03128048780487802
0 0.5184349593495935 0.7843495934959349 0.030406504065040724 0.07026422764227652
0 0.4902439024390244 0.7451016260162601 0.01800813008130084 0.026178861788617877
0 0.4818292682926829 0.7969512195121952 0.04264227642276427 0.11422764227642286
0 0.42886178861788615 0.8048780487804879 0.06097560975609756 0.08536585365853659
0 0.4014227642276423 0.7693089430894309 0.006097560975609756 0.046747967479674794