0 0.16823899371069181 0.3952513966480447 0.26257861635220126 0.5083798882681564
0 0.4209905660377358 0.41131284916201116 0.29952830188679247 0.4762569832402235
0 0.7421383647798742 0.38966480446927376 0.04874213836477988 0.2479050279329609
0 0.7889150943396226 0.3729050279329609 0.0330188679245283 0.1871508379888268
0 0.8254716981132075 0.36941340782122906 0.024764150943396228 0.16201117318435754
0 0.026729559748427674 0.9001396648044693 0.05345911949685535 0.19692737430167598
0 0.09709119496855347 0.9043296089385475 0.12578616352201258 0.1138268156424581
0 0.2386006289308176 0.8142458100558659 0.1650943396226415 0.24022346368715083
0 0.5255503144654088 0.8840782122905028 0.07075471698113207 0.22695530726256982
0 0.4453616352201258 0.8756983240223464 0.14937106918238993 0.24162011173184358
0 0.330188679245283 0.875 0.09709119496855347 0.14874301675977653
0 0.3565251572327044 0.8386871508379888 0.16784591194968554 0.23393854748603352
0 0.019654088050314465 0.7332402234636871 0.03930817610062893 0.16759776536312848
0 0.8431603773584906 0.8296089385474861 0.03223270440251572 0.15921787709497207
0 0.9921383647798742 0.7995810055865922 0.015723270440251572 0.14106145251396648
0 0.7696540880503144 0.827513966480447 0.025157232704402517 0.09636871508379888
0 0.9952830188679245 0.6990223463687151 0.009433962264150943 0.05726256983240224