0 0.213258785942492 0.2930327868852459 0.2571884984025559 0.4918032786885246
0 0.9185303514376997 0.31864754098360654 0.04233226837060703 0.39651639344262296
0 0.8330670926517572 0.2899590163934426 0.050319488817891375 0.4016393442622951
0 0.8554313099041534 0.29200819672131145 0.04552715654952077 0.382172131147541
0 0.744408945686901 0.24282786885245902 0.05990415335463259 0.3709016393442623
0 0.6317891373801917 0.22028688524590165 0.04952076677316294 0.4262295081967213
0 0.5894568690095847 0.18135245901639344 0.051118210862619806 0.36270491803278687
0 0.9552715654952076 0.35860655737704916 0.04952076677316294 0.36065573770491804
0 0.9568690095846646 0.0706967213114754 0.02875399361022364 0.1413934426229508
0 0.3003194888178914 0.7120901639344263 0.22843450479233227 0.1762295081967213
0 0.5955111821086262 0.7910860655737705 0.12813099041533552 0.2710860655737704