0 0.5329787234042553 0.22869318181818182 0.09574468085106383 0.23579545454545456
0 0.6117021276595744 0.3039772727272727 0.09574468085106383 0.4659090909090909
0 0.4702127659574468 0.29545454545454547 0.1148936170212766 0.3409090909090909
0 0.3776595744680851 0.3210227272727273 0.09148936170212765 0.35795454545454547
0 0.28936170212765955 0.26988636363636365 0.10638297872340426 0.3125
0 0.2127659574468085 0.3039772727272727 0.0851063829787234 0.3352272727272727
0 0.14680851063829786 0.296875 0.07659574468085106 0.2755681818181818
0 0.05638297872340425 0.3224431818181818 0.1127659574468085 0.1278409090909091
0 0.0425531914893617 0.3835227272727273 0.0851063829787234 0.1534090909090909
0 0.18617021276595744 0.4602272727272727 0.09574468085106383 0.23863636363636365
0 0.31170212765957445 0.48011363636363635 0.16382978723404254 0.19886363636363635
0 0.42446808510638295 0.4971590909090909 0.1425531914893617 0.16477272727272727
0 0.5404255319148936 0.5383522727272727 0.18723404255319148 0.08238636363636363
0 0.39893617021276595 0.5340909090909091 0.18936170212765957 0.09090909090909091
0 0.28297872340425534 0.484375 0.20425531914893616 0.1903409090909091
0 0.1127659574468085 0.4815340909090909 0.1702127659574468 0.19602272727272727
0 0.036170212765957444 0.4446022727272727 0.07234042553191489 0.26988636363636365
0 0.7638297872340426 0.26136363636363635 0.20851063829787234 0.3522727272727273
0 0.8893617021276595 0.33948863636363635 0.22127659574468084 0.48011363636363635
0 0.8585106382978723 0.1278409090909091 0.23617021276595745 0.2556818181818182
0 0.1 0.9431818181818182 0.03829787234042553 0.11363636363636363
0 0.8095744680851064 0.7897727272727273 0.3 0.42045454545454547