0 0.8401595744680851 0.358695652173913 0.03031914893617021 0.1824196597353497
0 0.6960106382978724 0.3690926275992439 0.032446808510638296 0.17296786389413987
0 0.8718085106382979 0.3572778827977316 0.03723404255319149 0.19092627599243855
0 0.961968085106383 0.3714555765595463 0.03031914893617021 0.1720226843100189
0 0.9872340425531915 0.3700378071833648 0.02553191489361702 0.17107750472589792
0 0.9332446808510638 0.3681474480151229 0.03031914893617021 0.17485822306238186
0 0.7819148936170213 0.3610586011342155 0.03297872340425532 0.1776937618147448
0 0.9029255319148937 0.3676748582230624 0.03351063829787234 0.1776937618147448
0 0.8122340425531915 0.3662570888468809 0.03297872340425532 0.16540642722117202
0 0.752127659574468 0.3667296786389414 0.035106382978723406 0.17391304347826086
0 0.723404255319149 0.3676748582230624 0.029787234042553193 0.17013232514177692
0 0.9186170212765957 0.4862948960302457 0.04148936170212766 0.0671077504725898
0 0.31409574468085105 0.556710775047259 0.05053191489361702 0.07372400756143667
0 0.2928191489361702 0.9125708884688091 0.05053191489361702 0.17485822306238186
0 0.040957446808510635 0.5671077504725898 0.04893617021276596 0.0945179584120983
0 0.4779255319148936 0.7188090737240076 0.06382978723404255 0.20321361058601134
0 0.11090425531914894 0.6514650283553876 0.05851063829787234 0.21975425330812853
0 0.2970744680851064 0.6750945179584121 0.0398936170212766 0.19612476370510398
0 0.2656914893617021 0.6214555765595463 0.04414893617021277 0.20321361058601134
0 0.26303191489361705 0.5340264650283554 0.04414893617021277 0.02835538752362949
0 0.16941489361702128 0.5921550094517959 0.0398936170212766 0.1446124763705104
0 0.20718085106382977 0.5907372400756143 0.038829787234042554 0.14177693761814744
0 0.4651595744680851 0.5954631379962193 0.03351063829787234 0.15122873345935728
0 0.48377659574468085 0.5623818525519849 0.038829787234042554 0.08506616257088846
0 0.5095744680851064 0.556710775047259 0.031914893617021274 0.07372400756143667
0 0.20930851063829786 0.970226843100189 0.06648936170212766 0.05954631379962193
0 0.22526595744680852 0.9291115311909263 0.05585106382978723 0.14177693761814744
0 0.1601063829787234 0.9040642722117203 0.06382978723404255 0.19187145557655955
0 0.6089095744680851 0.6585538752362949 0.04654255319148936 0.19612476370510398