0 0.4444736842105263 0.0847378277153558 0.08052631578947368 0.1694756554307116
0 0.2913157894736842 0.6151685393258427 0.0931578947368421 0.3291198501872659
0 0.5097368421052632 0.6980337078651685 0.21973684210526315 0.6039325842696629
0 0.7165789473684211 0.7223782771535581 0.2036842105263158 0.5552434456928839
0 0.8744736842105263 0.7270599250936329 0.20157894736842105 0.545880149812734
0 0.955 0.7514044943820225 0.06789473684210526 0.49719101123595505
0 0.4276315789473684 0.5805243445692884 0.038157894736842106 0.09878277153558053
0 0.4602631578947368 0.5571161048689138 0.02973684210526316 0.06460674157303371
0 0.776578947368421 0.575374531835206 0.0518421052631579 0.09644194756554307
0 0.6357894736842106 0.5472846441947565 0.10868421052631579 0.16900749063670412
0 0.9926315789473684 0.6376404494382022 0.014736842105263158 0.26170411985018727