0 0.10188172043010753 0.3546845124282983 0.026344086021505377 0.0745697896749522
0 0.04139784946236559 0.3159655831739962 0.008333333333333333 0.039674952198852774
0 0.17069892473118278 0.374282982791587 0.025268817204301075 0.04110898661567878
0 0.6395161290322581 0.1725621414913958 0.0728494623655914 0.25047801147227533
0 0.6973118279569892 0.13575525812619502 0.08091397849462366 0.1505736137667304
0 0.8306451612903226 0.16395793499043976 0.07822580645161291 0.16682600382409177
0 0.8682795698924731 0.1988527724665392 0.11370967741935484 0.19455066921606118
0 0.9448924731182796 0.23135755258126195 0.11021505376344086 0.2595602294455067
0 0.6422043010752688 0.2748565965583174 0.125 0.5497131931166348
0 0.25591397849462366 0.9459847036328872 0.053763440860215055 0.10803059273422562
0 0.5709677419354838 0.9349904397705545 0.017204301075268817 0.13001912045889102
0 0.5580645161290323 0.865678776290631 0.043010752688172046 0.22466539196940727
0 0.21263440860215055 0.594168260038241 0.051075268817204304 0.08891013384321224
0 0.460752688172043 0.6333652007648184 0.05268817204301075 0.16730401529636713
0 0.3989247311827957 0.6204588910133844 0.05268817204301075 0.14149139579349904
0 0.3470430107526882 0.5999043977055449 0.04032258064516129 0.10038240917782026
0 0.317741935483871 0.5951242829827916 0.04838709677419355 0.09082217973231357
0 0.28118279569892474 0.5855640535372849 0.04838709677419355 0.07170172084130019
0 0.27741935483870966 0.7031548757170172 0.051075268817204304 0.2055449330783939
0 0.2606182795698925 0.642208413001912 0.04435483870967742 0.16969407265774378
0 0.06169354838709677 0.7007648183556405 0.05241935483870968 0.1959847036328872
0 0.04946236559139785 0.5951242829827916 0.041935483870967745 0.09082217973231357
0 0.08844086021505376 0.5736137667304015 0.03387096774193549 0.04780114722753346
0 0.7645161290322581 0.8264818355640535 0.36989247311827955 0.3451242829827916
0 0.8126344086021505 0.7318355640535373 0.37473118279569895 0.36424474187380496