0 0.3866935483870968 0.15616045845272206 0.10524193548387097 0.3123209169054441
0 0.8068548387096774 0.3624641833810888 0.04596774193548387 0.22063037249283668
0 0.6915322580645161 0.11103151862464183 0.02338709677419355 0.12177650429799428
0 0.5709677419354838 0.0057306590257879654 0.01129032258064516 0.011461318051575931
0 0.9217741935483871 0.7886819484240688 0.04959677419354839 0.1332378223495702
0 0.5245967741935483 0.8667621776504298 0.07056451612903226 0.26575931232091693
0 0.5854838709677419 0.7743553008595988 0.04153225806451613 0.062320916905444126
0 0.597983870967742 0.8753581661891118 0.08346774193548387 0.248567335243553
0 0.6669354838709678 0.8603151862464183 0.14919354838709678 0.2793696275071633
0 0.8169354838709677 0.8474212034383954 0.19233870967741937 0.3044412607449857
0 0.9455645161290323 0.8545845272206304 0.10725806451612903 0.29083094555873923