0 0.9103932584269663 0.325 0.17921348314606741 0.1695
0 0.6879213483146067 0.1645 0.16853932584269662 0.309
0 0.5575842696629213 0.2865 0.16853932584269662 0.2465
0 0.25308988764044943 0.83575 0.05337078651685393 0.2225
0 0.2811797752808989 0.7195 0.05056179775280899 0.235
0 0.017134831460674158 0.7605 0.034269662921348316 0.237
0 0.3998595505617977 0.7195 0.054775280898876406 0.265
0 0.4575842696629214 0.7065 0.024157303370786518 0.225
0 0.017696629213483146 0.5295 0.03539325842696629 0.205
0 0.023876404494382022 0.471 0.047752808988764044 0.122
0 0.07106741573033708 0.471 0.04662921348314607 0.122
0 0.11615168539325843 0.54325 0.04915730337078652 0.1825
0 0.6578651685393259 0.825 0.12640449438202248 0.3495
0 0.8196629213483146 0.753 0.20898876404494382 0.494