0 0.3234513274336283 0.2421135646687697 0.021238938053097345 0.04574132492113565
0 0.715929203539823 0.20741324921135645 0.2163716814159292 0.2823343848580442
0 0.8995575221238938 0.222397476340694 0.20088495575221238 0.25236593059936907
0 0.15575221238938053 0.5701892744479495 0.05176991150442478 0.2634069400630915
0 0.08716814159292036 0.5126182965299685 0.04292035398230089 0.22712933753943218
0 0.34601769911504426 0.5047318611987381 0.026991150442477876 0.14511041009463724
0 0.12787610619469025 0.443217665615142 0.02566371681415929 0.18848580441640378
0 0.018141592920353982 0.6238170347003155 0.03584070796460177 0.28154574132492116
0 0.26371681415929205 0.9574132492113565 0.10398230088495575 0.08517350157728706
0 0.3030973451327434 0.4629337539432177 0.04424778761061947 0.17113564668769715
0 0.10575221238938053 0.4479495268138801 0.03185840707964602 0.16482649842271294
0 0.27831858407079646 0.40457413249211355 0.04513274336283186 0.08911671924290221
0 0.08230088495575222 0.4116719242902208 0.033628318584070796 0.09858044164037855
0 0.01592920353982301 0.5536277602523659 0.03185840707964602 0.20504731861198738
0 0.6309734513274337 0.6009463722397477 0.13097345132743363 0.5047318611987381