0 0.17436974789915966 0.36134453781512604 0.3487394957983193 0.6134453781512605
0 0.8350840336134454 0.5241596638655462 0.15441176470588236 0.28781512605042014
0 0.9065126050420168 0.5252100840336135 0.06407563025210083 0.2857142857142857
0 0.8256302521008403 0.42436974789915966 0.05567226890756303 0.24684873949579833
0 0.44012605042016806 0.8161764705882353 0.07352941176470588 0.10294117647058823
0 0.4831932773109244 0.8918067226890757 0.1638655462184874 0.21638655462184875
0 0.5798319327731093 0.8035714285714286 0.08403361344537816 0.06512605042016807
0 0.7195378151260504 0.8665966386554622 0.1407563025210084 0.1869747899159664
0 0.6586134453781513 0.8918067226890757 0.39705882352941174 0.21638655462184875
0 0.4495798319327731 0.8571428571428571 0.20168067226890757 0.2857142857142857
0 0.7563025210084033 0.8403361344537815 0.48739495798319327 0.31932773109243695