0 0.9298387096774193 0.251432664756447 0.1403225806451613 0.22421203438395415
0 0.7149193548387097 0.2800859598853868 0.23387096774193547 0.3194842406876791
0 0.49556451612903224 0.14756446991404013 0.15241935483870966 0.22421203438395415
0 0.1971774193548387 0.7879656160458453 0.05806451612903226 0.25716332378223494
0 0.008064516129032258 0.8030085959885387 0.016129032258064516 0.15616045845272206
0 0.0032258064516129032 0.7227793696275072 0.006048387096774193 0.04297994269340974
0 0.06854838709677419 0.7270773638968482 0.010483870967741936 0.04154727793696275
0 0.07983870967741935 0.7320916905444126 0.0068548387096774195 0.03724928366762178
0 0.01129032258064516 0.7521489971346705 0.013709677419354839 0.08954154727793696
0 0.3548387096774194 0.9312320916905444 0.012903225806451613 0.0508595988538682
0 0.9221774193548387 0.6489971346704871 0.04112903225806452 0.19484240687679083
0 0.9713709677419354 0.5608882521489972 0.031451612903225803 0.1504297994269341
0 0.9487903225806451 0.5952722063037249 0.04435483870967742 0.12177650429799428