0 0.004457050243111832 0.2656099903938521 0.008779038357644516 0.03434197886647455
0 0.7310913019989195 0.473583093179635 0.031604538087520256 0.052833813640730067
0 0.6312803889789304 0.47142170989433235 0.04808211777417612 0.05715658021133525
0 0.5959643435980552 0.44411623439000963 0.030553754727174535 0.10027857829010577
0 0.5733252296056185 0.4629586935638809 0.02061318206374931 0.05489913544668597
0 0.9951377633711507 0.409462055715658 0.009724473257698542 0.13496637848222862
0 0.2671528903295516 0.6623439000960615 0.022285251215559156 0.09438040345821326
0 0.2898433279308482 0.6376080691642652 0.017152890329551595 0.07492795389048991
0 0.4359805510534846 0.5662824207492796 0.010264721772015126 0.018731988472622477
0 0.4211237169097785 0.553314121037464 0.011615343057806591 0.025936599423631124
0 0.7832252836304701 0.8112391930835735 0.3186115613182064 0.37752161383285304