0 0.4093886462882096 0.2074235807860262 0.16812227074235808 0.25327510917030566
0 0.5644104803493449 0.17903930131004367 0.08951965065502183 0.35807860262008734
0 0.32751091703056767 0.19104803493449782 0.12663755458515283 0.2423580786026201
0 0.05240174672489083 0.23799126637554585 0.10480349344978165 0.24017467248908297
0 0.05786026200873363 0.17248908296943233 0.11572052401746726 0.16593886462882096
0 0.036026200873362446 0.11353711790393013 0.05458515283842795 0.13100436681222707
0 0.28820960698689957 0.1146288209606987 0.07423580786026202 0.12882096069868995
0 0.06986899563318777 0.1299126637554585 0.056768558951965066 0.14192139737991266
0 0.3034934497816594 0.03711790393013101 0.06550218340611354 0.07423580786026202
0 0.07641921397379912 0.04694323144104803 0.039301310043668124 0.03711790393013101
0 0.0982532751091703 0.06441048034934498 0.039301310043668124 0.10698689956331878
0 0.12882096069868995 0.043668122270742356 0.021834061135371178 0.07423580786026202
0 0.23580786026200873 0.05021834061135371 0.021834061135371178 0.034934497816593885
0 0.2609170305676856 0.04585152838427948 0.03711790393013101 0.026200873362445413
0 0.35917030567685587 0.2652838427947598 0.3296943231441048 0.185589519650655
0 0.8799126637554585 0.23580786026200873 0.24017467248908297 0.2445414847161572
0 0.26965065502183405 0.6790393013100436 0.29475982532751094 0.6419213973799127
0 0.9126637554585153 0.6932314410480349 0.17467248908296942 0.4912663755458515