0 0.5670426065162907 0.8344017094017094 0.15413533834586465 0.3311965811965812
0 0.9492481203007519 0.8461538461538461 0.10150375939849623 0.3076923076923077
0 0.7202380952380952 0.8298504273504274 0.03021303258145365 0.24858974358974364
0 0.8258646616541353 0.8106196581196581 0.0470175438596491 0.25286324786324793
0 0.9045488721804512 0.852628205128205 0.06377192982456154 0.2841239316239317
0 0.8609398496240601 0.820576923076923 0.039335839598997335 0.18893162393162385
0 0.7947368421052632 0.7867948717948718 0.023646616541353246 0.10585470085470078
0 0.7679699248120301 0.7872435897435898 0.03389724310776936 0.15724358974358982
0 0.7416290726817042 0.7838034188034187 0.027330827067669105 0.1619871794871796
0 0.6971428571428571 0.8355769230769231 0.04065162907268163 0.27645299145299146
0 0.6742105263157895 0.8123290598290599 0.02863408521303261 0.2344017094017095
0 0.6186716791979949 0.7971581196581197 0.038395989974937324 0.19732905982905988
0 0.6500501253132832 0.7963675213675213 0.03353383458646615 0.1890170940170941
0 0.5190225563909774 0.7597435897435898 0.024536340852130235 0.07316239316239319