0 0.3570833333333333 0.7181008902077152 0.0425 0.20178041543026706
0 0.40791666666666665 0.6268545994065282 0.0325 0.15578635014836795
0 0.38458333333333333 0.6624629080118695 0.04583333333333333 0.1261127596439169
0 0.4975 0.755192878338279 0.015 0.4896142433234421
0 0.74 0.6646884272997032 0.03833333333333333 0.13724035608308605
0 0.78 0.6832344213649851 0.037083333333333336 0.09347181008902077
0 0.8129166666666666 0.7195845697329377 0.04041666666666666 0.18545994065281898
0 0.8429166666666666 0.6973293768545994 0.03916666666666667 0.16468842729970326
0 0.8970833333333333 0.6772997032640949 0.08375 0.15281899109792285
0 0.9770833333333333 0.7485163204747775 0.04583333333333333 0.20548961424332343
0 0.99125 0.7952522255192879 0.0175 0.23738872403560832