0 0.46775956284153003 0.35194174757281554 0.3639344262295082 0.3
0 0.08934426229508197 0.2737864077669903 0.17868852459016393 0.4679611650485437
0 0.5180327868852459 0.21941747572815534 0.26311475409836066 0.13398058252427184
0 0.45737704918032784 0.12475728155339806 0.2653005464480874 0.24951456310679612
0 0.26939890710382514 0.10388349514563107 0.14808743169398908 0.20776699029126214
0 0.17896174863387979 0.07912621359223301 0.1685792349726776 0.15825242718446603
0 0.7327868852459016 0.27621359223300973 0.1633879781420765 0.23155339805825242
0 0.05834972677595627 0.6627961165048544 0.035693989071038344 0.2080097087378641
0 0.08886338797814201 0.6309611650485437 0.020202185792349617 0.14433980582524278
0 0.5923497267759563 0.8504854368932039 0.06775956284153005 0.29902912621359223
0 0.24872131147540977 0.6253009708737863 0.02289617486338803 0.12330097087378641
0 0.28363934426229503 0.5877961165048543 0.018639344262294903 0.06448543689320395
0 0.2722513661202186 0.5686407766990291 0.010442622950819741 0.035883495145631106
0 0.8890710382513661 0.7266990291262136 0.04562841530054645 0.29951456310679614
0 0.8371584699453551 0.837378640776699 0.06475409836065574 0.2849514563106796
0 0.7841530054644809 0.7747572815533981 0.05 0.23058252427184467
0 0.7450819672131147 0.7674757281553398 0.056557377049180325 0.24514563106796117
0 0.833879781420765 0.6300970873786408 0.03825136612021858 0.13640776699029125
0 0.8565573770491803 0.7436893203883496 0.045081967213114756 0.20436893203883494
0 0.8081967213114755 0.724757281553398 0.034972677595628415 0.17912621359223302
0 0.7756830601092897 0.6640776699029126 0.03306010928961749 0.08058252427184466