0 0.43288590604026844 0.2619402985074627 0.02726510067114094 0.11194029850746269
0 0.46476510067114096 0.2619402985074627 0.010067114093959731 0.08283582089552238
0 0.4500838926174497 0.24701492537313433 0.02726510067114094 0.12164179104477611
0 0.7348993288590604 0.24477611940298508 0.5302013422818792 0.48955223880597015
0 0.29068791946308725 0.5902985074626865 0.02936241610738255 0.15074626865671642
0 0.31291946308724833 0.5917910447761194 0.028523489932885907 0.14477611940298507
0 0.03313758389261745 0.7455223880597015 0.03942953020134228 0.11194029850746269
0 0.3640939597315436 0.4962686567164179 0.015100671140939598 0.013432835820895522
0 0.32298657718120805 0.5007462686567165 0.013422818791946308 0.022388059701492536
0 0.3976510067114094 0.5201492537313432 0.026845637583892617 0.06119402985074627
0 0.42575503355704697 0.5238805970149254 0.02097315436241611 0.06865671641791045