0 0.7688078703703703 0.3698559670781893 0.3862847222222222 0.37962962962962965
0 0.09346064814814815 0.8132716049382716 0.07899305555555555 0.2880658436213992
0 0.2572337962962963 0.757201646090535 0.07002314814814815 0.2191358024691358
0 0.3246527777777778 0.7597736625514403 0.06770833333333333 0.21707818930041153
0 0.41608796296296297 0.6954732510288066 0.027777777777777776 0.08076131687242798
0 0.7717939814814814 0.8898251028806584 0.04230902777777772 0.2077777777777778
0 0.8227604166666667 0.861820987654321 0.031047453703703758 0.1677674897119341
0 0.6038773148148148 0.9130658436213992 0.030671296296296297 0.17386831275720166
0 0.4444444444444444 0.8688271604938271 0.028935185185185185 0.2623456790123457
0 0.5653703703703704 0.8406687242798354 0.026927083333333317 0.1277572016460906
0 0.6560416666666666 0.8229526748971193 0.023049768518518476 0.10147119341563773
0 0.8000925925925926 0.8080864197530865 0.024299768518518523 0.06260288065843612