0 0.22021660649819494 0.34796573875803 0.0388086642599278 0.069593147751606
0 0.21540312876052947 0.3988222698072805 0.044524669073405534 0.11884368308351177
0 0.43291215403128763 0.3302997858672377 0.017749699157641397 0.06477516059957174
0 0.41787003610108303 0.33083511777301927 0.01444043321299639 0.05085653104925054
0 0.8300240673886883 0.25 0.21058965102286403 0.5
0 0.5373044524669074 0.31209850107066384 0.11552346570397112 0.3758029978586724
0 0.5992779783393501 0.319593147751606 0.18200962695547532 0.3602783725910064
0 0.9744283995186522 0.16488222698072805 0.03309265944645006 0.11241970021413276
0 0.9253910950661853 0.17826552462526768 0.0315884476534296 0.08137044967880086
0 0.15613718411552346 0.7955032119914347 0.023465703971119134 0.139186295503212
0 0.1125150421179302 0.8094218415417559 0.026474127557160047 0.13704496788008566