0 0.06924157303370787 0.12887112887112886 0.035955056179775284 0.11738261738261738
0 0.04367977528089888 0.15684315684315683 0.04845505617977528 0.1525974025974026
0 0.7532303370786517 0.26998001998001997 0.22668539325842696 0.5399600399600399
0 0.9317415730337079 0.2777222777222777 0.13637640449438201 0.5244755244755245
0 0.49929775280898875 0.787962037962038 0.2811797752808989 0.4240759240759241
0 0.11629213483146067 0.8386613386613386 0.23258426966292134 0.3226773226773227
0 0.7220505617977528 0.9835164835164835 0.048033707865168536 0.03296703296703297
0 0.924438202247191 0.9795204795204795 0.028651685393258425 0.04095904095904096
0 0.9004213483146067 0.9767732267732268 0.03061797752808989 0.046453546453546456
0 0.9563202247191012 0.9785214785214785 0.031741573033707865 0.04295704295704296
0 0.9735955056179775 0.9702797202797203 0.020786516853932586 0.05944055944055944