0 0.3277310924369748 0.30567226890756305 0.19747899159663865 0.24579831932773108
0 0.46638655462184875 0.3172268907563025 0.15126050420168066 0.22268907563025211
0 0.3644957983193277 0.25840336134453784 0.0861344537815126 0.12184873949579832
0 0.40441176470588236 0.13760504201680673 0.15756302521008403 0.13655462184873948
0 0.5367647058823529 0.148109243697479 0.15336134453781514 0.296218487394958
0 0.5882352941176471 0.28991596638655465 0.13865546218487396 0.2773109243697479
0 0.6890756302521008 0.3088235294117647 0.16806722689075632 0.23949579831932774
0 0.8897058823529411 0.2930672268907563 0.16596638655462184 0.2710084033613445
0 0.8203781512605042 0.2867647058823529 0.10714285714285714 0.28361344537815125
0 0.7563025210084033 0.2415966386554622 0.09663865546218488 0.16806722689075632
0 0.9737394957983193 0.28886554621848737 0.052521008403361345 0.27941176470588236
0 0.930672268907563 0.1323529411764706 0.029411764705882353 0.029411764705882353
0 0.7605042016806722 0.13760504201680673 0.07563025210084033 0.05672268907563025
0 0.6995798319327731 0.707983193277311 0.33613445378151263 0.3403361344537815