0 0.7445409429280397 0.28424884182660487 0.2692307692307692 0.4513567174056916
0 0.8121588089330025 0.25959629384513566 0.2607940446650124 0.5004963600264726
0 0.575712158808933 0.7448146922567835 0.04794789081885845 0.11085373924553275
0 0.5176129032258064 0.5746757114493714 0.032635235732009805 0.05515221707478493
0 0.41575682382133994 0.5375579086697552 0.012158808933002481 0.05526141628060887
0 0.3956575682382134 0.535572468563865 0.019106699751861043 0.05129053606882859
0 0.17956327543424314 0.5647485109199206 0.02635235732009921 0.06838848444738586
0 0.1423449131513648 0.5721939113170086 0.014764267990074442 0.07224685638649898
0 0.11939702233250622 0.7566743878226341 0.035848635235732076 0.11802448709463934
0 0.05401488833746894 0.620175380542687 0.025997518610421943 0.08769027134348113
0 0.007196029776674938 0.5292852415618795 0.014392059553349877 0.03871608206485771
0 0.17568238213399504 0.528788881535407 0.018858560794044667 0.03772336201191264
0 0.7028535980148883 0.9521839841164792 0.03957816377171216 0.09546657842488418
0 0.7094292803970224 0.9564857710125745 0.018858560794044667 0.08686300463269359