0 0.6533333333333333 0.3236111111111111 0.06 0.2361111111111111
0 0.6866666666666666 0.22083333333333333 0.07333333333333333 0.38055555555555554
0 0.6933333333333334 0.04583333333333333 0.07 0.09166666666666666
0 0.85 0.24583333333333332 0.14333333333333334 0.30277777777777776
0 0.1925 0.775 0.3516666666666667 0.45
0 0.225 0.775 0.18333333333333332 0.45
0 0.2975 0.6819444444444445 0.155 0.2638888888888889
0 0.42 0.6736111111111112 0.12333333333333334 0.24722222222222223
0 0.6433333333333333 0.775 0.19333333333333333 0.45
0 0.6316666666666667 0.6263888888888889 0.09333333333333334 0.1527777777777778
0 0.5683333333333334 0.7263888888888889 0.14 0.3527777777777778
0 0.5108333333333334 0.6888888888888889 0.14166666666666666 0.2777777777777778
0 0.7908333333333334 0.8805555555555555 0.10166666666666667 0.2388888888888889