0 0.10040983606557377 0.20491803278688525 0.20081967213114754 0.4098360655737705
0 0.1168032786885246 0.1762295081967213 0.19672131147540983 0.319672131147541
0 0.6680327868852459 0.2694672131147541 0.22131147540983606 0.2807377049180328
0 0.8176229508196722 0.2807377049180328 0.14754098360655737 0.2581967213114754
0 0.7182377049180327 0.2028688524590164 0.08401639344262295 0.11885245901639344
0 0.757172131147541 0.08504098360655737 0.15368852459016394 0.13319672131147542
0 0.8862704918032787 0.11987704918032786 0.14959016393442623 0.23975409836065573
0 0.9344262295081968 0.2510245901639344 0.13114754098360656 0.305327868852459
0 0.9764344262295082 0.2725409836065574 0.0471311475409836 0.27459016393442626
0 0.1680327868852459 0.4702868852459016 0.1598360655737705 0.12090163934426229
0 0.3729508196721312 0.5901639344262295 0.2336065573770492 0.36065573770491804
0 0.12397540983606557 0.5717213114754098 0.24795081967213115 0.3237704918032787