0 0.6065022421524664 0.8305369127516778 0.006726457399103139 0.13506711409395974
0 0.507847533632287 0.787751677852349 0.020179372197309416 0.03355704697986577
0 0.49551569506726456 0.8464765100671141 0.04147982062780269 0.14429530201342283
0 0.46524663677130046 0.8649328859060402 0.028026905829596414 0.06291946308724833
0 0.4349775784753363 0.8791946308724832 0.04708520179372197 0.2105704697986577
0 0.3531390134529148 0.8666107382550335 0.061659192825112105 0.2516778523489933
0 0.28699551569506726 0.8708053691275168 0.06838565022421525 0.25838926174496646
0 0.3172645739910314 0.8087248322147651 0.032511210762331835 0.08473154362416108
0 0.226457399103139 0.8624161073825504 0.04484304932735426 0.22986577181208054
0 0.17488789237668162 0.8649328859060402 0.06053811659192825 0.23573825503355705
0 0.07399103139013453 0.8800335570469798 0.10650224215246637 0.23993288590604026
0 0.030269058295964126 0.8003355704697986 0.02242152466367713 0.08808724832214765
0 0.0773542600896861 0.7609060402684564 0.01569506726457399 0.022651006711409395
0 0.12331838565022421 0.8011744966442953 0.033632286995515695 0.09899328859060402
0 0.09865470852017937 0.7743288590604027 0.017937219730941704 0.05453020134228188