0 0.9727979274611399 0.19076923076923077 0.054404145077720206 0.38153846153846155
0 0.8367875647668394 0.07230769230769231 0.1157167530224525 0.14461538461538462
0 0.24179620034542315 0.786923076923077 0.11398963730569948 0.42615384615384616
0 0.03626943005181347 0.7992307692307692 0.07210708117443869 0.38769230769230767
0 0.8821243523316062 0.5407692307692308 0.043609671848013815 0.17846153846153845
0 0.6373056994818653 0.5453846153846154 0.028929188255613126 0.13076923076923078
0 0.9706390328151986 0.583076923076923 0.04058721934369603 0.18153846153846154
0 0.5695164075993091 0.8523076923076923 0.08721934369602763 0.26384615384615384
0 0.7784974093264249 0.9507692307692308 0.09110535405872193 0.09307692307692307
0 0.864853195164076 0.6015384615384616 0.03238341968911917 0.13923076923076924
0 0.8596718480138169 0.48846153846153845 0.03454231433506045 0.17
0 0.9024179620034543 0.5038461538461538 0.02547495682210708 0.17
0 0.9727979274611399 0.6615384615384615 0.05397236614853195 0.2530769230769231
0 0.6886873920552677 0.5046153846153846 0.048791018998272886 0.15538461538461537
0 0.7171848013816926 0.46923076923076923 0.039723661485319514 0.11076923076923077