0 0.8344079718640094 0.25730688935281837 0.3311840562719812 0.30167014613778703
0 0.3431066822977726 0.8130688935281837 0.021348182883939082 0.1377244258872652
0 0.3004454865181711 0.8322338204592902 0.02618991793669406 0.14417536534446754
0 0.48348182883939034 0.749561586638831 0.018059788980070306 0.0803235908141963
0 0.5072567409144197 0.7704488517745303 0.021307151230949537 0.06639874739039656
0 0.28937280187573267 0.7629123173277662 0.015767878077374026 0.05772442588726509
0 0.3203106682297773 0.7579853862212943 0.01512309495896832 0.044384133611691
0 0.39864009378663545 0.7727557411273486 0.025568581477139442 0.12439457202505227
0 0.9712778429073857 0.7322546972860126 0.05744431418522861 0.535490605427975
0 0.7857561547479485 0.7233820459290188 0.08147713950762016 0.5532359081419624
0 0.6160609613130129 0.7447807933194155 0.12075029308323564 0.5104384133611691
0 0.7060375146541618 0.7286012526096033 0.09788980070339977 0.5427974947807933
0 0.8549237983587339 0.7421711899791231 0.08968347010550996 0.5156576200417536
0 0.9109026963657679 0.7426931106471816 0.07151230949589683 0.5146137787056367
0 0.5688745603751465 0.7301670146137788 0.038100820633059786 0.5396659707724426
0 0.7546893317702228 0.4968684759916493 0.05451348182883939 0.17536534446764093