0 0.24027777777777778 0.22727272727272727 0.13194444444444445 0.2554347826086957
0 0.9755555555555555 0.3255928853754941 0.04694444444444444 0.17045454545454544
0 0.3386111111111111 0.9382411067193676 0.059444444444444446 0.12351778656126482
0 0.29194444444444445 0.45306324110671936 0.05277777777777778 0.06620553359683795
0 0.01611111111111111 0.46393280632411066 0.03222222222222222 0.08794466403162056
0 0.46305555555555555 0.6170948616600791 0.06666666666666667 0.2124505928853755
0 0.07972222222222222 0.5466897233201581 0.06111111111111111 0.22974308300395258
0 0.27416666666666667 0.571393280632411 0.041666666666666664 0.20503952569169961
0 0.24138888888888888 0.5207509881422925 0.04611111111111111 0.2015810276679842
0 0.14083333333333334 0.4901185770750988 0.041666666666666664 0.14031620553359683
0 0.1802777777777778 0.48863636363636365 0.04055555555555555 0.1373517786561265
0 0.44972222222222225 0.4935770750988142 0.035 0.14723320158102768
0 0.4691666666666667 0.4589920948616601 0.04055555555555555 0.07806324110671936
0 0.4961111111111111 0.45306324110671936 0.03333333333333333 0.06620553359683795
0 0.19916666666666666 0.8740118577075099 0.058333333333333334 0.22233201581027667
0 0.5877777777777777 0.5538537549407114 0.024444444444444446 0.20454545454545456
0 0.20666666666666667 0.9209486166007905 0.06 0.15810276679841898
0 0.12902777777777777 0.8110177865612648 0.0625 0.23468379446640317