0 0.24867021276595744 0.14933837429111532 0.30106382978723406 0.12570888468809074
0 0.9156914893617021 0.17296786389413987 0.013297872340425532 0.04017013232514178
0 0.9295212765957447 0.17580340264650285 0.014095744680851063 0.034026465028355386
0 0.7667553191489361 0.14035916824196598 0.006117021276595745 0.019376181474480152
0 0.7547872340425532 0.14366729678638943 0.005319148936170213 0.0165406427221172
0 0.750531914893617 0.14272211720226843 0.005319148936170213 0.0165406427221172
0 0.1857712765957447 0.8260869565217391 0.057180851063829786 0.21739130434782608
0 0.5601063829787234 0.5685255198487713 0.019148936170212766 0.222117202268431
0 0.27872340425531916 0.3965028355387524 0.043617021276595745 0.15406427221172023
0 0.22699468085106383 0.42674858223062384 0.04654255319148936 0.1937618147448015
0 0.23563829787234042 0.7315689981096408 0.0398936170212766 0.21739130434782608
0 0.059308510638297875 0.35302457466918713 0.03563829787234043 0.0671077504725898
0 0.08643617021276596 0.3908317580340265 0.0398936170212766 0.14272211720226843
0 0.375 0.3846880907372401 0.0425531914893617 0.13043478260869565
0 0.33404255319148934 0.3823251417769376 0.03723404255319149 0.12570888468809074
0 0.2988031914893617 0.650047258979206 0.057180851063829786 0.22448015122873347
0 0.38324468085106383 0.5956994328922496 0.05585106382978723 0.21502835538752363
0 0.4490691489361702 0.525992438563327 0.04920212765957447 0.23629489603024575
0 0.010106382978723405 0.3719281663516068 0.02021276595744681 0.10491493383742911
0 0.0940159574468085 0.5496219281663516 0.05186170212765957 0.222117202268431
0 0.2555851063829787 0.7622873345935728 0.05319148936170213 0.24574669187145556