0 0.04943273905996758 0.1909221902017291 0.055105348460291734 0.10230547550432277
0 0.09481361426256078 0.2255043227665706 0.09846029173419774 0.19380403458213258
0 0.25972447325769854 0.16930835734870317 0.19813614262560778 0.30331412103746397
0 0.7718800648298217 0.08357348703170028 0.05429497568881685 0.16714697406340057
0 0.8225283630470016 0.10518731988472622 0.03889789303079417 0.14121037463976946
0 0.18841166936790923 0.7420749279538905 0.09440842787682334 0.30403458213256485
0 0.4534035656401945 0.770893371757925 0.09319286871961102 0.3292507204610951
0 0.3978930307941653 0.819164265129683 0.20421393841166938 0.361671469740634
0 0.30105348460291737 0.7017291066282421 0.08387358184764993 0.17795389048991356
0 0.11061588330632091 0.765850144092219 0.0806320907617504 0.30403458213256485
0 0.048217179902755265 0.797550432276657 0.09643435980551053 0.4048991354466859
0 0.88290113452188 0.5093659942363112 0.19084278768233387 0.11959654178674352