0 0.12184210526315789 0.3249063670411985 0.24368421052631578 0.350187265917603
0 0.6089473684210527 0.35346441947565543 0.095 0.29260299625468167
0 0.5939473684210527 0.35674157303370785 0.10236842105263158 0.28651685393258425
0 0.5576315789473684 0.3445692883895131 0.035263157894736843 0.31086142322097376
0 0.6297368421052632 0.24672284644194756 0.030789473684210526 0.0945692883895131
0 0.6592105263157895 0.25 0.05210526315789474 0.24672284644194756
0 0.7028947368421052 0.21582397003745318 0.06342105263157895 0.224250936329588
0 0.7602631578947369 0.21207865168539325 0.06605263157894736 0.22237827715355804
0 0.8057894736842105 0.3094569288389513 0.08657894736842105 0.2804307116104869
0 0.8105263157894737 0.33754681647940077 0.1481578947368421 0.3249063670411985
0 0.9268421052631579 0.36891385767790263 0.10894736842105263 0.26217228464419473
0 0.9571052631578948 0.2743445692883895 0.07078947368421053 0.17696629213483145