0 0.023166023166023165 0.3629032258064516 0.04633204633204633 0.21428571428571427
0 0.06853281853281853 0.3617511520737327 0.07915057915057915 0.20276497695852536
0 0.12258687258687259 0.35944700460829493 0.07142857142857142 0.21658986175115208
0 0.1776061776061776 0.3513824884792627 0.07722007722007722 0.20967741935483872
0 0.23262548262548263 0.3433179723502304 0.059845559845559844 0.2073732718894009
0 0.27895752895752896 0.35714285714285715 0.09845559845559845 0.22119815668202766
0 0.3030888030888031 0.4861751152073733 0.1274131274131274 0.14746543778801843
0 0.22297297297297297 0.47119815668202764 0.12934362934362933 0.1774193548387097
0 0.13706563706563707 0.47580645161290325 0.11583011583011583 0.16820276497695852
0 0.08204633204633205 0.48502304147465436 0.07915057915057915 0.1497695852534562
0 0.03474903474903475 0.4815668202764977 0.0694980694980695 0.15668202764976957
0 0.4893822393822394 0.010368663594470046 0.017374517374517374 0.020737327188940093
0 0.9546332046332047 0.39055299539170507 0.09073359073359073 0.3387096774193548
0 0.3252895752895753 0.7799539170506913 0.3638996138996139 0.4400921658986175
0 0.14864864864864866 0.7338709677419355 0.1611969111969112 0.14285714285714285
0 0.05019305019305019 0.6981566820276498 0.10038610038610038 0.16589861751152074
0 0.8976833976833977 0.7845622119815668 0.20463320463320464 0.4308755760368664
0 0.5888030888030888 0.8179723502304147 0.138996138996139 0.3640552995391705
0 0.6978764478764479 0.7799539170506913 0.33783783783783783 0.4400921658986175