0 0.1597303634232122 0.2197286012526096 0.3194607268464244 0.4394572025052192
0 0.5759085580304807 0.21555323590814196 0.4935521688159437 0.3987473903966597
0 0.2608440797186401 0.8611691022964509 0.05246189917936694 0.2776617954070981
0 0.22362250879249707 0.8230688935281837 0.02608440797186401 0.24008350730688935
0 0.15386869871043377 0.8115866388308977 0.02579132473622509 0.2186847599164927
0 0.1351113716295428 0.7995824634655533 0.021981242672919107 0.18423799582463465
0 0.40738569753810083 0.9211899791231732 0.06330597889800703 0.15762004175365343
0 0.8654747948417351 0.7993215031315241 0.05568581477139507 0.23225469728601253
0 0.8361664712778429 0.6779749478079332 0.05275498241500586 0.2453027139874739
0 0.5099648300117233 0.5062630480167014 0.04806565064478312 0.1336116910229645
0 0.45281359906213364 0.5339248434237995 0.050996483001172335 0.18893528183716074
0 0.46248534583821804 0.8580375782881002 0.043962485345838215 0.24008350730688935
0 0.6160609613130129 0.4932150313152401 0.04689331770222743 0.10751565762004175
0 0.570926143024619 0.4906054279749478 0.041031652989449004 0.1022964509394572
0 0.5320926143024619 0.7680062630480167 0.06301289566236812 0.24791231732776617
0 0.6251465416178195 0.7079853862212944 0.0615474794841735 0.23747390396659707
0 0.6976846424384525 0.6310020876826722 0.05422039859320047 0.2609603340292276
0 0.9765533411488863 0.48434237995824636 0.04689331770222743 0.08977035490605428
0 0.32708089097303633 0.657098121085595 0.015240328253223915 0.2453027139874739
0 0.48417350527549824 0.8778705636743215 0.05861664712778429 0.24425887265135698