0 0.5200358851674641 0.33297872340425533 0.09659090909090909 0.2047872340425532
0 0.14264354066985646 0.37553191489361704 0.28498803827751196 0.36861702127659574
0 0.7528409090909091 0.4117021276595745 0.06429425837320574 0.24468085106382978
0 0.7063397129186603 0.03563829787234043 0.05263157894736842 0.07127659574468086
0 0.6967703349282297 0.30531914893617024 0.04485645933014354 0.24468085106382978
0 0.8558612440191388 0.1127659574468085 0.05861244019138756 0.225531914893617
0 0.6242523923444976 0.1696808510638298 0.06429425837320574 0.24468085106382978
0 0.8624401913875598 0.799468085106383 0.05083732057416268 0.149468085106383
0 0.8480861244019139 0.5914893617021276 0.016148325358851676 0.04468085106382979
0 0.8642344497607656 0.9138297872340425 0.08971291866028708 0.14361702127659576
0 0.9431818181818182 0.6792553191489362 0.018839712918660288 0.09521276595744681
0 0.9153708133971292 0.8601063829787234 0.04007177033492823 0.06914893617021277
0 0.6686602870813397 0.6670212765957447 0.014952153110047847 0.08244680851063829
0 0.6572966507177034 0.6292553191489362 0.012559808612440191 0.0851063829787234
0 0.9243421052631579 0.6728723404255319 0.02631578947368421 0.08670212765957447