0 0.32659574468085106 0.18936170212765957 0.019148936170212766 0.03404255319148936
0 0.34893617021276596 0.21170212765957447 0.02553191489361702 0.04042553191489362
0 0.30319148936170215 0.1829787234042553 0.014893617021276596 0.04680851063829787
0 0.6148936170212767 0.4085106382978723 0.11914893617021277 0.28085106382978725
0 0.44148936170212766 0.4095744680851064 0.125531914893617 0.27872340425531916
0 0.46595744680851064 0.39361702127659576 0.08085106382978724 0.14893617021276595
0 0.5095744680851064 0.3414893617021277 0.06170212765957447 0.17659574468085107
0 0.19574468085106383 0.7425531914893617 0.059574468085106386 0.19148936170212766
0 0.3468085106382979 0.7712765957446809 0.05531914893617021 0.125531914893617
0 0.2851063829787234 0.75 0.0425531914893617 0.1
0 0.23829787234042554 0.7510638297872341 0.03404255319148936 0.10212765957446808
0 0.4957446808510638 0.774468085106383 0.23404255319148937 0.451063829787234
0 0.7840425531914894 0.7882978723404256 0.2276595744680851 0.2531914893617021
0 0.8861702127659574 0.8074468085106383 0.2276595744680851 0.3851063829787234
0 0.7404255319148936 0.7925531914893617 0.25957446808510637 0.4148936170212766