0 0.2075268817204301 0.34177820267686426 0.2728494623655914 0.375717017208413
0 0.10376344086021505 0.27963671128107076 0.2075268817204301 0.3508604206500956
0 0.9935483870967742 0.4225621414913958 0.012903225806451613 0.21414913957934992
0 0.9529569892473119 0.0248565965583174 0.05 0.0497131931166348
0 0.6634408602150538 0.13623326959847037 0.051075268817204304 0.12906309751434034
0 0.7125 0.2163001912045889 0.04435483870967742 0.23183556405353728
0 0.7151881720430108 0.08962715105162523 0.04435483870967742 0.13145315487571702
0 0.5145161290322581 0.046367112810707455 0.02903225806451613 0.09273422562141491
0 0.6600806451612903 0.2844168260038241 0.04704301075268817 0.1959847036328872
0 0.6685483870967742 0.5062141491395793 0.04032258064516129 0.04684512428298279
0 0.5043010752688172 0.1577437858508604 0.008602150537634409 0.17208413001912046
0 0.5190860215053763 0.2294455066921606 0.038172043010752686 0.18164435946462715
0 0.8099462365591398 0.22108030592734226 0.043010752688172046 0.17447418738049714
0 0.7682795698924731 0.20793499043977057 0.03763440860215054 0.19120458891013384
0 0.8521505376344086 0.0511472275334608 0.04408602150537634 0.1022944550669216
0 0.8172043010752689 0.04541108986615679 0.041935483870967745 0.09082217973231357
0 0.7876344086021505 0.052581261950286805 0.03870967741935484 0.10516252390057361
0 0.5389784946236559 0.04875717017208413 0.03602150537634408 0.09751434034416825
0 0.5258064516129032 0.40869980879541107 0.05161290322580645 0.22466539196940727
0 0.6900537634408602 0.028680688336520075 0.04032258064516129 0.05736137667304015
0 0.7365591397849462 0.036806883365200764 0.041935483870967745 0.07361376673040153
0 0.8978494623655914 0.41539196940726575 0.05268817204301075 0.22848948374760994
0 0.8247311827956989 0.41586998087954113 0.05913978494623656 0.21510516252390058
0 0.7338709677419355 0.4450286806883365 0.05806451612903226 0.16921606118546845
0 0.28817204301075267 0.7284894837476099 0.12096774193548387 0.21032504780114722
0 0.639247311827957 0.8250478011472275 0.14139784946236558 0.27963671128107076
0 0.7634408602150538 0.8288718929254302 0.12983870967741937 0.2762906309751434
0 0.8852150537634409 0.8288718929254302 0.1424731182795699 0.3245697896749522
0 0.6779569892473118 0.6945506692160612 0.046236559139784944 0.06739961759082218
0 0.9190860215053763 0.7026768642447419 0.10134408602150538 0.1118546845124283
0 0.7376344086021506 0.6845124282982792 0.08010752688172043 0.07026768642447419
0 0.8083333333333333 0.7060229445506692 0.07553763440860214 0.08508604206500955
0 0.8016129032258065 0.6744741873804971 0.07123655913978495 0.05401529636711281
0 0.8865591397849463 0.6620458891013384 0.07553763440860214 0.04732313575525813
0 0.7080645161290322 0.7251434034416826 0.06586021505376344 0.0731357552581262
0 0.7077956989247312 0.7920650095602294 0.06854838709677419 0.2074569789674952
0 0.8653225806451613 0.6572657743785851 0.03118279569892473 0.036328871892925434