0 0.24891891891891893 0.3375 0.16594594594594594 0.325
0 0.904054054054054 0.40865384615384615 0.051351351351351354 0.18269230769230768
0 0.8770270270270271 0.31298076923076923 0.04864864864864865 0.22596153846153846
0 0.5267567567567567 0.04230769230769231 0.051351351351351354 0.08461538461538462
0 0.6618918918918919 0.04807692307692308 0.04054054054054054 0.09615384615384616
0 0.6324324324324324 0.04326923076923077 0.04864864864864865 0.08653846153846154
0 0.5956756756756757 0.03365384615384615 0.04864864864864865 0.0673076923076923
0 0.5918918918918918 0.14951923076923077 0.051351351351351354 0.20673076923076922
0 0.575 0.08822115384615385 0.0445945945945946 0.17067307692307693
0 0.6997297297297297 0.44134615384615383 0.062162162162162166 0.11730769230769231
0 0.5483783783783783 0.41009615384615383 0.051351351351351354 0.1798076923076923
0 0.6154054054054054 0.4735576923076923 0.06108108108108108 0.052884615384615384
0 0.7943243243243243 0.06634615384615385 0.051351351351351354 0.1326923076923077
0 0.7181081081081081 0.09519230769230769 0.047027027027027025 0.19038461538461537
0 0.9678378378378378 0.78125 0.033243243243243244 0.16826923076923078