0 0.04424778761061947 0.17352941176470588 0.07079646017699115 0.34705882352941175
0 0.0420353982300885 0.17941176470588235 0.084070796460177 0.3588235294117647
0 0.4745575221238938 0.17941176470588235 0.1084070796460177 0.3588235294117647
0 0.7643805309734514 0.17941176470588235 0.47123893805309736 0.3588235294117647
0 0.8871681415929203 0.1676470588235294 0.22566371681415928 0.3352941176470588
0 0.7190265486725663 0.75 0.06637168141592921 0.16470588235294117
0 0.5453539823008849 0.7529411764705882 0.033185840707964605 0.20588235294117646
0 0.9845132743362832 0.7279411764705882 0.030973451327433628 0.1264705882352941
0 0.9026548672566371 0.7529411764705882 0.07079646017699115 0.27647058823529413
0 0.5737610619469027 0.7289411764705882 0.04035398230088497 0.15926470588235286
0 0.6511946902654868 0.6759705882352941 0.04982300884955748 0.17099999999999996
0 0.6692035398230088 0.6911176470588235 0.07528761061946909 0.15364705882352944
0 0.821216814159292 0.7107058823529412 0.03796460176991156 0.09761764705882352
0 0.8601106194690266 0.7126764705882354 0.029402654867256683 0.09035294117647066
0 0.907146017699115 0.7612647058823531 0.08763274336283189 0.1791470588235295