0 0.394 0.1732283464566929 0.028 0.25196850393700787
0 0.429 0.15748031496062992 0.062 0.28346456692913385
0 0.463 0.24146981627296588 0.062 0.11548556430446194
0 0.468 0.12598425196850394 0.028 0.13648293963254593
0 0.484 0.09317585301837271 0.016 0.03937007874015748
0 0.502 0.18241469816272965 0.032 0.2283464566929134
0 0.518 0.17585301837270342 0.04 0.23622047244094488
0 0.542 0.15223097112860892 0.024 0.16272965879265092
0 0.562 0.1194225721784777 0.024 0.09186351706036745
0 0.584 0.11023622047244094 0.028 0.05249343832020997
0 0.774 0.03674540682414698 0.076 0.07349081364829396
0 0.819 0.7887139107611548 0.362 0.4225721784776903