0 0.27128883774453394 0.31813524590163933 0.39499424626006907 0.21209016393442623
0 0.7560414269275029 0.26383196721311475 0.21116225546605294 0.4390368852459016
0 0.18757192174913695 0.7105532786885246 0.02100115074798619 0.05993852459016393
0 0.7491369390103567 0.9190573770491803 0.05178365937859609 0.16188524590163936
0 0.9651898734177216 0.7369364754098361 0.04602991944764097 0.1869877049180328
0 0.9948216340621404 0.7223360655737705 0.010356731875719217 0.20491803278688525
0 0.919735327963176 0.5845286885245902 0.047756041426927506 0.050204918032786885
0 0.9574223245109321 0.5783811475409836 0.04487917146144994 0.03790983606557377
0 0.9838895281933256 0.5860655737704918 0.03222094361334868 0.05327868852459016
0 0.5532220943613348 0.6424180327868853 0.04660529344073648 0.16598360655737704
0 0.6106156501726122 0.7241290983606558 0.04746835443037975 0.17674180327868852
0 0.7327387802071347 0.6255122950819673 0.04200230149597238 0.13217213114754098
0 0.8708285385500575 0.9113729508196722 0.05581127733026467 0.17725409836065573
0 0.9493670886075949 0.9149590163934426 0.06329113924050633 0.17008196721311475