0 0.3409090909090909 0.2153041825095057 0.6280748663101604 0.42870722433460073
0 0.8085561497326204 0.04515209125475285 0.028877005347593583 0.0903041825095057
0 0.7406417112299465 0.03564638783269962 0.020320855614973262 0.07129277566539924
0 0.153475935828877 0.8873574144486692 0.07433155080213903 0.20152091254752852
0 0.9967914438502674 0.720532319391635 0.006417112299465241 0.06844106463878327
0 0.9885026737967915 0.7181558935361216 0.0053475935828877 0.06321292775665399
0 0.9810160427807486 0.7167300380228137 0.009625668449197862 0.06986692015209126
0 0.970855614973262 0.7200570342205324 0.009625668449197862 0.06986692015209126
0 0.9614973262032086 0.7281368821292775 0.010160427807486631 0.08222433460076045
0 0.9483957219251337 0.7286121673003803 0.01229946524064171 0.09458174904942966
0 0.954812834224599 0.747148288973384 0.0074866310160427805 0.06844106463878327
0 0.936096256684492 0.7129277566539924 0.0066844919786096255 0.06321292775665399
0 0.9163101604278074 0.7286121673003803 0.008288770053475936 0.06986692015209126
0 0.881283422459893 0.7281368821292775 0.012834224598930482 0.07509505703422054
0 0.8700534759358288 0.7314638783269962 0.009625668449197862 0.08222433460076045
0 0.7922459893048128 0.723384030418251 0.008823529411764706 0.0594106463878327
0 0.7780748663101604 0.721958174904943 0.006149732620320855 0.05608365019011407
0 0.7729946524064171 0.7229087452471483 0.0053475935828877 0.05418250950570342