0 0.17912087912087912 0.158203125 0.05357142857142857 0.31640625
0 0.7489010989010989 0.2568359375 0.20054945054945056 0.23095703125
0 0.942032967032967 0.900390625 0.05879120879120879 0.19921875
0 0.5129120879120879 0.760498046875 0.0521978021978022 0.21728515625
0 0.5403846153846154 0.64697265625 0.04945054945054945 0.2294921875
0 0.829945054945055 0.54296875 0.0521978021978022 0.0859375
0 0.8741758241758242 0.77880859375 0.0521978021978022 0.2490234375
0 0.8060439560439561 0.8916015625 0.06153846153846154 0.216796875
0 0.33901098901098903 0.572265625 0.04835164835164835 0.14453125
0 0.7480769230769231 0.91748046875 0.06868131868131869 0.1650390625
0 0.7278846153846154 0.819091796875 0.059065934065934064 0.26123046875