0 0.15122377622377622 0.5228215767634855 0.30244755244755245 0.49377593360995853
0 0.398018648018648 0.5321576763485477 0.23717948717948717 0.4745850622406639
0 0.7663170163170163 0.3744813278008299 0.12062937062937062 0.5617219917012448
0 0.3347902097902098 0.8003112033195021 0.05536130536130536 0.061203319502074686
0 0.1891025641025641 0.8065352697095436 0.043706293706293704 0.07365145228215768
0 0.22144522144522144 0.8013485477178424 0.05244755244755245 0.06327800829875518
0 0.26048951048951047 0.7909751037344398 0.05244755244755245 0.04253112033195021
0 0.26486013986013984 0.8947095435684648 0.05536130536130536 0.21058091286307054
0 0.28321678321678323 0.8480290456431535 0.047785547785547784 0.1566390041493776
0 0.4988344988344988 0.895746887966805 0.05710955710955711 0.20850622406639005
0 0.5119463869463869 0.8013485477178424 0.04487179487179487 0.06327800829875518
0 0.04632867132867133 0.8262448132780082 0.05536130536130536 0.11307053941908714
0 0.12878787878787878 0.8573651452282157 0.05128205128205128 0.17531120331950206
0 0.7558275058275058 0.8615145228215768 0.4324009324009324 0.18309128630705393