0 0.24940898345153664 0.2590725806451613 0.41725768321513 0.5181451612903226
0 0.5998817966903073 0.2661290322580645 0.19267139479905437 0.38306451612903225
0 0.8362884160756501 0.3245967741935484 0.13356973995271867 0.35080645161290325
0 0.7133569739952719 0.2399193548387097 0.05319148936170213 0.10887096774193548
0 0.6530732860520094 0.17036290322580644 0.05319148936170213 0.13911290322580644
0 0.5047281323877069 0.2399193548387097 0.030732860520094562 0.10887096774193548
0 0.1495271867612293 0.9243951612903226 0.04609929078014184 0.15120967741935484
0 0.19208037825059102 0.9395161290322581 0.04373522458628842 0.12096774193548387
0 0.2511820330969267 0.9344758064516129 0.03664302600472813 0.1310483870967742
0 0.34397163120567376 0.938508064516129 0.037825059101654845 0.12298387096774194
0 0.3817966903073286 0.936491935483871 0.0425531914893617 0.12701612903225806
0 0.02127659574468085 0.9375 0.026004728132387706 0.125
0 0.09101654846335698 0.9465725806451613 0.02364066193853428 0.10685483870967742
0 0.5791962174940898 0.8820564516129032 0.17966903073286053 0.23588709677419356
0 0.6867612293144209 0.8820564516129032 0.14420803782505912 0.23588709677419356
0 0.8303782505910166 0.8729838709677419 0.17375886524822695 0.2540322580645161