0 0.22604166666666667 0.2800925925925926 0.014930555555555556 0.044444444444444446
0 0.18333333333333332 0.2763888888888889 0.01423611111111111 0.041666666666666664
0 0.109375 0.2625 0.014930555555555556 0.07453703703703704
0 0.5065972222222223 0.0699074074074074 0.059722222222222225 0.11666666666666667
0 0.7461805555555555 0.3 0.1232638888888889 0.06296296296296296
0 0.09513888888888888 0.8060185185185185 0.059722222222222225 0.34305555555555556
0 0.7121527777777777 0.8046296296296296 0.12152777777777778 0.3907407407407407
0 0.5972222222222222 0.7976851851851852 0.12083333333333333 0.4046296296296296
0 0.9368055555555556 0.8078703703703703 0.12638888888888888 0.38425925925925924
0 0.5013888888888889 0.8291666666666667 0.10972222222222222 0.3416666666666667
0 0.8208333333333333 0.8212962962962963 0.10694444444444444 0.3574074074074074
0 0.296875 0.8319444444444445 0.05486111111111111 0.33611111111111114
0 0.35104166666666664 0.8537037037037037 0.11458333333333333 0.29259259259259257
0 0.41458333333333336 0.8143518518518519 0.09305555555555556 0.3712962962962963