0 0.05317460317460317 0.28998118532455314 0.016534391534391533 0.06302916274694262
0 0.3925925925925926 0.3184383819379116 0.03214285714285714 0.10089369708372531
0 0.6603174603174603 0.4341486359360301 0.09735449735449736 0.28927563499529635
0 0.5597883597883598 0.7899811853245532 0.10211640211640212 0.42003762935089367
0 0.7060846560846561 0.8424270931326434 0.08783068783068783 0.31514581373471307
0 0.7264444444444444 0.6632314205079962 0.0454497354497355 0.11653339604891816
0 0.8814814814814815 0.8250235183443085 0.06455026455026455 0.34995296331138287
0 0.9384523809523809 0.7730997177798683 0.04182275132275136 0.27441204139228603
0 0.8323730158730158 0.7380667920978363 0.03219047619047627 0.2507431796801505
0 0.8014788359788361 0.7342850423330197 0.039383597883597854 0.23286453433678278
0 0.8974894179894181 0.6706961429915335 0.03456349206349197 0.07057855126999067
0 0.9170820105820106 0.6360442144873001 0.027113756613756555 0.07696613358419573
0 0.89444708994709 0.6207384760112888 0.029007936507936413 0.05685324553151453
0 0.9470238095238095 0.6389463781749766 0.029920634920635018 0.08689557855126989
0 0.9633862433862433 0.626552210724365 0.019634920634920703 0.09238005644402639
0 0.9891534391534391 0.6780338664158043 0.021693121693121695 0.16509877704609596