0 0.3321540880503145 0.2011173184357542 0.10259433962264151 0.10405027932960893
0 0.3026729559748428 0.2115921787709497 0.0735062893081761 0.08729050279329609
0 0.2389937106918239 0.19273743016759776 0.10888364779874214 0.11522346368715083
0 0.8282232704402516 0.07541899441340782 0.03970125786163522 0.034916201117318434
0 0.726808176100629 0.08519553072625698 0.0735062893081761 0.10614525139664804
0 0.6761006289308176 0.10335195530726257 0.049528301886792456 0.11941340782122906
0 0.6297169811320755 0.09916201117318436 0.04756289308176101 0.1005586592178771
0 0.5330188679245284 0.11243016759776536 0.026729559748427674 0.11592178770949721
0 0.8970125786163522 0.09846368715083799 0.014544025157232705 0.034916201117318434
0 0.8852201257861635 0.09706703910614525 0.012578616352201259 0.03770949720670391
0 0.9838836477987422 0.09776536312849161 0.01061320754716981 0.036312849162011177
0 0.9897798742138365 0.1026536312849162 0.01061320754716981 0.03212290502793296
0 0.9960691823899371 0.10824022346368715 0.007861635220125786 0.023044692737430168
0 0.58687106918239 0.755586592178771 0.11635220125786164 0.35544692737430167
0 0.6882861635220126 0.6613128491620112 0.019261006289308175 0.04120111731843575