0 0.4295708955223881 0.2915282392026578 0.2994402985074627 0.3338870431893688
0 0.867070895522388 0.34717607973421927 0.23973880597014927 0.22259136212624583
0 0.6478544776119403 0.36710963455149503 0.2248134328358209 0.18272425249169436
0 0.7355410447761194 0.3579734219269103 0.16138059701492538 0.2009966777408638
0 0.8815298507462687 0.4867109634551495 0.06902985074626866 0.05647840531561462
0 0.6557835820895522 0.729235880398671 0.0914179104477612 0.5415282392026578
0 0.3041044776119403 0.729235880398671 0.048507462686567165 0.5415282392026578
0 0.5331156716417911 0.729235880398671 0.058768656716417914 0.5415282392026578
0 0.8708022388059702 0.729235880398671 0.09048507462686567 0.5415282392026578
0 0.39132462686567165 0.729235880398671 0.12779850746268656 0.5415282392026578
0 0.3199626865671642 0.729235880398671 0.08022388059701492 0.5415282392026578
0 0.5928171641791045 0.729235880398671 0.1166044776119403 0.5415282392026578
0 0.8111007462686567 0.729235880398671 0.13152985074626866 0.5415282392026578
0 0.48880597014925375 0.729235880398671 0.10261194029850747 0.5415282392026578
0 0.9333022388059702 0.729235880398671 0.1333955223880597 0.5415282392026578
0 0.7098880597014925 0.729235880398671 0.10820895522388059 0.5415282392026578