0 0.0040192926045016075 0.3520900321543408 0.008038585209003215 0.10128617363344052
0 0.02090032154340836 0.31270096463022506 0.024115755627009645 0.08118971061093247
0 0.04260450160771704 0.3207395498392283 0.02491961414790997 0.06832797427652733
0 0.5353697749196141 0.36012861736334406 0.028135048231511254 0.14630225080385853
0 0.5168810289389068 0.3440514469453376 0.02491961414790997 0.14308681672025725
0 0.9404180064308683 0.13400321543408364 0.07056270096463038 0.2471061093247589
0 0.8970257234726688 0.12456591639871385 0.06413183279742782 0.22421221864951774
0 0.9421221864951769 0.024115755627009645 0.07717041800643087 0.04823151125401929
0 0.4565916398713826 0.8006430868167203 0.1864951768488746 0.3987138263665595
0 0.04823151125401929 0.7853697749196141 0.09646302250803858 0.4292604501607717
0 0.7692926045016077 0.7395498392282959 0.43810289389067525 0.5209003215434084