0 0.22351524879614768 0.25214285714285717 0.24157303370786518 0.1392857142857143
0 0.5469502407704655 0.47214285714285714 0.13202247191011235 0.14
0 0.648876404494382 0.175 0.16332263242375603 0.085
0 0.42215088282504015 0.34714285714285714 0.025682182985553772 0.054285714285714284
0 0.42495987158908505 0.32857142857142857 0.022070626003210272 0.02142857142857143
0 0.4546548956661316 0.32857142857142857 0.036115569823434994 0.025714285714285714
0 0.4546548956661316 0.345 0.03531300160513644 0.032857142857142856
0 0.48314606741573035 0.32785714285714285 0.018459069020866775 0.03142857142857143
0 0.5008025682182986 0.34214285714285714 0.03691813804173355 0.02857142857142857
0 0.5212680577849117 0.32785714285714285 0.026886035313001606 0.025
0 0.5557784911717496 0.35642857142857143 0.05778491171749599 0.07785714285714286
0 0.6051364365971108 0.3264285714285714 0.029293739967897272 0.03
0 0.6035313001605136 0.35714285714285715 0.02247191011235955 0.06928571428571428
0 0.6219903691813804 0.3742857142857143 0.04052969502407704 0.10785714285714286
0 0.6496789727126806 0.355 0.03089887640449438 0.055
0 0.6930176565008026 0.3707142857142857 0.08306581059390049 0.10357142857142858
0 0.7227126805778491 0.35214285714285715 0.034911717495987156 0.05857142857142857
0 0.7516051364365971 0.3271428571428571 0.021669341894060994 0.02
0 0.7596308186195827 0.34714285714285714 0.0449438202247191 0.045714285714285714
0 0.8053772070626003 0.3507142857142857 0.03451043338683788 0.06642857142857143
0 0.8402889245585875 0.35214285714285715 0.03290529695024077 0.05857142857142857
0 0.8703852327447833 0.32071428571428573 0.028089887640449437 0.02
0 0.8487158908507223 0.3192857142857143 0.01565008025682183 0.017142857142857144
0 0.8715890850722311 0.3414285714285714 0.027287319422150885 0.039285714285714285
0 0.8968699839486356 0.32 0.016452648475120384 0.014285714285714285
0 0.9044943820224719 0.3485714285714286 0.038523274478330656 0.06357142857142857
0 0.9530497592295345 0.3535714285714286 0.056581059390048156 0.047857142857142855
0 0.9847512038523274 0.3335714285714286 0.02126805778491172 0.02642857142857143
0 0.9971910112359551 0.32857142857142857 0.0056179775280898875 0.030714285714285715
0 0.9899678972712681 0.4607142857142857 0.020064205457463884 0.15142857142857144
0 0.6946227929373997 0.5085714285714286 0.42736757624398075 0.08285714285714285
0 0.23595505617977527 0.755 0.023675762439807384 0.04357142857142857