0 0.0625 0.2537313432835821 0.030620805369127518 0.1373134328358209
0 0.08976510067114093 0.2537313432835821 0.03523489932885906 0.12014925373134329
0 0.1078020134228188 0.26119402985074625 0.01552013422818792 0.08880597014925373
0 0.012583892617449664 0.2880597014925373 0.024748322147651006 0.2126865671641791
0 0.27181208053691275 0.26119402985074625 0.05536912751677853 0.08432835820895522
0 0.3326342281879195 0.22014925373134328 0.07088926174496644 0.1746268656716418
0 0.373741610738255 0.22313432835820896 0.04488255033557047 0.16417910447761194
0 0.5704697986577181 0.5335820895522388 0.04194630872483222 0.23134328358208955
0 0.608011744966443 0.46165671641791045 0.027885906040268464 0.1816268656716417
0 0.18708053691275167 0.8865671641791045 0.100251677852349 0.22686567164179106
0 0.12038590604026846 0.8813432835820896 0.08263422818791946 0.23656716417910448
0 0.2646812080536913 0.8888059701492538 0.13548657718120805 0.22238805970149253
0 0.35906040268456374 0.9194029850746268 0.10738255033557047 0.16119402985074627
0 0.43791946308724833 0.8746268656716418 0.100251677852349 0.2507462686567164
0 0.4303691275167785 0.8134328358208955 0.07088926174496644 0.0664179104477612
0 0.7424496644295302 0.8402985074626865 0.3859060402684564 0.3194029850746269