0 0.15458108770210682 0.23040496407576747 0.02449779519843214 0.05372305682560418
0 0.1969622733953944 0.2382429784454605 0.05034296913277805 0.037883736120182886
0 0.13097501224889757 0.37181580666231223 0.01670504654581078 0.06368386675375572
0 0.2473248407643312 0.4131841933376878 0.019194022537971672 0.0767472240365774
0 0.24630328270455656 0.4080111038536904 0.03593336599706034 0.06858262573481384
0 0.48541156295933363 0.3405192684519922 0.01908378245957855 0.04680927498367078
0 0.3755928466438021 0.5185075114304376 0.025590396864282224 0.09470934030045722
0 0.3590568348848604 0.4961887655127368 0.02626163645271921 0.08599934683213584
0 0.9066634002939735 0.6642717178314826 0.011024007839294463 0.037230568256041804
0 0.8585252327290543 0.6588830829523188 0.005267025967662911 0.045721750489875895
0 0.8525232729054385 0.6485956890920966 0.005022048015678589 0.034781188765512734
0 0.5461783439490446 0.6804376224689745 0.008329250367466928 0.038536903984323974
0 0.5596521313081823 0.6770084911822338 0.00857422831945125 0.03412802090137165
0 0.5704311611954924 0.6770084911822338 0.009676629103380695 0.03412802090137165