0 0.0824022346368715 0.14182058047493404 0.030726256983240222 0.09828496042216359
0 0.0670391061452514 0.19030343007915568 0.03840782122905028 0.17051451187335093
0 0.12639664804469275 0.19656992084432717 0.039804469273743016 0.17843007915567283
0 0.12849162011173185 0.2895778364116095 0.12011173184357542 0.22031662269129287
0 0.029329608938547486 0.2800131926121372 0.057960893854748605 0.23944591029023746
0 0.08659217877094973 0.2800131926121372 0.0782122905027933 0.23944591029023746
0 0.49022346368715086 0.19986807387862796 0.5167597765363129 0.3997361477572559
0 0.030027932960893854 0.8380606860158312 0.06005586592178771 0.3238786279683377
0 0.04189944134078212 0.7905672823218998 0.0356145251396648 0.22559366754617413
0 0.0782122905027933 0.7549472295514512 0.04120111731843575 0.2358179419525066
0 0.10544692737430168 0.7262532981530343 0.04399441340782123 0.19162269129287599
0 0.14315642458100558 0.7279023746701847 0.03840782122905028 0.18469656992084432
0 0.1717877094972067 0.8057387862796834 0.036312849162011177 0.3476253298153034
0 0.6201117318435754 0.9495382585751979 0.10893854748603352 0.10092348284960422
0 0.651536312849162 0.6810686015831134 0.09916201117318436 0.24670184696569922