0 0.16467576791808874 0.22948328267477203 0.3293515358361775 0.45896656534954405
0 0.962457337883959 0.41717325227963525 0.051194539249146756 0.08358662613981763
0 0.035409556313993173 0.831306990881459 0.07081911262798635 0.3343465045592705
0 0.08660409556313993 0.7689969604863222 0.03583617747440273 0.11930091185410334
0 0.12798634812286688 0.7978723404255319 0.05716723549488054 0.4034954407294833
0 0.2696245733788396 0.898936170212766 0.0674061433447099 0.20212765957446807
0 0.28242320819112626 0.8639817629179332 0.041808873720136516 0.12689969604863222
0 0.3314846416382253 0.8731003039513677 0.03668941979522184 0.15729483282674772
0 0.19112627986348124 0.8662613981762918 0.04778156996587031 0.2674772036474164
0 0.16638225255972697 0.8100303951367781 0.021331058020477817 0.12082066869300911
0 0.5281569965870307 0.8541033434650456 0.10068259385665529 0.29103343465045595
0 0.6117747440273038 0.8396656534954408 0.05546075085324232 0.25455927051671734
0 0.8297781569965871 0.851063829787234 0.16467576791808874 0.29711246200607905
0 0.7627986348122867 0.8237082066869301 0.0878839590443686 0.23860182370820668
0 0.7175767918088737 0.8290273556231003 0.0537542662116041 0.19908814589665655