0 0.1699468085106383 0.21455576559546313 0.0747340425531915 0.1332703213610586
0 0.22819148936170214 0.2386578449905482 0.1276595744680851 0.250945179584121
0 0.9493351063829787 0.21455576559546313 0.05186170212765957 0.1937618147448015
0 0.9372340425531915 0.07750472589792061 0.04148936170212766 0.15500945179584122
0 0.9757978723404256 0.05623818525519849 0.03351063829787234 0.11247637051039698
0 0.8832446808510638 0.052930056710775046 0.04521276595744681 0.10586011342155009
0 0.2038563829787234 0.888468809073724 0.057180851063829786 0.21739130434782608
0 0.6194148936170213 0.7407844990548205 0.05053191489361702 0.21030245746691872
0 0.5928191489361702 0.6309073724007561 0.047872340425531915 0.222117202268431
0 0.31196808510638296 0.5155954631379962 0.05053191489361702 0.11247637051039698
0 0.2954787234042553 0.4763705103969754 0.04414893617021277 0.034026465028355386
0 0.09867021276595744 0.5118147448015122 0.05159574468085106 0.10491493383742911
0 0.2696808510638298 0.7585066162570888 0.05053191489361702 0.24102079395085066
0 0.33537234042553193 0.8813799621928167 0.0601063829787234 0.23724007561436672
0 0.7869680851063829 0.5439508506616257 0.04521276595744681 0.16918714555765596
0 0.436436170212766 0.4848771266540643 0.04627659574468085 0.05103969754253308
0 0.3917553191489362 0.9064272211720227 0.06648936170212766 0.18714555765595464
0 0.4113031914893617 0.7974952741020794 0.057180851063829786 0.252835538752363
0 0.9404255319148936 0.8563327032136105 0.04707446808510638 0.28733459357277885
0 0.9029255319148937 0.8586956521739131 0.07898936170212766 0.2826086956521739