0 0.34777015437392794 0.3516819571865443 0.28387650085763294 0.12003058103975535
0 0.14708404802744426 0.2415902140672783 0.18996569468267582 0.41590214067278286
0 0.7448542024013722 0.22477064220183487 0.5102915951972555 0.44954128440366975
0 0.2658662092624357 0.9067278287461774 0.07204116638078903 0.18654434250764526
0 0.31646655231560894 0.9755351681957186 0.036020583190394515 0.04892966360856269
0 0.6723842195540308 0.7515290519877675 0.02358490566037736 0.09403669724770643
0 0.660377358490566 0.7484709480122325 0.020154373927958835 0.09709480122324159
0 0.885934819897084 0.8027522935779816 0.030445969125214408 0.15214067278287463
0 0.8949399656946827 0.7362385321100917 0.012435677530017153 0.022935779816513763
0 0.8627787307032591 0.7392966360856269 0.022298456260720412 0.05657492354740061
0 0.7740137221269296 0.7545871559633027 0.03130360205831904 0.0382262996941896