0 0.40893587994542974 0.05975877192982456 0.056616643929058665 0.10361842105263158
0 0.5051159618008185 0.08662280701754387 0.029331514324693043 0.14418859649122806
0 0.45736698499317874 0.0625 0.046725784447476125 0.12445175438596491
0 0.4382673942701228 0.03289473684210526 0.017394270122783082 0.05646929824561404
0 0.5552523874488404 0.4418859649122807 0.07094133697135062 0.2741228070175439
0 0.06684856753069578 0.7894736842105263 0.13369713506139155 0.42105263157894735
0 0.17735334242837653 0.7894736842105263 0.12005457025920874 0.42105263157894735
0 0.3789222373806276 0.7894736842105263 0.12073669849931787 0.42105263157894735
0 0.27728512960436563 0.7894736842105263 0.12210095497953616 0.42105263157894735
0 0.4716916780354707 0.7894736842105263 0.09618008185538882 0.42105263157894735
0 0.9143929058663028 0.8327850877192983 0.15211459754433834 0.3031798245614035
0 0.8598226466575716 0.8064692982456141 0.11834924965893588 0.1825657894736842
0 0.8066166439290586 0.7900219298245614 0.07298772169167804 0.14857456140350878
0 0.7554570259208732 0.7900219298245614 0.0767394270122783 0.13322368421052633
0 0.6834924965893588 0.7807017543859649 0.08083219645293316 0.13596491228070176
0 0.6422237380627558 0.7944078947368421 0.11527967257844475 0.17105263157894737
0 0.5781036834924966 0.8037280701754386 0.11664392905866303 0.25