0 0.2847985347985348 0.22489539748953974 0.3974358974358974 0.4497907949790795
0 0.23901098901098902 0.7468619246861925 0.06593406593406594 0.13598326359832635
0 0.36446886446886445 0.7290794979079498 0.06593406593406594 0.13284518828451883
0 0.38644688644688646 0.6830543933054394 0.04395604395604396 0.09100418410041841
0 0.45054945054945056 0.7050209205020921 0.040293040293040296 0.10251046025104603
0 0.47619047619047616 0.7876569037656904 0.06593406593406594 0.12133891213389121
0 0.5412087912087912 0.8556485355648535 0.0521978021978022 0.15481171548117154
0 0.5576923076923077 0.7154811715481172 0.019230769230769232 0.038702928870292884
0 0.565018315018315 0.7792887029288703 0.03663003663003663 0.1098326359832636
0 0.8855311355311355 0.7248953974895398 0.13003663003663005 0.5502092050209205
0 0.7316849816849816 0.7112970711297071 0.12637362637362637 0.5230125523012552
0 0.6108058608058609 0.702928870292887 0.04212454212454213 0.5062761506276151