0 0.7934782608695652 0.3717391304347826 0.23043478260869565 0.3347826086956522
0 0.7380434782608696 0.8456521739130435 0.03260869565217391 0.30543478260869567
0 0.7739130434782608 0.8336956521739131 0.030434782608695653 0.33260869565217394
0 0.8217391304347826 0.6826086956521739 0.014130434782608696 0.06086956521739131
0 0.8315217391304348 0.8260869565217391 0.03152173913043478 0.3467391304347826
0 0.8880434782608696 0.75 0.03152173913043478 0.20217391304347826
0 0.9152173913043479 0.6652173913043479 0.015217391304347827 0.06521739130434782
0 0.9228260869565217 0.8391304347826087 0.03260869565217391 0.3217391304347826
0 0.9826086956521739 0.8228260869565217 0.030434782608695653 0.35434782608695653
0 0.9521739130434783 0.716304347826087 0.010869565217391304 0.11195652173913044
0 0.9326086956521739 0.6815217391304348 0.013043478260869565 0.06304347826086956
0 0.9423913043478261 0.691304347826087 0.005434782608695652 0.03152173913043478