0 0.0050335570469798654 0.13507462686567165 0.010067114093959731 0.1537313432835821
0 0.01174496644295302 0.1328358208955224 0.015100671140939598 0.15522388059701492
0 0.023909395973154363 0.13880597014925372 0.015939597315436243 0.14328358208955225
0 0.040687919463087245 0.12985074626865672 0.026006711409395974 0.16119402985074627
0 0.0549496644295302 0.17761194029850746 0.026006711409395974 0.06567164179104477
0 0.05704697986577181 0.11194029850746269 0.01174496644295302 0.07761194029850746
0 0.06375838926174497 0.09328358208955224 0.006711409395973154 0.022388059701492536
0 0.07130872483221476 0.14402985074626865 0.013422818791946308 0.12985074626865672
0 0.07802013422818792 0.14029850746268657 0.016778523489932886 0.13432835820895522
0 0.08808724832214765 0.12686567164179105 0.010067114093959731 0.09253731343283582
0 0.0964765100671141 0.10820895522388059 0.010067114093959731 0.05223880597014925
0 0.10570469798657718 0.10298507462686567 0.01174496644295302 0.029850746268656716
0 0.18540268456375839 0.058208955223880594 0.031879194630872486 0.04776119402985075
0 0.49580536912751677 0.1253731343283582 0.06795302013422819 0.06119402985074627
0 0.7835570469798657 0.16716417910447762 0.0759228187919463 0.06044776119402985
0 0.7164429530201343 0.15970149253731344 0.03733221476510067 0.027611940298507463
0 0.6828859060402684 0.1417910447761194 0.047818791946308725 0.03805970149253731
0 0.9794463087248322 0.6686567164179105 0.041107382550335574 0.2865671641791045
0 0.9333053691275168 0.6529850746268657 0.047818791946308725 0.25522388059701495