0 0.33289473684210524 0.3099250936329588 0.4942105263157895 0.4396067415730337
0 0.65 0.24578651685393257 0.05105263157894737 0.2612359550561798
0 0.7126315789473684 0.22846441947565543 0.05052631578947368 0.26217228464419473
0 0.7352631578947368 0.24250936329588016 0.07052631578947369 0.28558052434456926
0 0.7884210526315789 0.21629213483146068 0.06 0.2991573033707865
0 0.8207894736842105 0.23642322097378277 0.07394736842105264 0.27668539325842695
0 0.8821052631578947 0.31273408239700373 0.15789473684210525 0.4344569288389513
0 0.9234210526315789 0.2401685393258427 0.11 0.3080524344569288
0 0.3726315789473684 0.7336142322097379 0.05 0.12640449438202248
0 0.4206578947368421 0.8120318352059925 0.04342105263157895 0.22705992509363296
0 0.42328947368421055 0.6879681647940075 0.04342105263157895 0.12874531835205993
0 0.22328947368421054 0.6235955056179775 0.035526315789473684 0.13576779026217228
0 0.4231578947368421 0.5730337078651685 0.037894736842105266 0.08614232209737828
0 0.39026315789473687 0.5720973782771536 0.038421052631578946 0.08426966292134831
0 0.22447368421052633 0.5393258426966292 0.027894736842105264 0.018726591760299626
0 0.3693421052631579 0.8787453183520599 0.046052631578947366 0.19194756554307116
0 0.5676315789473684 0.9040262172284644 0.024736842105263158 0.19194756554307116
0 0.17328947368421052 0.672752808988764 0.03289473684210526 0.16385767790262173
0 0.15947368421052632 0.7523408239700374 0.04473684210526316 0.17790262172284643
0 0.20355263157894737 0.7546816479400749 0.035526315789473684 0.16853932584269662
0 0.2305263157894737 0.8249063670411985 0.039473684210526314 0.17790262172284643
0 0.22447368421052633 0.9344569288389513 0.045789473684210526 0.13108614232209737
0 0.5160526315789473 0.8167134831460674 0.042105263157894736 0.17088014981273408
0 0.47526315789473683 0.8038389513108615 0.03684210526315789 0.18726591760299627
0 0.5526315789473685 0.5533707865168539 0.031578947368421054 0.04681647940074907
0 0.5575 0.6177434456928839 0.04342105263157895 0.16619850187265917
0 0.5257894736842105 0.5463483146067416 0.035789473684210524 0.03277153558052434
0 0.5231578947368422 0.6095505617977528 0.04105263157894737 0.15917602996254682
0 0.4943421052631579 0.6177434456928839 0.038157894736842106 0.17088014981273408
0 0.25092105263157893 0.6154026217228464 0.035526315789473684 0.16151685393258428
0 0.19605263157894737 0.5580524344569289 0.02894736842105263 0.056179775280898875
0 0.10092105263157895 0.8050093632958801 0.038157894736842106 0.1849250936329588