0 0.33752860411899316 0.31466395112016293 0.19250572082379863 0.6293279022403259
0 0.6338672768878718 0.07586558044806517 0.05263157894736842 0.11863543788187372
0 0.5486270022883295 0.10641547861507128 0.018306636155606407 0.164969450101833
0 0.5886727688787186 0.07688391038696538 0.043478260869565216 0.14613034623217921
0 0.6064073226544623 0.04531568228105906 0.016304347826086956 0.06466395112016293
0 0.18678489702517162 0.705193482688391 0.05606407322654462 0.09317718940936863
0 0.2625858123569794 0.7077393075356415 0.08981693363844394 0.08808553971486761
0 0.32694508009153317 0.7204684317718941 0.07751716247139588 0.08859470468431772
0 0.41104118993135014 0.7260692464358453 0.07637299771167048 0.10132382892057026
0 0.15903890160183065 0.7576374745417516 0.06378718535469108 0.12525458248472504
0 0.06521739130434782 0.8009164969450102 0.08867276887871854 0.31873727087576376
0 0.25143020594965676 0.8212830957230143 0.06664759725400457 0.29175152749490835
0 0.15389016018306637 0.8416496945010183 0.07179633867276888 0.29327902240325865
0 0.40989702517162474 0.8533604887983707 0.060068649885583525 0.27036659877800406
0 0.37643020594965676 0.860488798370672 0.06979405034324943 0.2790224032586558
0 0.3100686498855835 0.8564154786150713 0.11298627002288329 0.28665987780040736
0 0.0975400457665904 0.8574338085539714 0.09782608695652174 0.2846232179226069
0 0.20394736842105263 0.8589613034623218 0.10926773455377574 0.2820773930753564
0 0.4653890160183066 0.8630346232179226 0.07980549199084669 0.2739307535641548
0 0.7448512585812357 0.929735234215886 0.06178489702517163 0.14052953156822812
0 0.6390160183066361 0.6537678207739308 0.05606407322654462 0.048879837067209775
0 0.6556064073226545 0.7474541751527495 0.04862700228832952 0.23421588594704684
0 0.9751144164759725 0.7021384928716904 0.04977116704805492 0.14562118126272913
0 0.8649885583524027 0.725050916496945 0.05034324942791762 0.19144602851323828
0 0.8177917620137299 0.879837067209776 0.055491990846681924 0.24032586558044808