0 0.24367088607594936 0.25925925925925924 0.310126582278481 0.5185185185185185
0 0.5316455696202531 0.2791005291005291 0.03375527426160337 0.17592592592592593
0 0.5453586497890295 0.21296296296296297 0.008438818565400843 0.03042328042328042
0 0.5664556962025317 0.32671957671957674 0.039029535864978905 0.2275132275132275
0 0.6118143459915611 0.328042328042328 0.0379746835443038 0.27645502645502645
0 0.6529535864978903 0.29894179894179895 0.03481012658227848 0.26455026455026454
0 0.7162447257383966 0.2791005291005291 0.03375527426160337 0.17063492063492064
0 0.6993670886075949 0.25925925925925924 0.0189873417721519 0.1746031746031746
0 0.7763713080168776 0.27116402116402116 0.023206751054852322 0.14947089947089948
0 0.7964135021097046 0.25 0.02531645569620253 0.12962962962962962
0 0.760548523206751 0.17724867724867724 0.02109704641350211 0.051587301587301584
0 0.7310126582278481 0.1746031746031746 0.013713080168776372 0.0291005291005291
0 0.6856540084388185 0.1746031746031746 0.012658227848101266 0.03439153439153439