0 0.11747572815533981 0.2470059880239521 0.10194174757281553 0.281437125748503
0 0.24951456310679612 0.2657185628742515 0.10922330097087378 0.2597305389221557
0 0.7882330097087379 0.16989520958083834 0.07622330097087378 0.16824850299401195
0 0.7592233009708738 0.3937125748502994 0.06601941747572816 0.05089820359281437
0 0.777252427184466 0.0557185628742515 0.0596019417475728 0.10646706586826347
0 0.051941747572815535 0.7672155688622755 0.10388349514563107 0.4655688622754491
0 0.846116504854369 0.7747005988023952 0.30776699029126214 0.4505988023952096
0 0.5184466019417475 0.7732035928143712 0.07766990291262135 0.4535928143712575
0 0.5932038834951456 0.7208083832335329 0.22718446601941747 0.5583832335329342
0 0.7145631067961165 0.8637724550898204 0.18058252427184465 0.27245508982035926
0 0.6441747572815534 0.719311377245509 0.2650485436893204 0.561377245508982