0 0.34759671746776083 0.19102296450939457 0.05949589683470106 0.13569937369519833
0 0.610052754982415 0.37743215031315247 0.05136576787807744 0.2664613778705637
0 0.49618991793669404 0.8903966597077244 0.047479484173505275 0.03444676409185804
0 0.8130128956623681 0.7593945720250522 0.03311840562719812 0.087160751565762
0 0.7564478311840562 0.7656576200417536 0.03780773739742087 0.11586638830897704
0 0.5867526377491208 0.8481210855949896 0.07297772567409144 0.3037578288100209
0 0.6524032825322391 0.8522964509394572 0.06477139507620164 0.2954070981210856
0 0.6981242672919109 0.8564718162839249 0.043962485345838215 0.2849686847599165
0 0.8475967174677609 0.8528183716075156 0.0697538100820633 0.29436325678496866
0 0.9334701055099648 0.8543841336116911 0.09261430246189918 0.2907098121085595
0 0.8830597889800703 0.8590814196242171 0.04337631887456037 0.2818371607515658
0 0.7904454865181711 0.8663883089770354 0.07561547479484174 0.267223382045929
0 0.7180539273153576 0.872651356993737 0.07444314185228605 0.2546972860125261