0 0.12287234042553191 0.19706994328922495 0.24574468085106382 0.32419659735349715
0 0.7239361702127659 0.11153119092627599 0.10851063829787234 0.18147448015122875
0 0.3553191489361702 0.3742911153119093 0.0425531914893617 0.030245746691871456
0 0.41476063829787235 0.779773156899811 0.04920212765957447 0.21739130434782608
0 0.44122340425531914 0.888468809073724 0.054787234042553194 0.22306238185255198
0 0.026329787234042553 0.9688090737240076 0.05159574468085106 0.062381852551984876
0 0.1488031914893617 0.5966446124763705 0.05452127659574468 0.19612476370510398
0 0.11555851063829788 0.5706521739130435 0.041223404255319146 0.2008506616257089
0 0.1199468085106383 0.43100189035916825 0.05053191489361702 0.14366729678638943
0 0.06768617021276596 0.4926748582230624 0.03590425531914894 0.10160680529300567
0 0.10398936170212766 0.8946124763705104 0.05053191489361702 0.2107750472589792
0 0.45851063829787236 0.39792060491493386 0.036170212765957444 0.07750472589792061
0 0.1946808510638298 0.44305293005671076 0.0425531914893617 0.15359168241965973
0 0.16063829787234044 0.43950850661625707 0.03829787234042553 0.16068052930056712
0 0.2531914893617021 0.9593572778827977 0.06382978723404255 0.08128544423440454
0 0.2844414893617021 0.5588374291115312 0.04654255319148936 0.19612476370510398
0 0.2578457446808511 0.4607750472589792 0.04654255319148936 0.20321361058601134
0 0.9585106382978723 0.8241965973534972 0.03829787234042553 0.09262759924385633