0 0.4245513866231648 0.4601449275362319 0.022430668841761828 0.06521739130434782
0 0.40008156606851547 0.4623188405797101 0.01835236541598695 0.06159420289855073
0 0.1627243066884176 0.48768115942028983 0.01835236541598695 0.04782608695652174
0 0.2544861337683524 0.48478260869565215 0.010603588907014683 0.03840579710144928
0 0.24429037520391517 0.48768115942028983 0.009380097879282219 0.03260869565217391
0 0.45840130505709625 0.45362318840579713 0.0024469820554649264 0.013768115942028985
0 0.4535073409461664 0.4543478260869565 0.004078303425774877 0.011594202898550725
0 0.7104404567699837 0.45 0.11786296900489396 0.41739130434782606
0 0.03303425774877651 0.7086956521739131 0.020391517128874388 0.09855072463768116
0 0.8123980424143556 0.8188405797101449 0.030179445350734094 0.08478260869565217
0 0.7720228384991843 0.8340579710144927 0.024469820554649267 0.09420289855072464
0 0.8446166394779772 0.841304347826087 0.06688417618270799 0.11666666666666667