0 0.11131578947368422 0.2406367041198502 0.20894736842105263 0.45692883895131087
0 0.7060526315789474 0.41198501872659177 0.05105263157894737 0.11423220973782772
0 0.8271052631578948 0.05711610486891386 0.05421052631578947 0.11423220973782772
0 0.7942105263157895 0.04541198501872659 0.04105263157894737 0.09082397003745318
0 0.9402631578947368 0.04868913857677903 0.05631578947368421 0.09737827715355805
0 0.9292105263157895 0.4133895131086142 0.07105263157894737 0.11142322097378277
0 0.783157894736842 0.3237359550561798 0.05 0.23174157303370788
0 0.4478947368421053 0.225187265917603 0.035789473684210524 0.22752808988764045
0 0.5889473684210527 0.04073033707865169 0.04631578947368421 0.08146067415730338
0 0.24184210526315789 0.6671348314606742 0.07342105263157894 0.2102059925093633
0 0.028157894736842104 0.7364232209737828 0.05631578947368421 0.31179775280898875
0 0.10552631578947369 0.7813670411985019 0.2081578947368421 0.43679775280898875
0 0.2831578947368421 0.724250936329588 0.11078947368421052 0.19241573033707865
0 0.365 0.7125468164794008 0.13 0.2720037453183521