0 0.2268464243845252 0.2792275574112735 0.15562719812426729 0.4201461377870564
0 0.11987104337631888 0.19102296450939457 0.06477139507620164 0.38204592901878914
0 0.7555685814771395 0.22390396659707723 0.05568581477139507 0.1409185803757829
0 0.8090562719812426 0.3113256784968685 0.04835873388042204 0.2531315240083507
0 0.8119871043376319 0.17301670146137788 0.04835873388042204 0.14352818371607515
0 0.5511430246189918 0.058194154488517745 0.03077373974208675 0.1069937369519833
0 0.5892438452520515 0.10125260960334029 0.039566236811254395 0.151356993736952
0 0.5548065650644783 0.030793319415448852 0.03223915592028136 0.061586638830897704
0 0.8118405627198124 0.04645093945720251 0.04220398593200469 0.09290187891440502
0 0.7752051582649473 0.04540709812108559 0.04279015240328253 0.09081419624217119
0 0.5905627198124267 0.008872651356993737 0.031066822977725676 0.017745302713987474
0 0.7517584994138335 0.38413361169102295 0.050996483001172335 0.21085594989561587
0 0.9794841735052755 0.39822546972860123 0.041031652989449004 0.1826722338204593
0 0.5335580304806565 0.15605427974947808 0.036635404454865184 0.1826722338204593
0 0.5181711606096131 0.24478079331941544 0.049824150058616644 0.19832985386221294
0 0.5672626025791325 0.24739039665970772 0.039566236811254395 0.18789144050104384
0 0.597303634232122 0.325678496868476 0.043962485345838215 0.19832985386221294
0 0.5905627198124267 0.4321503131524008 0.050996483001172335 0.11482254697286012
0 0.9152989449003517 0.31654488517745305 0.04689331770222743 0.19050104384133612
0 0.8698710433763188 0.30219206680584554 0.041031652989449004 0.20876826722338204
0 0.9560375146541618 0.024530271398747392 0.035169988276670575 0.049060542797494784
0 0.9614595545134819 0.09472860125260961 0.04835873388042204 0.18528183716075156
0 0.9261430246189918 0.016701461377870562 0.03985932004689332 0.033402922755741124
0 0.9232121922626025 0.087160751565762 0.04572098475967175 0.174321503131524
0 0.8909730363423212 0.09498956158663883 0.04220398593200469 0.18997912317327767
0 0.6200175849941383 0.09211899791231733 0.039566236811254395 0.18006263048016702
0 0.2268464243845252 0.6983298538622129 0.2825322391559203 0.17379958246346555
0 0.8710433763188745 0.8251565762004175 0.25791324736225085 0.3496868475991649
0 0.6617819460726846 0.7656576200417536 0.3645955451348183 0.46868475991649267