0 0.2090311004784689 0.2712765957446808 0.23026315789473684 0.37659574468085105
0 0.3256578947368421 0.37127659574468086 0.24820574162679426 0.2574468085106383
0 0.8480861244019139 0.030851063829787233 0.04784688995215311 0.06170212765957447
0 0.9147727272727273 0.43936170212765957 0.05562200956937799 0.12127659574468085
0 0.6158791866028708 0.2949468085106383 0.06130382775119617 0.22074468085106383
0 0.5784988038277512 0.2656914893617021 0.046351674641148324 0.22606382978723405
0 0.583732057416268 0.09946808510638298 0.056818181818181816 0.18085106382978725
0 0.524671052631579 0.1779255319148936 0.04037081339712919 0.11436170212765957
0 0.9641148325358851 0.0574468085106383 0.04066985645933014 0.1148936170212766
0 0.6674641148325359 0.12207446808510639 0.04784688995215311 0.17287234042553193
0 0.6293361244019139 0.1127659574468085 0.04336124401913875 0.19148936170212766
0 0.7683911483253588 0.2523936170212766 0.05233253588516747 0.22074468085106383
0 0.7384868421052632 0.14202127659574468 0.05233253588516747 0.22872340425531915
0 0.24043062200956938 0.7351063829787234 0.18241626794258373 0.4430851063829787