0 0.04712112982074959 0.1471014492753623 0.027159152634437807 0.08574879227053141
0 0.07115697990222705 0.1471014492753623 0.03136882129277566 0.07536231884057971
0 0.08731667571971755 0.15193236714975844 0.013579576317218903 0.05555555555555555
0 0.006789788158609452 0.1683574879227053 0.013579576317218903 0.13333333333333333
0 0.232753938077132 0.15193236714975844 0.049158066268332426 0.05289855072463768
0 0.28666485605649106 0.12608695652173912 0.06273764258555133 0.10966183574879228
0 0.3231939163498099 0.1280193236714976 0.03978815860945138 0.10289855072463767
0 0.9622487778381315 0.4026570048309179 0.026072786529060293 0.03429951690821256
0 0.8883758826724606 0.39371980676328505 0.03910917979359044 0.05217391304347826
0 0.5977729494839761 0.7756038647342995 0.1955458989679522 0.4132850241545894
0 0.7437533948940793 0.7990338164251207 0.3242802824551874 0.40193236714975844
0 0.7002987506789788 0.7632850241545893 0.19147202607278652 0.37270531400966184