0 0.2747603833865815 0.43610223642172524 0.02875399361022364 0.07348242811501597
0 0.26038338658146964 0.4145367412140575 0.019169329073482427 0.027156549520766772
0 0.24201277955271566 0.41613418530351437 0.01437699680511182 0.03035143769968051
0 0.31629392971246006 0.4329073482428115 0.019169329073482427 0.0670926517571885
0 0.33626198083067094 0.43849840255591055 0.03354632587859425 0.09105431309904154
0 0.41613418530351437 0.48242811501597443 0.06869009584664537 0.18849840255591055
0 0.7196485623003195 0.28674121405750796 0.14536741214057508 0.268370607028754
0 0.1645367412140575 0.8226837060702875 0.329073482428115 0.3546325878594249
0 0.9169329073482428 0.6461661341853036 0.16613418530351437 0.09424920127795527
0 0.7284345047923323 0.8746006389776357 0.25559105431309903 0.2507987220447284
0 0.5583067092651757 0.799520766773163 0.11661341853035144 0.4009584664536741