0 0.0055 0.2604166666666667 0.011 0.08173076923076923
0 0.09272000000000002 0.8524679487179488 0.03325999999999999 0.1273076923076924
0 0.17103999999999997 0.9152403846153846 0.036569999999999936 0.11751602564102552
0 0.008 0.6490384615384616 0.016 0.08012820512820513
0 0.19132000000000005 0.8115224358974359 0.030460000000000036 0.08102564102564094
0 0.22659000000000004 0.8035096153846154 0.04009999999999991 0.06499999999999992
0 0.23102999999999999 0.8671634615384616 0.048779999999999976 0.07834935897435913
0 0.27909 0.6263301282051282 0.01623000000000002 0.06677884615384609
0 0.27991999999999995 0.686875 0.0301099999999999 0.061426282051282116
0 0.31825 0.6365705128205129 0.011240000000000009 0.07657051282051278
0 0.29963999999999996 0.6428044871794872 0.014009999999999991 0.08368589743589748
0 0.29630999999999996 0.6187660256410257 0.014009999999999991 0.06943910256410263
0 0.34325 0.7078044871794872 0.04013000000000011 0.04985576923076925
0 0.32935000000000003 0.7291666666666666 0.043200000000000044 0.0712179487179488
0 0.35075 0.7643269230769231 0.038460000000000036 0.059647435897435944
0 0.37685 0.8168589743589744 0.032910000000000085 0.07211538461538461
0 0.405 0.6786858974358975 0.01 0.05608974358974359
0 0.3975 0.6394230769230769 0.025 0.038461538461538464
0 0.4065 0.624198717948718 0.007 0.04006410256410257
0 0.34379999999999994 0.5217307692307692 0.02124000000000001 0.053413461538461604
0 0.32464 0.5092628205128205 0.02290000000000009 0.0569871794871794
0 0.683 0.7395833333333334 0.5455 0.5208333333333334