0 0.29513064133016625 0.1649048625792812 0.3087885985748218 0.3298097251585624
0 0.5273159144893111 0.2949260042283298 0.05463182897862233 0.06976744186046512
0 0.8243764845605701 0.1767970401691332 0.06086698337292162 0.21934460887949261
0 0.8614904988123515 0.14772727272727273 0.04602137767220903 0.22463002114164904
0 0.8559976247030879 0.035940803382663845 0.05641330166270784 0.07188160676532769
0 0.9149346793349169 0.06051797040169133 0.04008313539192399 0.11363636363636363
0 0.7731591448931117 0.045454545454545456 0.047505938242280284 0.09090909090909091
0 0.8108669833729216 0.045454545454545456 0.04334916864608076 0.09090909090909091
0 0.7024940617577197 0.06923890063424948 0.052256532066508314 0.13847780126849896
0 0.6484560570071259 0.11601479915433403 0.050475059382422804 0.21934460887949261
0 0.7416864608076009 0.7135306553911205 0.1989311163895487 0.572938689217759
0 0.9287410926365796 0.7019027484143763 0.1422209026128266 0.5961945031712473