0 0.0536480686695279 0.21949404761904762 0.1072961373390558 0.43898809523809523
0 0.73068669527897 0.4055059523809524 0.04935622317596566 0.06696428571428571
0 0.8868025751072961 0.40848214285714285 0.08261802575107297 0.06101190476190476
0 0.8218884120171673 0.4010416666666667 0.04935622317596566 0.07589285714285714
0 0.7757510729613734 0.4055059523809524 0.0407725321888412 0.06696428571428571
0 0.2446351931330472 0.5126488095238095 0.06866952789699571 0.14136904761904762
0 0.34227467811158796 0.5297619047619048 0.0944206008583691 0.18154761904761904
0 0.05686695278969957 0.7194940476190477 0.11373390557939914 0.5610119047619048
0 0.15718884120171675 0.7194940476190477 0.1555793991416309 0.5610119047619048
0 0.21995708154506438 0.7447916666666666 0.16738197424892703 0.5104166666666666
0 0.32349785407725323 0.7604166666666666 0.13197424892703863 0.4791666666666667
0 0.7526824034334764 0.7194940476190477 0.4946351931330472 0.5610119047619048