0 0.3618421052631579 0.2397003745318352 0.15368421052631578 0.19054307116104868
0 0.6378947368421053 0.08941947565543071 0.05 0.12640449438202248
0 0.5898684210526316 0.1678370786516854 0.04342105263157895 0.22705992509363296
0 0.5871052631578947 0.05383895131086142 0.04368421052631579 0.10767790262172285
0 0.6411842105263158 0.2345505617977528 0.046052631578947366 0.19194756554307116
0 0.6323684210526316 0.46441947565543074 0.039473684210526314 0.07116104868913857
0 0.8371052631578947 0.0552434456928839 0.03315789473684211 0.1104868913857678
0 0.49447368421052634 0.1725187265917603 0.042105263157894736 0.17088014981273408
0 0.5352631578947369 0.1596441947565543 0.03684210526315789 0.18726591760299627
0 0.48710526315789476 0.02247191011235955 0.04052631578947368 0.0449438202247191
0 0.5160526315789473 0.02949438202247191 0.038421052631578946 0.05898876404494382
0 0.8589473684210527 0.10346441947565543 0.042105263157894736 0.18258426966292135
0 0.9010526315789473 0.20060861423220974 0.04736842105263158 0.1989700374531835
0 0.7521052631578947 0.06320224719101124 0.031578947368421054 0.12640449438202248
0 0.7905263157894736 0.05290262172284644 0.042105263157894736 0.10580524344569288
0 0.7957894736842105 0.15262172284644196 0.042105263157894736 0.1544943820224719
0 0.779342105263158 0.27668539325842695 0.05131578947368421 0.15917602996254682
0 0.7639473684210526 0.4058988764044944 0.04473684210526316 0.18820224719101122
0 0.47657894736842105 0.33941947565543074 0.03315789473684211 0.21067415730337077
0 0.5714473684210526 0.38202247191011235 0.046052631578947366 0.21067415730337077
0 0.3136842105263158 0.6294007490636705 0.026405263157894775 0.1503277153558053
0 0.6778947368421052 0.7598314606741573 0.09894736842105263 0.4241573033707865
0 0.7986842105263158 0.7443820224719101 0.07263157894736842 0.3693820224719101
0 0.5936842105263158 0.7696629213483146 0.10078947368421053 0.4049625468164794
0 0.5297368421052632 0.7743445692883895 0.09026315789473684 0.38295880149812733
0 0.7418421052631579 0.7584269662921348 0.07263157894736842 0.3904494382022472