0 0.4646017699115044 0.2411504424778761 0.018805309734513276 0.07079646017699115
0 0.43860619469026546 0.2411504424778761 0.02820796460176991 0.07411504424778761
0 0.44966814159292035 0.24557522123893805 0.010508849557522125 0.05752212389380531
0 0.4485619469026549 0.2721238938053097 0.1426991150442478 0.2743362831858407
0 0.288716814159292 0.252212389380531 0.17920353982300885 0.3141592920353982
0 0.1426991150442478 0.23893805309734514 0.22898230088495575 0.3407079646017699
0 0.7179203539823009 0.20464601769911506 0.334070796460177 0.4092920353982301
0 0.030973451327433628 0.8263274336283186 0.061946902654867256 0.3473451327433628
0 0.46626106194690264 0.6404867256637168 0.10730088495575221 0.46238938053097345
0 0.3008849557522124 0.8230088495575221 0.18584070796460178 0.35398230088495575
0 0.45353982300884954 0.8539823008849557 0.13274336283185842 0.2920353982300885
0 0.19524336283185842 0.6150442477876106 0.13163716814159293 0.41150442477876104
0 0.0420353982300885 0.577433628318584 0.084070796460177 0.336283185840708
0 0.06360619469026549 0.7057522123893806 0.12721238938053098 0.588495575221239
0 0.18141592920353983 0.8285398230088495 0.10176991150442478 0.34292035398230086
0 0.3622787610619469 0.7046460176991151 0.1426991150442478 0.5907079646017699
0 0.3019911504424779 0.540929203539823 0.12168141592920353 0.26327433628318586
0 0.4092920353982301 0.497787610619469 0.10619469026548672 0.17699115044247787
0 0.0868362831858407 0.8716814159292036 0.11836283185840708 0.25663716814159293
0 0.5022123893805309 0.6371681415929203 0.035398230088495575 0.4557522123893805
0 0.14878318584070796 0.47676991150442477 0.06084070796460177 0.13495575221238937
0 0.769358407079646 0.7610619469026548 0.4413716814159292 0.4778761061946903