0 0.21192443919716647 0.34611344537815125 0.018890200708382526 0.14968487394957983
0 0.16883116883116883 0.40388655462184875 0.02243211334120425 0.11502100840336134
0 0.1590909090909091 0.3272058823529412 0.017119244391971666 0.13813025210084034
0 0.15053128689492326 0.3319327731092437 0.015348288075560802 0.13813025210084034
0 0.13400236127508855 0.3319327731092437 0.015348288075560802 0.11502100840336134
0 0.11894923258559623 0.3245798319327731 0.015938606847697757 0.11974789915966387
0 0.1012396694214876 0.32142857142857145 0.015938606847697757 0.12342436974789917
0 0.08116883116883117 0.3130252100840336 0.017119244391971666 0.12657563025210083
0 0.06552538370720189 0.30304621848739494 0.011806375442739079 0.11659663865546219
0 0.7742030696576151 0.09191176470588236 0.04073199527744982 0.13130252100840337
0 0.45838252656434475 0.7746848739495799 0.3969893742621015 0.45063025210084034
0 0.5962219598583235 0.6775210084033614 0.6024203069657615 0.2557773109243697
0 0.9200118063754428 0.6664915966386554 0.11953955135773317 0.1213235294117647