0 0.23891891891891892 0.24134615384615385 0.16108108108108107 0.23653846153846153
0 0.16837837837837838 0.10961538461538461 0.06648648648648649 0.09086538461538461
0 0.18054054054054053 0.04567307692307692 0.045675675675675674 0.09086538461538461
0 0.13945945945945945 0.11346153846153846 0.054864864864864867 0.1485576923076923
0 0.12027027027027028 0.06394230769230769 0.07621621621621621 0.12788461538461537
0 0.10027027027027027 0.057692307692307696 0.032972972972972976 0.11538461538461539
0 0.09162162162162162 0.04326923076923077 0.06378378378378378 0.08653846153846154
0 0.05945945945945946 0.07019230769230769 0.044054054054054055 0.10432692307692308
0 0.030810810810810812 0.08990384615384615 0.04972972972972973 0.1798076923076923
0 0.6248648648648648 0.04903846153846154 0.05675675675675676 0.04567307692307692
0 0.6467567567567568 0.04807692307692308 0.036756756756756756 0.040865384615384616
0 0.6975675675675675 0.05096153846153846 0.05162162162162162 0.04903846153846154
0 0.17360540540540545 0.6275961538461539 0.08901081081081084 0.40520192307692304
0 0.6624324324324324 0.7360576923076924 0.4727027027027027 0.2875