0 0.34755535055350556 0.11485239852398524 0.012569188191881919 0.03567035670356704
0 0.3558579335793358 0.11300738007380073 0.00841789667896679 0.03936039360393604
0 0.6369926199261993 0.3448646986469865 0.03044280442804428 0.09763222632226322
0 0.8583948339483395 0.2785977859778598 0.02686808118081181 0.09455719557195572
0 0.8442112546125461 0.22924354243542436 0.02548431734317343 0.09978474784747847
0 0.8134225092250923 0.03167281672816728 0.02617619926199262 0.059501845018450183
0 0.8139990774907749 0.013530135301353014 0.02790590405904059 0.02706027060270603
0 0.6607472324723247 0.0996309963099631 0.02686808118081181 0.05734932349323493
0 0.6865774907749077 0.13514760147601476 0.023408671586715866 0.10301353013530136
0 0.6880765682656826 0.07887453874538745 0.023408671586715866 0.05842558425584256
0 0.580950184501845 0.007841328413284132 0.014990774907749077 0.015682656826568265
0 0.6590175276752768 0.16543665436654367 0.024792435424354244 0.08702337023370234
0 0.663630073800738 0.3024292742927429 0.021217712177121772 0.09763222632226322
0 0.553390221402214 0.07195571955719557 0.01775830258302583 0.07426199261992619
0 0.7380073800738007 0.13730012300123 0.02271678966789668 0.07749077490774908
0 0.7159824723247232 0.13145756457564575 0.019833948339483393 0.08502460024600246
0 0.7431964944649446 0.01107011070110701 0.019257380073800737 0.02214022140221402
0 0.7419280442804428 0.041666666666666664 0.02190959409594096 0.07533825338253383
0 0.7262453874538746 0.0470479704797048 0.020525830258302583 0.07749077490774908
0 0.8920664206642066 0.021063960639606395 0.016489852398523984 0.04212792127921279
0 0.5654981549815498 0.016297662976629768 0.015682656826568265 0.032595325953259535
0 0.9844326568265682 0.24661746617466174 0.03113468634686347 0.10070725707257072
0 0.5982472324723247 0.01460639606396064 0.017066420664206643 0.02921279212792128
0 0.6748154981549815 0.03228782287822878 0.021217712177121772 0.06457564575645756
0 0.922739852398524 0.026906519065190652 0.017066420664206643 0.053813038130381304
0 0.9418819188191881 0.029059040590405903 0.021217712177121772 0.058118081180811805
0 0.6992619926199262 0.03582410824108241 0.02214022140221402 0.07164821648216482
0 0.7843634686346863 0.22924354243542436 0.027675276752767528 0.11254612546125461
0 0.8683118081180812 0.07041820418204182 0.024100553505535055 0.07964329643296433
0 0.9946955719557196 0.1491389913899139 0.010608856088560886 0.08302583025830258
0 0.9806273062730627 0.14852398523985239 0.024792435424354244 0.08702337023370234
0 0.9749769372693727 0.10977859778597786 0.02617619926199262 0.07964329643296433
0 0.9501845018450185 0.11239237392373924 0.023408671586715866 0.07426199261992619
0 0.9274677121771218 0.15436654366543665 0.024792435424354244 0.07749077490774908
0 0.5417435424354243 0.10593480934809348 0.02271678966789668 0.08287207872078721
0 0.5190267527675276 0.15006150061500614 0.02548431734317343 0.09025215252152521
0 0.5990544280442804 0.07995079950799508 0.01695110701107011 0.07333948339483395
0 0.5785285977859779 0.07472324723247233 0.02271678966789668 0.06472939729397294
0 0.5757610701107011 0.1282287822878229 0.02271678966789668 0.07011070110701106
0 0.584640221402214 0.18450184501845018 0.027675276752767528 0.07226322263222633
0 0.5927121771217713 0.2493849938499385 0.024100553505535055 0.09763222632226322
0 0.7687961254612546 0.07564575645756458 0.019142066420664208 0.07533825338253383
0 0.7729474169741697 0.030596555965559654 0.019257380073800737 0.06119311193111931
0 0.7514990774907749 0.21325338253382534 0.02548431734317343 0.09563345633456334
0 0.6964944649446494 0.23231857318573185 0.024792435424354244 0.09563345633456334
0 0.3308348708487085 0.9635608856088561 0.027444649446494464 0.07287822878228782
0 0.4137453874538745 0.847939729397294 0.01775830258302583 0.08517835178351783
0 0.06884225092250923 0.7350861008610086 0.012453874538745387 0.04366543665436654
0 0.0856780442804428 0.7367773677736777 0.023062730627306273 0.04028290282902829
0 0.345479704797048 0.5470479704797048 0.01429889298892989 0.046125461254612546
0 0.8050046125461254 0.7118696186961869 0.02617619926199262 0.10193726937269372
0 0.891489852398524 0.7321648216482165 0.022486162361623617 0.06411439114391145
0 0.753459409594096 0.7392373923739237 0.03736162361623616 0.12699876998769988
0 0.6316881918819188 0.7403136531365314 0.029289667896678966 0.10070725707257072
0 0.6979935424354243 0.7406211562115621 0.036093173431734314 0.1256150061500615
0 0.7384686346863468 0.7412361623616236 0.015682656826568265 0.041820418204182044
0 0.827260147601476 0.8196494464944649 0.07011070110701106 0.3607011070110701
0 0.5571955719557196 0.8408671586715867 0.0544280442804428 0.3181119311193112
0 0.8691190036900369 0.8388683886838868 0.07622232472324723 0.32226322263222634
0 0.6610931734317343 0.8456334563345633 0.07380073800738007 0.3087330873308733
0 0.9290821033210332 0.852091020910209 0.06976476014760148 0.2958179581795818
0 0.5951337638376384 0.8513222632226323 0.0724169741697417 0.29720172201722017
0 0.7803274907749077 0.852091020910209 0.04970018450184502 0.2958179581795818
0 0.7262453874538746 0.8533210332103321 0.06872693726937269 0.2933579335793358
0 0.5217942804428044 0.8642373923739237 0.06388376383763837 0.2715252152521525