0 0.3621987951807229 0.3538374717832957 0.37123493975903615 0.3510158013544018
0 0.7748493975903614 0.36738148984198643 0.3509036144578313 0.3239277652370203
0 0.7168674698795181 0.29683972911963885 0.23493975903614459 0.4040632054176072
0 0.42093373493975905 0.613431151241535 0.2033132530120482 0.16817155756207675
0 0.23644578313253012 0.7562076749435666 0.1746987951807229 0.45372460496614
0 0.41792168674698793 0.7686230248306998 0.1430722891566265 0.3656884875846501
0 0.28539156626506024 0.8098194130925508 0.14909638554216867 0.3577878103837472
0 0.10391566265060241 0.7646726862302483 0.20783132530120482 0.4706546275395034
0 0.4608433734939759 0.7646726862302483 0.27710843373493976 0.4706546275395034
0 0.8855421686746988 0.7121896162528216 0.08509036144578314 0.10214446952595936
0 0.8283132530120482 0.7217832957110609 0.011295180722891566 0.039503386004514675