0 0.1828042328042328 0.1445386064030132 0.26322751322751325 0.2890772128060264
0 0.6817460317460318 0.035781544256120526 0.05026455026455026 0.07156308851224105
0 0.7301587301587301 0.10028248587570622 0.04338624338624339 0.20056497175141244
0 0.7328042328042328 0.013182674199623353 0.04338624338624339 0.026365348399246705
0 0.6787037037037037 0.153954802259887 0.046296296296296294 0.19303201506591336
0 0.5119047619047619 0.05696798493408663 0.035449735449735446 0.11393596986817325
0 0.5391534391534392 0.09981167608286252 0.03968253968253968 0.17890772128060264
0 0.8261904761904761 0.09157250470809793 0.042328042328042326 0.17184557438794726
0 0.7851851851851852 0.08615819209039548 0.037037037037037035 0.17231638418079095
0 0.5462962962962963 0.2274011299435028 0.051322751322751325 0.12335216572504708
0 0.9126984126984127 0.2297551789077213 0.05185185185185185 0.11864406779661017
0 0.8407407407407408 0.2330508474576271 0.0582010582010582 0.1120527306967985
0 0.7513227513227513 0.2589453860640301 0.05714285714285714 0.060263653483992465
0 0.4234126984126984 0.10216572504708098 0.046296296296296294 0.18832391713747645
0 0.43703703703703706 0.05555555555555555 0.047619047619047616 0.1111111111111111
0 0.593915343915344 0.8559322033898306 0.08941798941798942 0.1643126177024482