0 0.2132596685082873 0.24656188605108054 0.34088397790055247 0.35412573673870335
0 0.708011049723757 0.22986247544204322 0.5762430939226519 0.45972495088408644
0 0.24530386740331492 0.7323182711198428 0.3011049723756906 0.10265225933202357
0 0.6546961325966851 0.5928290766208252 0.052486187845303865 0.13261296660117877
0 0.5165745856353591 0.5780943025540275 0.04143646408839779 0.18664047151277013
0 0.5469613259668509 0.5707269155206287 0.049723756906077346 0.18172888015717092
0 0.5842541436464088 0.5510805500982319 0.049723756906077346 0.18172888015717092
0 0.8100828729281768 0.7229862475442044 0.05386740331491713 0.2013752455795678
0 0.8225138121546961 0.5744106090373281 0.04281767955801105 0.1743614931237721
0 0.7823204419889502 0.5383104125736738 0.03425414364640884 0.15717092337917485
0 0.8781767955801105 0.5348722986247544 0.04696132596685083 0.15029469548133595
0 0.6323204419889503 0.949901768172888 0.052486187845303865 0.10019646365422397
0 0.4592541436464088 0.6591355599214146 0.04834254143646409 0.21611001964636542
0 0.48535911602209947 0.9670923379174853 0.05911602209944752 0.06581532416502947
0 0.6022099447513812 0.6677308447937131 0.052486187845303865 0.23330058939096268
0 0.6104972375690608 0.7364931237721022 0.06077348066298342 0.23330058939096268
0 0.8252762430939227 0.6198428290766208 0.04005524861878453 0.16699410609037327