0 0.08934859154929578 0.09717868338557993 0.04753521126760563 0.15203761755485892
0 0.24779929577464788 0.14890282131661442 0.3573943661971831 0.25940438871473354
0 0.04005281690140845 0.17163009404388715 0.0801056338028169 0.2139498432601881
0 0.23591549295774647 0.670846394984326 0.06338028169014084 0.30407523510971785
0 0.4005281690140845 0.7296238244514106 0.07746478873239436 0.38087774294670845
0 0.12455985915492958 0.45141065830721006 0.0448943661971831 0.12852664576802508
0 0.1932218309859155 0.3550156739811912 0.05017605633802817 0.1238244514106583
0 0.664612676056338 0.4835423197492163 0.03169014084507042 0.20532915360501566
0 0.769806338028169 0.6332288401253918 0.06073943661971831 0.25705329153605017
0 0.738556338028169 0.384012539184953 0.022887323943661973 0.1536050156739812
0 0.7517605633802817 0.5297805642633229 0.045774647887323945 0.20689655172413793
0 0.6980633802816901 0.4153605015673981 0.028169014084507043 0.10344827586206896