0 0.21488062187673515 0.21495557749259625 0.4297612437534703 0.4299111549851925
0 0.4458634092171016 0.42127344521224086 0.020544142143253747 0.017275419545903257
0 0.4611327040533037 0.42102665350444224 0.016102165463631316 0.017769002961500493
0 0.5051360355358134 0.42324777887462983 0.023042754025541366 0.01332675222112537
0 0.5191560244308717 0.42226061204343535 0.01110494169905608 0.015301085883514315
0 0.5369239311493614 0.41806515301085884 0.0138811771238201 0.023692003948667325
0 0.5556635202665186 0.4247285291214215 0.014158800666296502 0.010365251727541954
0 0.17726263187118269 0.7149555774925962 0.35452526374236537 0.5700888450148075
0 0.8806218767351471 0.7388943731490621 0.23875624652970573 0.5222112537018756
0 0.6399222654081066 0.7063178677196447 0.25471960022209883 0.4634748272458045
0 0.4882009994447529 0.6764560710760118 0.11687951138256523 0.31836130306021715