0 0.2412568306010929 0.20679611650485438 0.04207650273224044 0.07281553398058252
0 0.46967213114754097 0.9048543689320389 0.058469945355191254 0.19029126213592232
0 0.04289617486338798 0.7696601941747573 0.05191256830601093 0.21601941747572814
0 0.07021857923497268 0.6567961165048544 0.04918032786885246 0.22815533980582525
0 0.3581967213114754 0.5480582524271844 0.05191256830601093 0.09611650485436893
0 0.5775956284153005 0.5441747572815534 0.053551912568306013 0.0883495145631068
0 0.24918032786885247 0.8327669902912621 0.06284153005464481 0.2111650485436893
0 0.4021857923497268 0.787864077669903 0.05191256830601093 0.24757281553398058
0 0.2718579234972678 0.9339805825242719 0.06939890710382514 0.13203883495145632
0 0.3344262295081967 0.8961165048543689 0.06120218579234973 0.20776699029126214
0 0.8448087431693989 0.75 0.3103825136612022 0.5