0 0.263986013986014 0.3618881118881119 0.0780885780885781 0.2902097902097902
0 0.4370629370629371 0.2928321678321678 0.013986013986013986 0.0472027972027972
0 0.4219114219114219 0.29895104895104896 0.009324009324009324 0.04195804195804196
0 0.506993006993007 0.32167832167832167 0.004662004662004662 0.10139860139860139
0 0.051864801864801864 0.5166083916083916 0.017482517482517484 0.043706293706293704
0 0.8793706293706294 0.3006993006993007 0.03613053613053613 0.10139860139860139
0 0.8152680652680653 0.3006993006993007 0.03613053613053613 0.08041958041958042
0 0.7074592074592074 0.3103146853146853 0.04428904428904429 0.09965034965034965
0 0.0775058275058275 0.7797202797202797 0.155011655011655 0.4405594405594406
0 0.4026806526806527 0.7692307692307693 0.21328671328671328 0.46153846153846156
0 0.21328671328671328 0.7902097902097902 0.23776223776223776 0.4195804195804196