0 0.137987012987013 0.2937538651824366 0.2147495361781076 0.46923314780457637
0 0.5711966604823747 0.34833024118738404 0.3569109461966605 0.38311688311688313
0 0.06423933209647495 0.8132343846629561 0.027597402597402596 0.06771799628942486
0 0.10876623376623376 0.7977736549165121 0.015074211502782932 0.053494124922696354
0 0.1452922077922078 0.826221397649969 0.0187847866419295 0.03432282003710575
0 0.6532931354359925 0.7606679035250464 0.031423933209647495 0.10636982065553494
0 0.5916048237476809 0.7665429808286951 0.03385899814471243 0.11533704390847248
0 0.6764842300556586 0.6212121212121212 0.016349721706864564 0.044681508967223255
0 0.6266233766233766 0.7671614100185529 0.03385899814471243 0.10157699443413729
0 0.6595547309833024 0.6216759431045146 0.015074211502782932 0.04390847247990105
0 0.4744897959183674 0.873222016079159 0.048353432282003714 0.11873840445269017
0 0.5040584415584416 0.8794063079777366 0.04232374768089054 0.0720470006184292
0 0.6958487940630798 0.6048237476808905 0.006609461966604824 0.01437847866419295
0 0.7043135435992579 0.6037414965986394 0.007884972170686457 0.015151515151515152