0 0.3463656387665198 0.26400560224089636 0.08700440528634361 0.3291316526610644
0 0.9862334801762115 0.04131652661064426 0.02753303964757709 0.08263305322128851
0 0.6530837004405287 0.10434173669467788 0.14262114537444934 0.20798319327731093
0 0.8210352422907489 0.22338935574229693 0.2301762114537445 0.32983193277310924
0 0.6161894273127754 0.37184873949579833 0.3436123348017621 0.37324929971988796
0 0.4262114537444934 0.12955182072829133 0.07268722466960352 0.25910364145658266
0 0.11013215859030837 0.7794117647058824 0.22026431718061673 0.4411764705882353
0 0.2670704845814978 0.7794117647058824 0.21916299559471367 0.4411764705882353
0 0.9059030837004405 0.9035014005602241 0.023127753303964757 0.10834733893557424
0 0.884636563876652 0.9147759103641456 0.02036343612334803 0.09512605042016802
0 0.8609251101321587 0.9015546218487396 0.024955947136563718 0.09823529411764705