0 0.2673130193905817 0.16954022988505746 0.027008310249307478 0.027777777777777776
0 0.25346260387811637 0.16091954022988506 0.018005540166204988 0.01053639846743295
0 0.23614958448753462 0.16187739463601533 0.013850415512465374 0.011494252873563218
0 0.3060941828254848 0.1685823754789272 0.018005540166204988 0.02586206896551724
0 0.324792243767313 0.17049808429118773 0.03185595567867036 0.034482758620689655
0 0.4002770083102493 0.1867816091954023 0.06440443213296398 0.07183908045977011
0 0.02077562326869806 0.7155172413793104 0.04155124653739612 0.5689655172413793
0 0.4868421052631579 0.6235632183908046 0.06509695290858726 0.6877394636015326
0 0.2195290858725762 0.7059386973180076 0.12880886426592797 0.5689655172413793
0 0.33518005540166207 0.696360153256705 0.12742382271468145 0.5881226053639846
0 0.09833795013850416 0.6992337164750958 0.13019390581717452 0.5823754789272031
0 0.4549861495844875 0.7126436781609196 0.12880886426592797 0.5708812260536399
0 0.01662049861495845 0.42624521072796934 0.0332409972299169 0.2471264367816092
0 0.08448753462603878 0.3994252873563218 0.10526315789473684 0.23180076628352492
0 0.19667590027700832 0.407088122605364 0.12742382271468145 0.2471264367816092
0 0.30055401662049863 0.42049808429118773 0.0886426592797784 0.22413793103448276
0 0.4113573407202216 0.6264367816091954 0.10526315789473684 0.6360153256704981
0 0.4113573407202216 0.41954022988505746 0.10526315789473684 0.2260536398467433
0 0.9937673130193906 0.6637931034482759 0.012465373961218837 0.2164750957854406
0 0.5831024930747922 0.5268199233716475 0.02008310249307479 0.08045977011494253