0 0.34010416666666665 0.33611111111111114 0.07734375 0.36342592592592593
0 0.3609375 0.5328703703703703 0.0375 0.026851851851851852
0 0.16080729166666666 0.7493055555555556 0.053385416666666664 0.19212962962962962
0 0.12825520833333334 0.7238425925925925 0.040364583333333336 0.19675925925925927
0 0.13255208333333332 0.5884259259259259 0.049479166666666664 0.13796296296296295
0 0.15338541666666666 0.5736111111111111 0.033854166666666664 0.10833333333333334
0 0.18541666666666667 0.5782407407407407 0.0375 0.1175925925925926
0 0.08138020833333333 0.6474537037037037 0.03515625 0.09953703703703703
0 0.2565104166666667 0.7458333333333333 0.052083333333333336 0.19907407407407407
0 0.2674479166666667 0.5814814814814815 0.050520833333333334 0.12407407407407407
0 0.005208333333333333 0.5944444444444444 0.010416666666666666 0.15
0 0.6135416666666667 0.6768518518518518 0.15520833333333334 0.2162037037037037
0 0.8505208333333333 0.8175925925925925 0.09557291666666666 0.1388888888888889