0 0.4376106194690266 0.2623294858342078 0.564306784660767 0.3746065057712487
0 0.8672566371681416 0.2623294858342078 0.14203539823008848 0.3746065057712487
0 0.3893805309734513 0.7227177334732424 0.14646017699115044 0.25236096537250785
0 0.4570796460176991 0.7287513116474291 0.1592920353982301 0.24186778593913955
0 0.5517699115044248 0.7353095487932844 0.09557522123893805 0.2531479538300105
0 0.2902654867256637 0.7476390346274921 0.11386430678466077 0.2775445960125918
0 0.6333333333333333 0.7581322140608604 0.12020648967551623 0.25
0 0.1803834808259587 0.7885624344176285 0.20781710914454277 0.27833158447009443
0 0.6504424778761062 0.8347324239244491 0.13849557522123893 0.3302728226652676
0 0.084070796460177 0.8412906610703043 0.16799410029498524 0.3174186778593914
0 0.8989675516224189 0.8769674711437565 0.0864306784660767 0.24606505771248688
0 0.9190265486725664 0.8835257082896117 0.05221238938053097 0.23294858342077648
0 0.8128731563421829 0.8578698845750262 0.04736283185840706 0.2500944386149002
0 0.7637699115044249 0.8756453305351521 0.059407079646017664 0.21842077649527805
0 0.7237463126843657 0.8562434417628542 0.007964601769911504 0.2193074501573977