0 0.25486270022883295 0.42668024439918534 0.5097254004576659 0.32535641547861505
0 0.7797482837528604 0.395112016293279 0.009439359267734555 0.03054989816700611
0 0.7831807780320366 0.3579429735234216 0.011155606407322655 0.04531568228105906
0 0.6945080091533181 0.42362525458248473 0.011155606407322655 0.032586558044806514
0 0.6610411899313501 0.45773930753564157 0.014588100686498856 0.020875763747454174
0 0.6301487414187643 0.45366598778004075 0.007723112128146453 0.053462321792260695
0 0.6424485125858124 0.46334012219959264 0.017162471395881007 0.06619144602851323
0 0.642162471395881 0.4195519348268839 0.013729977116704805 0.024439918533604887
0 0.6516018306636155 0.3890020366598778 0.016304347826086956 0.03054989816700611
0 0.6267162471395881 0.34979633401221993 0.014588100686498856 0.024439918533604887
0 0.607837528604119 0.35234215885947046 0.011155606407322655 0.025967413441955193
0 0.6741990846681922 0.32484725050916496 0.007723112128146453 0.04378818737270876
0 0.6687643020594966 0.315173116089613 0.008581235697940504 0.037169042769857434
0 0.6344393592677345 0.28105906313645623 0.012013729977116704 0.04378818737270876
0 0.6558924485125858 0.27036659877800406 0.011155606407322655 0.04073319755600815
0 0.6161327231121282 0.26018329938900203 0.009439359267734555 0.035641547861507125
0 0.5903890160183066 0.28105906313645623 0.007723112128146453 0.03054989816700611
0 0.5915331807780321 0.26476578411405294 0.006864988558352402 0.0274949083503055
0 0.596395881006865 0.2606924643584521 0.007723112128146453 0.029022403258655804
0 0.5929633867276888 0.40427698574338083 0.016304347826086956 0.04226069246435845
0 0.6862128146453089 0.35081466395112015 0.009439359267734555 0.020875763747454174
0 0.6939359267734554 0.34928716904276985 0.006864988558352402 0.035641547861507125
0 0.7136727688787186 0.41446028513238287 0.010297482837528604 0.04378818737270876
0 0.7497139588100686 0.42464358452138495 0.019736842105263157 0.037169042769857434
0 0.8040617848970252 0.2973523421588595 0.006006864988558352 0.04226069246435845
0 0.8372425629290617 0.3070264765784114 0.006864988558352402 0.04531568228105906
0 0.8658466819221968 0.26883910386965376 0.005148741418764302 0.04378818737270876
0 0.8724256292906178 0.2861507128309572 0.006006864988558352 0.038696537678207736
0 0.6604691075514875 0.4964358452138493 0.013729977116704805 0.053462321792260695
0 0.7179633867276888 0.3579429735234216 0.013729977116704805 0.04531568228105906
0 0.705091533180778 0.3513238289205703 0.008581235697940504 0.038696537678207736
0 0.7013729977116705 0.37474541751527496 0.012013729977116704 0.024439918533604887
0 0.8135011441647597 0.21945010183299388 0.005148741418764302 0.022912423625254582
0 0.8192219679633868 0.20824847250509165 0.006864988558352402 0.025967413441955193
0 0.835812356979405 0.20672097759674135 0.003432494279176201 0.0274949083503055
0 0.8443935926773455 0.21232179226069248 0.004290617848970252 0.024439918533604887
0 0.8501144164759725 0.20162932790224034 0.003432494279176201 0.025967413441955193
0 0.857837528604119 0.20315682281059064 0.006864988558352402 0.025967413441955193
0 0.7969107551487414 0.21843177189409368 0.007723112128146453 0.025967413441955193
0 0.7963386727688787 0.2479633401221996 0.007723112128146453 0.020875763747454174
0 0.6819221967963387 0.225050916496945 0.005148741418764302 0.029022403258655804
0 0.6910755148741419 0.21232179226069248 0.006864988558352402 0.03054989816700611
0 0.6896453089244852 0.24439918533604887 0.006006864988558352 0.037169042769857434
0 0.6979405034324943 0.2505091649694501 0.005148741418764302 0.038696537678207736
0 0.7193935926773455 0.24032586558044808 0.004290617848970252 0.03054989816700611
0 0.7151029748283753 0.24134419551934827 0.005148741418764302 0.0274949083503055
0 0.704233409610984 0.2510183299389002 0.006006864988558352 0.038696537678207736
0 0.7033752860411899 0.21690427698574338 0.006864988558352402 0.025967413441955193
0 0.7299771167048055 0.22912423625254583 0.004290617848970252 0.03054989816700611
0 0.7368421052631579 0.2265784114052953 0.007723112128146453 0.032586558044806514
0 0.7428489702517163 0.2219959266802444 0.006006864988558352 0.032586558044806514
0 0.7520022883295194 0.21792260692464357 0.006006864988558352 0.037169042769857434
0 0.7577231121281465 0.21843177189409368 0.009439359267734555 0.03054989816700611
0 0.7677345537757437 0.2225050916496945 0.004290617848970252 0.025967413441955193
0 0.7763157894736842 0.21537678207739308 0.005148741418764302 0.0274949083503055
0 0.6381578947368421 0.23319755600814665 0.006006864988558352 0.03054989816700611
0 0.6455949656750573 0.22454175152749492 0.006864988558352402 0.035641547861507125
0 0.6292906178489702 0.23472505091649695 0.008581235697940504 0.029022403258655804
0 0.6301487414187643 0.5595723014256619 0.01887871853546911 0.050407331975560084
0 0.6152745995423341 0.570264765784114 0.013729977116704805 0.038696537678207736
0 0.5863844393592678 0.1425661914460285 0.005148741418764302 0.03054989816700611
0 0.607837528604119 0.13289205702647658 0.007723112128146453 0.024439918533604887
0 0.6207093821510298 0.12067209775967414 0.007723112128146453 0.03411405295315682
0 0.6327231121281465 0.12219959266802444 0.003432494279176201 0.025967413441955193
0 0.6275743707093822 0.12372708757637474 0.006006864988558352 0.03054989816700611
0 0.8415331807780321 0.109979633401222 0.006006864988558352 0.025967413441955193
0 0.6867848970251716 0.10845213849287169 0.007723112128146453 0.017820773930753563
0 0.8072082379862701 0.2505091649694501 0.007723112128146453 0.024439918533604887
0 0.7142448512585813 0.21537678207739308 0.006006864988558352 0.03054989816700611
0 0.659324942791762 0.22606924643584522 0.012013729977116704 0.038696537678207736
0 0.7668764302059496 0.10183299389002037 0.005148741418764302 0.0274949083503055
0 0.8140732265446224 0.10183299389002037 0.004290617848970252 0.022912423625254582
0 0.8097826086956522 0.09979633401221996 0.005148741418764302 0.022912423625254582
0 0.8821510297482837 0.3095723014256619 0.006006864988558352 0.04226069246435845
0 0.9133295194508009 0.3579429735234216 0.007723112128146453 0.04378818737270876
0 0.9219107551487414 0.3594704684317719 0.010297482837528604 0.04531568228105906
0 0.9628146453089245 0.42922606924643586 0.014588100686498856 0.04837067209775967
0 0.937070938215103 0.5142566191446029 0.01887871853546911 0.04073319755600815
0 0.9396453089244852 0.48981670061099797 0.014588100686498856 0.029022403258655804
0 0.9061784897025171 0.554989816700611 0.014588100686498856 0.051934826883910386
0 0.9871281464530892 0.4317718940936864 0.019736842105263157 0.03411405295315682
0 0.9001716247139588 0.26731160896130346 0.008581235697940504 0.032586558044806514
0 0.9053203661327232 0.2780040733197556 0.009439359267734555 0.029022403258655804
0 0.886441647597254 0.2769857433808554 0.007723112128146453 0.035641547861507125
0 0.8770022883295194 0.28105906313645623 0.009439359267734555 0.038696537678207736
0 0.8958810068649885 0.22454175152749492 0.006006864988558352 0.035641547861507125
0 0.9270594965675057 0.14918533604887985 0.004290617848970252 0.032586558044806514
0 0.9096109839816934 0.1369653767820774 0.006006864988558352 0.0274949083503055
0 0.9585240274599542 0.16853360488798372 0.003432494279176201 0.035641547861507125
0 0.9645308924485125 0.17158859470468432 0.006006864988558352 0.035641547861507125
0 0.9688215102974829 0.17718940936863545 0.003432494279176201 0.032586558044806514
0 0.9748283752860412 0.18279022403258655 0.004290617848970252 0.029022403258655804
0 0.9785469107551488 0.18126272912423624 0.006864988558352402 0.032586558044806514
0 0.9562356979405034 0.5580448065173116 0.016304347826086956 0.03411405295315682
0 0.9044622425629291 0.5860488798370672 0.013729977116704805 0.007128309572301426
0 0.9922768878718535 0.3869653767820774 0.014588100686498856 0.04684317718940937
0 0.9116132723112128 0.26629327902240324 0.004290617848970252 0.032586558044806514
0 0.5537757437070938 0.3406313645621181 0.010583524027459955 0.031568228105906315
0 0.5440503432494279 0.3920570264765784 0.014302059496567507 0.04837067209775967
0 0.5366132723112128 0.40224032586558045 0.011441647597254004 0.04786150712830957
0 0.5426201372997712 0.5519348268839104 0.017734553775743706 0.06008146639511202
0 0.5423340961098398 0.5743380855397149 0.020594965675057208 0.03054989816700611
0 0.584096109839817 0.4414460285132383 0.019450800915331808 0.06619144602851323
0 0.5789473684210527 0.4791242362525458 0.01916475972540046 0.05855397148676171
0 0.5143020594965675 0.3940936863543788 0.009153318077803204 0.04684317718940937
0 0.5769450800915332 0.2968431771894094 0.007151029748283753 0.03513238289205703
0 0.5703661327231121 0.29582484725050917 0.010011441647597255 0.03818737270875764
0 0.5826659038901602 0.27189409368635437 0.006864988558352402 0.03971486761710794
0 0.6064073226544623 0.24083503054989816 0.006292906178489702 0.0274949083503055
0 0.6147025171624714 0.2255600814663951 0.005148741418764302 0.0280040733197556
0 0.6504576659038902 0.21384928716904278 0.006006864988558352 0.029531568228105907
0 0.9508009153318078 0.5743380855397149 0.019736842105263157 0.03054989816700611
0 0.17505720823798626 0.7556008146639511 0.3501144164759725 0.319755600814664
0 0.6132723112128147 0.8890020366598778 0.03546910755148741 0.17922606924643583
0 0.6507437070938215 0.920061099796334 0.03032036613272311 0.159877800407332
0 0.6004004576659039 0.9455193482688391 0.02002288329519451 0.09674134419551934