0 0.17885220125786164 0.20740223463687152 0.04874213836477988 0.16550279329608938
0 0.24921383647798742 0.276536312849162 0.09866352201257862 0.40502793296089384
0 0.389937106918239 0.18854748603351956 0.03341194968553459 0.11452513966480447
0 0.3565251572327044 0.22136871508379888 0.049921383647798745 0.19134078212290503
0 0.4481132075471698 0.2988826815642458 0.1069182389937107 0.36033519553072624
0 0.8109276729559748 0.316340782122905 0.09433962264150944 0.22276536312849163
0 0.8781446540880503 0.29608938547486036 0.07468553459119497 0.17667597765363127
0 0.7641509433962265 0.29748603351955305 0.040880503144654086 0.1717877094972067
0 0.6941823899371069 0.28910614525139666 0.06485849056603774 0.11662011173184357
0 0.6635220125786163 0.2918994413407821 0.02358490566037736 0.07332402234636871
0 0.1360062893081761 0.8135474860335196 0.22720125786163523 0.3365921787709497
0 0.5058962264150944 0.8079608938547486 0.16745283018867924 0.33798882681564246
0 0.9367138364779874 0.590782122905028 0.05581761006289308 0.20391061452513967
0 0.9795597484276729 0.6340782122905028 0.040880503144654086 0.1452513966480447