0 0.2121149042464613 0.3458806818181818 0.14779350541215652 0.5269886363636364
0 0.45670274771024144 0.5209517045454546 0.21398834304746045 0.1768465909090909
0 0.7098251457119067 0.4289772727272727 0.15216486261448792 0.36079545454545453
0 0.8709408825978351 0.40269886363636365 0.11740216486261448 0.3504971590909091
0 0.832639467110741 0.08132102272727272 0.07139883430474604 0.16264204545454544
0 0.9773105745212323 0.3039772727272727 0.0451706910907577 0.3806818181818182
0 0.7549958368026645 0.08238636363636363 0.08243130724396336 0.16441761363636365
0 0.5557868442964197 0.0546875 0.04579517069109076 0.109375
0 0.6136552872606161 0.05504261363636364 0.11407160699417153 0.11008522727272728
0 0.9263114071606994 0.06178977272727273 0.0776436303080766 0.12357954545454546
0 0.9718984179850125 0.05539772727272727 0.05620316402997502 0.11079545454545454
0 0.2456286427976686 0.8643465909090909 0.08492922564529559 0.19602272727272727
0 0.11219816819317235 0.8121448863636364 0.08243130724396336 0.296875
0 0.16402997502081598 0.8884943181818182 0.09346378018318069 0.22301136363636365
0 0.1823480432972523 0.7776988636363636 0.07660283097418817 0.18927556818181818
0 0.759029975020816 0.9646235795454546 0.015299750208159867 0.05932528409090907
0 0.7716486261448793 0.9712357954545454 0.012073272273105746 0.05752840909090909
0 0.6583347210657785 0.9013068181818181 0.013805162364696026 0.028607954545454527
0 0.40091590341382183 0.9783380681818182 0.009991673605328892 0.04332386363636364
0 0.3849333888426311 0.94765625 0.008692756036636181 0.043615056818181876
0 0.36332639467110744 0.8048863636363636 0.005620316402997502 0.04905539772727268
0 0.4497626977518734 0.9426278409090909 0.011661115736885925 0.04912642045454551
0 0.42683180682764366 0.966534090909091 0.007739383846794304 0.04563210227272727
0 0.42152373022481265 0.9808238636363636 0.0062447960033305576 0.03835227272727273
0 0.43073688592839304 0.9538707386363636 0.008255620316402968 0.04695312499999993
0 0.4858784346378018 0.961200284090909 0.011340549542048297 0.050958806818181816
0 0.48197751873438804 0.9505397727272729 0.012905911740216486 0.04206676136363638
0 0.4687760199833472 0.9808238636363636 0.009159034138218152 0.03835227272727273
0 0.4785595337218984 0.9825994318181818 0.011240632805995004 0.03480113636363636
0 0.5046086594504581 0.9613991477272728 0.008438800999167353 0.0480823863636364
0 0.5021357202331391 0.9512073863636363 0.009508742714404628 0.05227982954545447
0 0.5101998334721066 0.9163423295454546 0.005861781848459586 0.04469460227272732
0 0.6321273938384679 0.909893465909091 0.009729392173188963 0.04247869318181814
0 0.5657785179017485 0.9829545454545454 0.014154870940882597 0.03409090909090909
0 0.513946711074105 0.9939630681818182 0.010407993338884263 0.012073863636363636
0 0.5485012489592007 0.9925426136363636 0.011240632805995004 0.014914772727272728
0 0.5995004163197336 0.9836647727272727 0.00832639467110741 0.032670454545454544
0 0.6794462947543713 0.9582315340909091 0.008176519567027423 0.02904119318181825
0 0.6672231473771857 0.964453125 0.0076644462947543105 0.02549005681818189
0 0.6929725228975854 0.9353693181818182 0.01233139050791003 0.056107954545454544
0 0.6036261448792674 0.9594744318181818 0.011053288925895164 0.03211647727272729
0 0.5990341382181515 0.7332457386363637 0.007847626977518696 0.03656250000000001
0 0.5914904246461282 0.7370951704545454 0.006898417985012463 0.03952414772727271
0 0.48440049958368026 0.760028409090909 0.0067110741049125275 0.04397017045454543
0 0.47342631140716074 0.7608877840909091 0.00793089092422979 0.040717329545454574
0 0.46711074104912575 0.7626917613636363 0.007243963363863485 0.043380681818181846
0 0.5999167360532889 0.6136363636363636 0.006661115736885929 0.008522727272727272
0 0.5913821815154038 0.6161221590909091 0.00791007493755204 0.013494318181818182
0 0.8670358034970858 0.7483451704545455 0.007760199833472053 0.04308948863636361
0 0.8823855120732722 0.7524928977272727 0.006536219816819242 0.04546164772727272
0 0.8958243130724396 0.7552982954545455 0.004966694421315502 0.04161221590909093
0 0.9031931723563698 0.7570738636363636 0.003051623646960836 0.040433238636363604
0 0.9103039134054955 0.7588565340909091 0.004088259783513807 0.04517045454545456
0 0.9199292256452957 0.7587073863636363 0.007377185678601082 0.04605823863636365
0 0.915420482930891 0.759296875 0.004604496253122375 0.04250710227272729
0 0.9253913405495421 0.7628551136363636 0.0058118234804329875 0.043693181818181805
0 0.9408243130724395 0.7696590909090909 0.008925895087427168 0.04074573863636364
0 0.9421315570358035 0.6232244318181818 0.006661115736885929 0.027698863636363636
0 0.9977102414654455 0.7904829545454546 0.004579517069109076 0.046875
0 0.8653205661948377 0.9911221590909091 0.00791007493755204 0.01775568181818182
0 0.8563696919233972 0.9914772727272727 0.00749375520399667 0.017045454545454544
0 0.8492922564529559 0.9914772727272727 0.005828476269775187 0.017045454545454544
0 0.825353871773522 0.9932528409090909 0.008742714404662781 0.013494318181818182
0 0.8143213988343048 0.9918323863636364 0.00749375520399667 0.016335227272727272
0 0.833646960865945 0.9523579545454546 0.007585345545378768 0.04865767045454545
0 0.8050333055786845 0.9403693181818181 0.006565362198168186 0.049531250000000006
0 0.7965362198168193 0.934296875 0.006919233971690213 0.05397017045454546
0 0.8458701082431307 0.951768465909091 0.008447127393838454 0.05102982954545448
0 0.8491673605328893 0.9772301136363637 0.007164862614487942 0.04276278409090912
0 0.8470857618651124 0.9119460227272728 0.0067110741049125275 0.04240056818181821
0 0.8553205661948377 0.919346590909091 0.005836802664446287 0.04418323863636366
0 0.8885303913405496 0.9203835227272728 0.008417985012489509 0.05099431818181815
0 0.8770857618651124 0.9143110795454544 0.0070358034970858 0.04240056818181821
0 0.8621731890091591 0.9120951704545455 0.004966694421315502 0.05098721590909088
0 0.8668567860116569 0.9187286931818183 0.0071731890091590415 0.04464488636363629
0 0.8951207327227311 0.8969886363636363 0.0070274771024147 0.04801136363636365
0 0.8894837635303914 0.8892897727272726 0.004079933388842707 0.037343749999999946
0 0.8794254787676936 0.8961008522727273 0.006860949208992514 0.03794034090909088
0 0.8691965029142381 0.9051349431818182 0.00791007493755204 0.04653409090909089
0 0.9983347210657785 0.9737215909090909 0.0033305578684429643 0.04261363636363636
0 0.9908825978351373 0.9730752840909092 0.004966694421315502 0.04393465909090902
0 0.992098251457119 0.9638991477272728 0.00461698584512912 0.03740767045454551
0 0.6255661948376353 0.9159730113636364 0.01054954204829315 0.04343039772727279
0 0.5251040799333888 0.9271803977272728 0.014779350541215654 0.03538352272727268
0 0.7052914238134887 0.904481534090909 0.008434637801831898 0.024261363636363695
0 0.6968900915903414 0.904481534090909 0.008884263114071667 0.026292613636363624
0 0.3557452123230641 0.9733664772727273 0.012073272273105746 0.044744318181818184
0 0.35407993338884264 0.9865056818181818 0.008742714404662781 0.026988636363636364
0 0.4440507910074938 0.9533025568181818 0.00791840133222314 0.03870738636363636
0 0.3597793505412157 0.8063068181818182 0.00550374687760201 0.04017045454545451
0 0.37261032472939215 0.8001491477272729 0.010070774354704435 0.04963778409090908
0 0.4462447960033306 0.7483806818181818 0.0063572023313905 0.011441761363636373
0 0.7210657785179018 0.7302698863636364 0.013114071606994172 0.041512784090909124
0 0.9192339716902581 0.9875710227272727 0.011656952539550375 0.024857954545454544
0 0.9129891756869276 0.9904119318181818 0.011656952539550375 0.019176136363636364
0 0.9214612822647793 0.8774076704545454 0.007023313905079055 0.041278409090909095
0 0.8626144879267277 0.984375 0.011656952539550375 0.03125
0 0.6113655287260616 0.9840198863636364 0.019567027477102414 0.03196022727272727
0 0.7232348043297252 0.9371519886363636 0.011577851790174832 0.06086647727272731
0 0.7474354704412989 0.8828764204545454 0.00793505412156534 0.045816761363636355