0 0.154 0.7078313253012049 0.204 0.5783132530120482
0 0.122 0.713855421686747 0.22 0.5662650602409639
0 0.041 0.6897590361445783 0.082 0.6144578313253012
0 0.199 0.49698795180722893 0.066 0.18674698795180722
0 0.262 0.5030120481927711 0.112 0.4879518072289157
0 0.356 0.4352409638554217 0.136 0.4427710843373494
0 0.479 0.42771084337349397 0.142 0.4397590361445783
0 0.577 0.6204819277108434 0.186 0.5542168674698795
0 0.587 0.6762048192771084 0.318 0.641566265060241
0 0.837 0.7379518072289156 0.234 0.5180722891566265
0 0.902 0.5512048192771084 0.152 0.3493975903614458