0 0.13600451467268623 0.29439252336448596 0.27200902934537247 0.26985981308411217
0 0.12246049661399548 0.23948598130841123 0.2443566591422122 0.3808411214953271
0 0.2601580135440181 0.25350467289719625 0.09593679458239278 0.3282710280373832
0 0.32562076749435664 0.25934579439252337 0.07562076749435666 0.18574766355140188
0 0.38487584650112866 0.286214953271028 0.17607223476297967 0.286214953271028
0 0.42776523702031605 0.35630841121495327 0.16591422121896163 0.14719626168224298
0 0.5231376975169301 0.23014018691588786 0.12923250564334085 0.25934579439252337
0 0.621331828442438 0.24766355140186916 0.13939051918735892 0.30490654205607476
0 0.38487584650112866 0.15070093457943926 0.077313769751693 0.13551401869158877
0 0.23419864559819414 0.1191588785046729 0.046275395033860044 0.08411214953271028
0 0.8397291196388262 0.21495327102803738 0.10158013544018059 0.42990654205607476
0 0.9858916478555305 0.21495327102803738 0.028216704288939052 0.42990654205607476