0 0.1356655290102389 0.5075987841945289 0.25426621160409557 0.46200607902735563
0 0.3873720136518771 0.4992401215805471 0.2508532423208191 0.4787234042553192
0 0.3152730375426621 0.31382978723404253 0.1181740614334471 0.3183890577507599
0 0.19795221843003413 0.3411854103343465 0.09172354948805461 0.30623100303951367
0 0.19411262798634812 0.8351063829787234 0.033276450511945395 0.03723404255319149
0 0.20264505119453924 0.8427051671732523 0.10025597269624574 0.07066869300911854
0 0.17918088737201365 0.85790273556231 0.03370307167235495 0.04027355623100304
0 0.6813139931740614 0.8791793313069909 0.11006825938566553 0.24164133738601823
0 0.5708191126279863 0.7644376899696048 0.03754266211604096 0.05167173252279635
0 0.5358361774744027 0.7712765957446809 0.032423208191126277 0.06534954407294832
0 0.7081911262798635 0.7811550151975684 0.05802047781569966 0.0851063829787234
0 0.5413822525597269 0.9361702127659575 0.043515358361774746 0.1276595744680851
0 0.5354095563139932 0.9293313069908815 0.031569965870307165 0.1413373860182371