0 0.07234042553191489 0.18892045454545456 0.14468085106382977 0.3778409090909091
0 0.23191489361702128 0.18892045454545456 0.3702127659574468 0.3778409090909091
0 0.2851063829787234 0.18892045454545456 0.48936170212765956 0.3778409090909091
0 0.6095744680851064 0.18892045454545456 0.1595744680851064 0.3778409090909091
0 0.9414893617021277 0.14630681818181818 0.10425531914893617 0.29261363636363635
0 0.7244680851063829 0.5994318181818182 0.01276595744680851 0.045454545454545456
0 0.8031914893617021 0.6647727272727273 0.02127659574468085 0.061079545454545456
0 0.8276595744680851 0.6548295454545454 0.018085106382978722 0.06534090909090909
0 0.7021276595744681 0.8465909090909091 0.02446808510638298 0.10795454545454546
0 0.5606382978723404 0.9034090909090909 0.03404255319148936 0.09517045454545454
0 0.5882978723404255 0.859375 0.022340425531914895 0.09232954545454546
0 0.5968085106382979 0.8153409090909091 0.015957446808510637 0.032670454545454544
0 0.8319148936170213 0.8451704545454546 0.02021276595744681 0.08380681818181818
0 0.8521276595744681 0.8053977272727273 0.02021276595744681 0.06960227272727272
0 0.8829787234042553 0.7926136363636364 0.014893617021276596 0.05539772727272727
0 0.8946808510638298 0.8238636363636364 0.015957446808510637 0.06676136363636363
0 0.9595744680851064 0.8522727272727273 0.018085106382978722 0.08096590909090909
0 0.9861702127659574 0.8522727272727273 0.013829787234042552 0.07954545454545454
0 0.9436170212765957 0.7826704545454546 0.01702127659574468 0.06960227272727272
0 0.9765957446808511 0.7713068181818182 0.019148936170212766 0.05965909090909091
0 0.924468085106383 0.7088068181818182 0.01276595744680851 0.036931818181818184
0 0.9031914893617021 0.7173295454545454 0.013829787234042552 0.036931818181818184
0 0.8829787234042553 0.6803977272727273 0.011702127659574468 0.03835227272727273
0 0.8648936170212767 0.6363636363636364 0.014893617021276596 0.03977272727272727
0 0.851063829787234 0.5994318181818182 0.01276595744680851 0.03125
0 0.8287234042553191 0.5767045454545454 0.014893617021276596 0.03551136363636364
0 0.8457446808510638 0.5625 0.009574468085106383 0.036931818181818184
0 0.8553191489361702 0.5639204545454546 0.00851063829787234 0.02556818181818182
0 0.9042553191489362 0.6818181818181818 0.010638297872340425 0.045454545454545456
0 0.9148936170212766 0.6761363636363636 0.01276595744680851 0.02130681818181818
0 0.8 0.48863636363636365 0.00851063829787234 0.018465909090909092
0 0.8117021276595745 0.4914772727272727 0.005319148936170213 0.019886363636363636
0 0.5723404255319149 0.6463068181818182 0.013829787234042552 0.032670454545454544
0 0.5351063829787234 0.6775568181818182 0.009574468085106383 0.017045454545454544
0 0.5606382978723404 0.6420454545454546 0.00851063829787234 0.02130681818181818