0 0.04320113314447592 0.15425531914893617 0.08640226628895184 0.30851063829787234
0 0.24645892351274787 0.15425531914893617 0.22662889518413598 0.30851063829787234
0 0.22875354107648727 0.6957446808510638 0.15155807365439095 0.6085106382978723
0 0.06667138810198299 0.5969574468085106 0.10420679886685552 0.39512765957446816
0 0.8661473087818697 0.7776595744680851 0.26770538243626063 0.44468085106382976
0 0.4518413597733711 0.7914893617021277 0.18413597733711048 0.41702127659574467
0 0.9695467422096318 0.6819148936170213 0.060906515580736544 0.6361702127659574
0 0.8590651558073654 0.5170212765957447 0.17705382436260622 0.39574468085106385
0 0.7082152974504249 0.6808510638297872 0.1529745042492918 0.6382978723404256
0 0.6062322946175638 0.625531914893617 0.11898016997167139 0.5148936170212766
0 0.7726628895184136 0.42021276595744683 0.08640226628895184 0.1851063829787234
0 0.9348441926345609 0.4542553191489362 0.10198300283286119 0.29148936170212764
0 0.48512747875354106 0.6372340425531915 0.16288951841359772 0.5085106382978724
0 0.495042492917847 0.4319148936170213 0.16572237960339944 0.24680851063829787