0 0.5331858407079646 0.27958579881656803 0.21238938053097345 0.3165680473372781
0 0.5674778761061947 0.2485207100591716 0.14380530973451328 0.378698224852071
0 0.5210176991150443 0.23076923076923078 0.20575221238938052 0.41420118343195267
0 0.3584070796460177 0.22485207100591717 0.16371681415929204 0.4260355029585799
0 0.09513274336283185 0.2603550295857988 0.1902654867256637 0.35502958579881655
0 0.07743362831858407 0.1997041420118343 0.12389380530973451 0.2869822485207101
0 0.16150442477876106 0.26331360946745563 0.18584070796460178 0.34911242603550297
0 0.23783185840707965 0.257396449704142 0.18805309734513273 0.3609467455621302
0 0.8993362831858407 0.5399408284023669 0.11283185840707964 0.20414201183431951
0 0.9657079646017699 0.584319526627219 0.06858407079646017 0.29289940828402367
0 0.8196902654867256 0.7189349112426036 0.3606194690265487 0.5621301775147929