0 0.41483516483516486 0.61279296875 0.010164835164835165 0.04833984375
0 0.592032967032967 0.56298828125 0.18214285714285713 0.25244140625
0 0.8107142857142857 0.3125 0.16153846153846155 0.50732421875
0 0.9274725274725275 0.5 0.14505494505494507 0.37890625
0 0.45989010989010987 0.7666015625 0.03956043956043956 0.13671875
0 0.45989010989010987 0.72314453125 0.03956043956043956 0.0673828125
0 0.1697802197802198 0.92333984375 0.0521978021978022 0.1318359375
0 0.21978021978021978 0.943359375 0.045054945054945054 0.11328125
0 0.22266483516483518 0.875732421875 0.04532967032967033 0.13427734375
0 0.01620879120879121 0.80810546875 0.03241758241758242 0.1416015625
0 0.01510989010989011 0.7099609375 0.02912087912087912 0.041015625
0 0.0057692307692307696 0.9287109375 0.011538461538461539 0.142578125
0 0.021153846153846155 0.962890625 0.04120879120879121 0.07421875
0 0.3192307692307692 0.96044921875 0.04395604395604396 0.0791015625
0 0.27692307692307694 0.94921875 0.038461538461538464 0.1015625
0 0.36277472527472526 0.802490234375 0.04532967032967033 0.17333984375
0 0.32967032967032966 0.71728515625 0.03736263736263736 0.0556640625
0 0.32706043956043956 0.790283203125 0.042582417582417584 0.17333984375
0 0.29684065934065934 0.802490234375 0.03983516483516483 0.17822265625
0 0.04271978021978022 0.800048828125 0.03708791208791209 0.16845703125
0 0.37362637362637363 0.74658203125 0.03736263736263736 0.1142578125
0 0.0489010989010989 0.7255859375 0.03296703296703297 0.072265625
0 0.19697802197802197 0.76611328125 0.04120879120879121 0.1533203125
0 0.2445054945054945 0.7744140625 0.04285714285714286 0.169921875
0 0.7997252747252748 0.86962890625 0.18076923076923077 0.2607421875