0 0.3666864608076009 0.16913319238900634 0.10451306413301663 0.2595137420718816
0 0.8554038004750594 0.03805496828752643 0.05522565320665083 0.07610993657505286
0 0.8850950118764845 0.10940803382663848 0.06116389548693587 0.21881606765327696
0 0.5282066508313539 0.113107822410148 0.0172209026128266 0.226215644820296
0 0.5881828978622328 0.29704016913319237 0.06947743467933491 0.12473572938689217
0 0.6959619952494062 0.3456659619450317 0.0831353919239905 0.02748414376321353
0 0.8028503562945368 0.3218816067653277 0.0831353919239905 0.07505285412262157
0 0.6751781472684085 0.2346723044397463 0.07125890736342043 0.24947145877378435
0 0.12084323040380048 0.695031712473573 0.17280285035629453 0.6099365750528541
0 0.4352731591448931 0.7256871035940803 0.16597387173396674 0.5486257928118393
0 0.26395486935866985 0.7108879492600423 0.09382422802850356 0.3086680761099366
0 0.709916864608076 0.870507399577167 0.16330166270783847 0.25898520084566595
0 0.6621140142517815 0.5084566596194503 0.04156769596199525 0.10517970401691332