0 0.19429347826086957 0.5174081237911026 0.33858695652173915 0.1644100580270793
0 0.6666141304347826 0.30215667311411987 0.016304347826086956 0.09947775628626683
0 0.6456521739130435 0.29800773694390714 0.022516304347825998 0.12434235976789162
0 0.6157608695652174 0.2883365570599613 0.023293478260869634 0.08565764023210826
0 0.683695652173913 0.2911025145067698 0.019407608695652195 0.08842359767891689
0 0.7407608695652174 0.29939071566731146 0.020184782608695582 0.08289168278529985
0 0.7065978260869565 0.2876499032882011 0.020184782608695582 0.08427466150870416
0 0.7194076086956522 0.2862669245647969 0.013201086956521718 0.09809477756286274
0 0.8746902173913043 0.307678916827853 0.017858695652173857 0.058027079303675046
0 0.7799673913043479 0.29870406189555126 0.017858695652173982 0.08151837524177946
0 0.4638586956521739 0.7998065764023211 0.2722826086956522 0.40038684719535783
0 0.658695652173913 0.8288201160541586 0.09347826086956522 0.12282398452611218