0 0.23032407407407407 0.2448559670781893 0.19907407407407407 0.4897119341563786
0 0.8819444444444444 0.01954732510288066 0.046296296296296294 0.03909465020576132
0 0.9464699074074074 0.4176954732510288 0.05381944444444445 0.1440329218106996
0 0.7498553240740741 0.286522633744856 0.053530092592592594 0.2109053497942387
0 0.6572627314814815 0.2646604938271605 0.05931712962962963 0.21347736625514405
0 0.62109375 0.23636831275720166 0.044849537037037035 0.21862139917695472
0 0.6258680555555556 0.08127572016460906 0.05497685185185185 0.16255144032921812
0 0.6490162037037037 0.06481481481481481 0.03761574074074074 0.12962962962962962
0 0.6846064814814815 0.06995884773662552 0.041666666666666664 0.13991769547325103
0 0.7621527777777778 0.060699588477366256 0.046296296296296294 0.12139917695473251
0 0.5690104166666666 0.1514917695473251 0.0390625 0.11059670781893004
0 0.4800347222222222 0.11162551440329219 0.046296296296296294 0.1748971193415638
0 0.4113136574074074 0.16949588477366256 0.04195601851851852 0.18775720164609053
0 0.42288773148148145 0.11676954732510288 0.04195601851851852 0.18518518518518517
0 0.36863425925925924 0.18878600823045266 0.046296296296296294 0.19547325102880658
0 0.3353587962962963 0.15534979423868311 0.01099537037037037 0.205761316872428
0 0.4609375 0.04526748971193416 0.043402777777777776 0.09053497942386832
0 0.41695601851851855 0.03909465020576132 0.03877314814814815 0.07818930041152264
0 0.3828125 0.047839506172839504 0.03761574074074074 0.09567901234567901
0 0.34837962962962965 0.058127572016460904 0.037037037037037035 0.11625514403292181
0 0.08492476851851852 0.717335390946502 0.05931712962962963 0.21347736625514405
0 0.048755787037037035 0.6890432098765432 0.044849537037037035 0.21862139917695472
0 0.053530092592592594 0.5524691358024691 0.05497685185185185 0.12551440329218108
0 0.008101851851851851 0.6039094650205762 0.016203703703703703 0.1111111111111111
0 0.20341435185185186 0.5447530864197531 0.05613425925925926 0.11008230452674897
0 0.20934606481481483 0.698045267489712 0.06221064814814815 0.21604938271604937
0 0.03616898148148148 0.963477366255144 0.05497685185185185 0.07304526748971193
0 0.13483796296296297 0.5617283950617284 0.046296296296296294 0.1440329218106996
0 0.09780092592592593 0.5617283950617284 0.041666666666666664 0.1440329218106996
0 0.4988425925925926 0.75 0.33796296296296297 0.49948559670781895