0 0.2520746887966805 0.4429460580912863 0.2053941908713693 0.23029045643153526
0 0.36618257261410786 0.4657676348547718 0.08506224066390042 0.17219917012448133
0 0.5311203319502075 0.17323651452282157 0.14107883817427386 0.3049792531120332
0 0.8973029045643154 0.10477178423236515 0.10580912863070539 0.2095435684647303
0 0.9636929460580913 0.1358921161825726 0.07261410788381743 0.2717842323651452
0 0.7385892116182573 0.279045643153527 0.5228215767634855 0.558091286307054
0 0.09439834024896265 0.779045643153527 0.1887966804979253 0.44190871369294604
0 0.26141078838174275 0.7178423236514523 0.2946058091286307 0.31950207468879666
0 0.8008298755186722 0.779045643153527 0.3983402489626556 0.44190871369294604
0 0.8060165975103735 0.779045643153527 0.3879668049792531 0.44190871369294604
0 0.6047717842323651 0.779045643153527 0.3921161825726141 0.44190871369294604