0 0.48214285714285715 0.2421875 0.5752747252747252 0.453125
0 0.8318681318681319 0.2724609375 0.07609890109890109 0.37744140625
0 0.2917582417582418 0.95263671875 0.05934065934065934 0.0947265625
0 0.7211538461538461 0.864990234375 0.0521978021978022 0.21728515625
0 0.6936813186813187 0.75146484375 0.04945054945054945 0.2294921875
0 0.33763736263736266 0.49462890625 0.0521978021978022 0.0498046875
0 0.3879120879120879 0.5615234375 0.045054945054945054 0.18359375
0 0.33447802197802196 0.60498046875 0.04807692307692308 0.2001953125
0 0.34313186813186813 0.90380859375 0.04120879120879121 0.1923828125
0 0.48736263736263735 0.54931640625 0.04395604395604396 0.1591796875
0 0.44505494505494503 0.546875 0.038461538461538464 0.154296875
0 0.5776098901098901 0.75146484375 0.05357142857142857 0.2587890625
0 0.10714285714285714 0.5166015625 0.04395604395604396 0.09375
0 0.06318681318681318 0.5712890625 0.04945054945054945 0.203125
0 0.17307692307692307 0.53466796875 0.04395604395604396 0.1298828125
0 0.19024725274725274 0.64892578125 0.05357142857142857 0.166015625
0 0.20604395604395603 0.7978515625 0.046703296703296704 0.224609375
0 0.5137362637362637 0.71484375 0.04945054945054945 0.2197265625
0 0.4072802197802198 0.7587890625 0.04807692307692308 0.2197265625
0 0.7881868131868132 0.78759765625 0.03461538461538462 0.17431640625
0 0.9362637362637363 0.82373046875 0.12747252747252746 0.314453125