0 0.06790123456790123 0.13991769547325103 0.13580246913580246 0.27983539094650206
0 0.9146090534979424 0.45987654320987653 0.17078189300411523 0.2777777777777778
0 0.5061728395061729 0.31893004115226337 0.053497942386831275 0.23868312757201646
0 0.5349794238683128 0.30349794238683125 0.1111111111111111 0.22839506172839505
0 0.8497942386831275 0.38786008230452673 0.21810699588477367 0.3065843621399177
0 0.8055555555555556 0.28600823045267487 0.15020576131687244 0.15637860082304528
0 0.8055555555555556 0.23045267489711935 0.051440329218107 0.12345679012345678
0 0.5679012345679012 0.23148148148148148 0.06995884773662552 0.12139917695473251
0 0.7736625514403292 0.24588477366255143 0.053497942386831275 0.1337448559670782
0 0.5534979423868313 0.15432098765432098 0.06172839506172839 0.07818930041152264
0 0.7674897119341564 0.16769547325102882 0.037037037037037035 0.03497942386831276
0 0.7469135802469136 0.18415637860082304 0.037037037037037035 0.10082304526748971
0 0.7181069958847737 0.1646090534979424 0.0205761316872428 0.06995884773662552
0 0.6172839506172839 0.17078189300411523 0.0205761316872428 0.03292181069958848
0 0.5936213991769548 0.16666666666666666 0.03497942386831276 0.024691358024691357
0 0.5679012345679012 0.44238683127572015 0.17695473251028807 0.31275720164609055
0 0.904320987654321 0.7993827160493827 0.19135802469135801 0.4012345679012346