0 0.29324324324324325 0.4168269230769231 0.0672972972972973 0.1889423076923077
0 0.9421621621621622 0.3076923076923077 0.11567567567567567 0.5225961538461539
0 0.5324324324324324 0.4076923076923077 0.1445945945945946 0.32259615384615387
0 0.6559459459459459 0.40240384615384617 0.13054054054054054 0.33365384615384613
0 0.7672972972972973 0.4149038461538462 0.11648648648648649 0.30865384615384617
0 0.8483783783783784 0.40048076923076925 0.10972972972972973 0.3375
0 0.7164864864864865 0.22403846153846155 0.09216216216216216 0.28365384615384615
0 0.6275675675675676 0.2091346153846154 0.1 0.325
0 0.5345945945945946 0.22259615384615383 0.10351351351351351 0.28365384615384615
0 0.7913513513513514 0.2153846153846154 0.08243243243243244 0.27163461538461536
0 0.8645945945945946 0.18942307692307692 0.08324324324324324 0.25240384615384615
0 0.23243243243243245 0.8009615384615385 0.4548648648648649 0.3975961538461538
0 0.987027027027027 0.9096153846153846 0.025945945945945945 0.18076923076923077
0 0.9727027027027026 0.8149038461538461 0.04864864864864865 0.22596153846153846
0 0.6872972972972973 0.6620192307692307 0.051351351351351354 0.18557692307692308
0 0.6705405405405406 0.6221153846153846 0.044864864864864865 0.10576923076923077
0 0.4783783783783784 0.6581730769230769 0.036756756756756756 0.1778846153846154
0 0.7954054054054054 0.9423076923076923 0.062162162162162166 0.11538461538461539
0 0.644054054054054 0.9110576923076923 0.051351351351351354 0.1778846153846154
0 0.711081081081081 0.9745192307692307 0.06108108108108108 0.05096153846153846
0 0.89 0.6019230769230769 0.051351351351351354 0.06538461538461539
0 0.8137837837837838 0.6307692307692307 0.047027027027027025 0.12307692307692308