0 0.08241758241758242 0.21886446886446886 0.07348901098901099 0.3516483516483517
0 0.030906593406593408 0.2087912087912088 0.019917582417582416 0.13003663003663005
0 0.032280219780219783 0.12728937728937728 0.017857142857142856 0.12637362637362637
0 0.021291208791208792 0.163003663003663 0.023351648351648352 0.19047619047619047
0 0.7293956043956044 0.32142857142857145 0.08241758241758242 0.14102564102564102
0 0.5810439560439561 0.34065934065934067 0.07692307692307693 0.20512820512820512
0 0.9814560439560439 0.3543956043956044 0.03708791208791209 0.16666666666666666
0 0.5364010989010989 0.38461538461538464 0.09203296703296704 0.20146520146520147
0 0.6634615384615384 0.38644688644688646 0.07692307692307693 0.20146520146520147
0 0.8695054945054945 0.3891941391941392 0.08516483516483517 0.184981684981685
0 0.782967032967033 0.43315018315018317 0.07417582417582418 0.2032967032967033
0 0.9471153846153846 0.46886446886446886 0.10576923076923077 0.3553113553113553
0 0.853021978021978 0.5283882783882784 0.12637362637362637 0.2802197802197802
0 0.7266483516483516 0.5054945054945055 0.13736263736263737 0.326007326007326
0 0.38804945054945056 0.4597069597069597 0.09752747252747253 0.4175824175824176
0 0.4732142857142857 0.49633699633699635 0.1717032967032967 0.3443223443223443
0 0.6009615384615384 0.5027472527472527 0.125 0.3315018315018315
0 0.6806318681318682 0.5824175824175825 0.16071428571428573 0.17216117216117216
0 0.9368131868131868 0.6062271062271062 0.12637362637362637 0.12454212454212454
0 0.8406593406593407 0.6098901098901099 0.15934065934065933 0.11721611721611722
0 0.21634615384615385 0.9212454212454212 0.10576923076923077 0.1575091575091575