0 0.20427807486631017 0.1991444866920152 0.039572192513368985 0.06273764258555133
0 0.8719251336898396 0.3612167300380228 0.05080213903743316 0.07604562737642585
0 0.8449197860962567 0.3032319391634981 0.0481283422459893 0.1920152091254753
0 0.49866310160427807 0.04657794676806084 0.05080213903743316 0.09315589353612168
0 0.5475935828877005 0.11169201520912547 0.04385026737967915 0.22338403041825095
0 0.5502673796791444 0.02376425855513308 0.04385026737967915 0.04752851711026616
0 0.9379679144385027 0.054657794676806086 0.04385026737967915 0.10931558935361217
0 0.49558823529411766 0.17633079847908745 0.04679144385026738 0.19486692015209126
0 0.5729946524064171 0.3578897338403042 0.051871657754010696 0.08269961977186312
0 0.6532085561497326 0.3303231939163498 0.05508021390374331 0.13783269961977188
0 0.7108288770053476 0.219106463878327 0.05213903743315508 0.22813688212927757
0 0.8176470588235294 0.04657794676806084 0.04385026737967915 0.09315589353612168
0 0.6446524064171123 0.1133555133079848 0.0427807486631016 0.17347908745247148
0 0.6032085561497326 0.1002851711026616 0.0374331550802139 0.19011406844106463
0 0.09705882352941177 0.776615969581749 0.19385026737967914 0.4467680608365019
0 0.3176470588235294 0.7290874524714829 0.16524064171122996 0.5418250950570342
0 0.9254010695187166 0.7523764258555133 0.09946524064171124 0.3360266159695818
0 0.7037433155080214 0.7547528517110266 0.08048128342245989 0.33079847908745247
0 0.47299465240641714 0.7590304182509505 0.10080213903743315 0.3293726235741445
0 0.6272727272727273 0.7547528517110266 0.08181818181818182 0.33079847908745247
0 0.5566844919786096 0.7523764258555133 0.07834224598930481 0.33269961977186313
0 0.8363636363636363 0.7419201520912547 0.0877005347593583 0.34600760456273766
0 0.7729946524064171 0.7590304182509505 0.07219251336898395 0.3155893536121673
0 0.6970588235294117 0.5594106463878327 0.08181818181818182 0.2153041825095057
0 0.7647058823529411 0.5708174904942965 0.07700534759358289 0.23098859315589354
0 0.5494652406417112 0.5741444866920152 0.09491978609625669 0.1967680608365019
0 0.6254010695187165 0.560361216730038 0.07834224598930481 0.20342205323193915
0 0.841711229946524 0.5613117870722434 0.09598930481283423 0.20199619771863117