0 0.2277892561983471 0.12264150943396226 0.06198347107438017 0.05070754716981132
0 0.503099173553719 0.1792452830188679 0.027892561983471075 0.07075471698113207
0 0.5222107438016529 0.17570754716981132 0.026859504132231406 0.07311320754716981
0 0.5304752066115702 0.17570754716981132 0.01756198347107438 0.07547169811320754
0 0.03615702479338843 0.16273584905660377 0.025826446280991736 0.06721698113207547
0 0.013429752066115703 0.16391509433962265 0.024793388429752067 0.06839622641509434
0 0.8533057851239669 0.20754716981132076 0.13636363636363635 0.2641509433962264
0 0.8677685950413223 0.6792452830188679 0.1740702479338843 0.4988207547169811
0 0.5790289256198347 0.6933962264150944 0.07954545454545454 0.482311320754717
0 0.5878099173553719 0.6662735849056604 0.09710743801652892 0.4882075471698113
0 0.8966942148760331 0.6639150943396226 0.13584710743801653 0.5058962264150944