0 0.3657258064516129 0.06375358166189111 0.02661290322580645 0.1167621776504298
0 0.24879032258064515 0.024355300859598854 0.021370967741935483 0.03151862464183381
0 0.25443548387096776 0.13825214899713467 0.02056451612903226 0.08810888252148998
0 0.20766129032258066 0.12249283667621777 0.062096774193548386 0.08810888252148998
0 0.0842741935483871 0.1010028653295129 0.07822580645161291 0.0673352435530086
0 0.0939516129032258 0.058022922636103154 0.0375 0.055873925501432664
0 0.0032258064516129032 0.07664756446991404 0.006048387096774193 0.045845272206303724
0 0.017741935483870968 0.24641833810888253 0.035483870967741936 0.2664756446991404
0 0.6649193548387097 0.21991404011461319 0.2342741935483871 0.3194842406876791
0 0.0810483870967742 0.9297994269340975 0.07338709677419354 0.14040114613180515
0 0.12862903225806452 0.5007163323782235 0.03951612903225806 0.21060171919770773
0 0.6729838709677419 0.6898280802292264 0.36370967741935484 0.6203438395415473