0 0.38385416666666666 0.32314814814814813 0.096875 0.20972222222222223
0 0.315625 0.3074074074074074 0.050520833333333334 0.1763888888888889
0 0.26510416666666664 0.30925925925925923 0.050520833333333334 0.1875
0 0.2046875 0.3125 0.0703125 0.19722222222222222
0 0.16666666666666666 0.33425925925925926 0.09557291666666666 0.22083333333333333
0 0.6328125 0.4393518518518518 0.046875 0.06018518518518518
0 0.6897135416666667 0.0875 0.048177083333333336 0.12962962962962962
0 0.68828125 0.03888888888888889 0.050520833333333334 0.07777777777777778
0 0.9703125 0.23564814814814813 0.049479166666666664 0.125
0 0.702734375 0.23333333333333334 0.048177083333333336 0.1712962962962963
0 0.77109375 0.3548611111111111 0.057291666666666664 0.2152777777777778
0 0.9533854166666667 0.37546296296296294 0.0390625 0.18796296296296297
0 0.9227864583333333 0.31319444444444444 0.04296875 0.22453703703703703
0 0.9201822916666667 0.19050925925925927 0.04296875 0.12731481481481483
0 0.8283854166666667 0.2865740740740741 0.0390625 0.16203703703703703
0 0.8654947916666667 0.275 0.037760416666666664 0.18055555555555555
0 0.788671875 0.09560185185185185 0.037760416666666664 0.14583333333333334
0 0.8244791666666667 0.08402777777777778 0.03125 0.15046296296296297
0 0.853125 0.09212962962962963 0.033854166666666664 0.16203703703703703
0 0.5596354166666667 0.04259259259259259 0.019270833333333334 0.08518518518518518
0 0.5802083333333333 0.04814814814814815 0.040625 0.0962962962962963
0 0.9200520833333333 0.059722222222222225 0.03802083333333333 0.11944444444444445
0 0.9526041666666667 0.0587962962962963 0.0375 0.1175925925925926
0 0.55703125 0.23981481481481481 0.0140625 0.14814814814814814
0 0.5575520833333333 0.10324074074074074 0.015104166666666667 0.11574074074074074