0 0.41361556064073224 0.329938900203666 0.05835240274599542 0.07433808553971487
0 0.36784897025171626 0.8564154786150713 0.1633295194508009 0.28716904276985744
0 0.3772883295194508 0.7881873727087576 0.14473684210526316 0.42362525458248473
0 0.2940503432494279 0.8131364562118126 0.06550343249427917 0.37372708757637474
0 0.24971395881006864 0.8355397148676171 0.05148741418764302 0.22810590631364563
0 0.20938215102974828 0.8462321792260692 0.1198512585812357 0.3075356415478615
0 0.1799199084668192 0.9317718940936863 0.11270022883295194 0.1364562118126273
0 0.1152745995423341 0.7983706720977597 0.08810068649885583 0.31924643584521384
0 0.04862700228832952 0.8167006109979633 0.09496567505720824 0.3665987780040733
0 0.20938215102974828 0.7021384928716904 0.05263157894736842 0.1659877800407332
0 0.31207093821510296 0.6624236252545825 0.031750572082379865 0.10386965376782077
0 0.7311212814645309 0.8340122199592668 0.5374713958810069 0.3319755600814664
0 0.7502860411899314 0.8767820773930753 0.21882151029748284 0.23370672097759673