0 0.06507936507936508 0.2763653483992467 0.13015873015873017 0.16666666666666666
0 0.19285714285714287 0.2815442561205273 0.14656084656084656 0.15630885122410546
0 0.3423280423280423 0.2815442561205273 0.15264550264550264 0.15630885122410546
0 0.8251322751322752 0.3013182674199623 0.05026455026455026 0.1167608286252354
0 0.7986772486772487 0.2387005649717514 0.047619047619047616 0.22128060263653485
0 0.7277777777777777 0.017890772128060263 0.049206349206349205 0.035781544256120526
0 0.6582010582010582 0.0908662900188324 0.0582010582010582 0.1817325800376648
0 0.4732804232804233 0.09698681732580038 0.03968253968253968 0.19397363465160075
0 0.5042328042328043 0.07203389830508475 0.04338624338624339 0.1440677966101695
0 0.6002645502645503 0.0428436911487759 0.03968253968253968 0.0856873822975518
0 0.5624338624338624 0.04143126177024482 0.0380952380952381 0.08286252354048965
0 0.6113756613756614 0.2862523540489642 0.059788359788359786 0.14689265536723164
0 0.8904761904761904 0.015536723163841809 0.04338624338624339 0.031073446327683617
0 0.53994708994709 0.3107344632768362 0.051322751322751325 0.09792843691148775
0 0.25052910052910055 0.6977401129943502 0.20052910052910053 0.4675141242937853
0 0.7174603174603175 0.9048964218455744 0.044444444444444446 0.18973634651600754
0 0.7611111111111111 0.9505649717514124 0.05264550264550265 0.09887005649717515
0 0.8060846560846561 0.8709981167608286 0.025925925925925925 0.14689265536723164
0 0.7515873015873016 0.8606403013182674 0.03597883597883598 0.11064030131826742
0 0.9865079365079366 0.8907721280602636 0.026984126984126985 0.2184557438794727
0 0.9047619047619048 0.8700564971751412 0.03941798941798942 0.15630885122410546
0 0.9592592592592593 0.8366290018832392 0.0291005291005291 0.1111111111111111