0 0.3521412037037037 0.3343621399176955 0.3660300925925926 0.37037037037037035
0 0.6684027777777778 0.16378600823045267 0.029033564814814856 0.16517489711934163
0 0.012152777777777778 0.8950617283950617 0.024305555555555556 0.20987654320987653
0 0.3732638888888889 0.5972222222222222 0.05497685185185185 0.1388888888888889
0 0.32045717592592593 0.6833847736625515 0.04774305555555555 0.24948559670781892
0 0.31741898148148145 0.5684156378600823 0.048032407407407406 0.09773662551440329
0 0.20167824074074073 0.9619341563786008 0.05960648148148148 0.07613168724279835
0 0.21195023148148148 0.6332304526748971 0.044849537037037035 0.18518518518518517
0 0.2517361111111111 0.6280864197530864 0.052083333333333336 0.18518518518518517
0 0.07291666666666667 0.6044238683127572 0.041666666666666664 0.1697530864197531
0 0.3550347222222222 0.9747942386831275 0.05381944444444445 0.050411522633744855
0 0.34577546296296297 0.7515432098765432 0.04050925925925926 0.22119341563786007
0 0.5512152777777778 0.7991255144032922 0.05497685185185185 0.21347736625514405
0 0.5389178240740741 0.6448045267489712 0.04774305555555555 0.19804526748971193
0 0.5523726851851852 0.5889917695473251 0.03761574074074074 0.1388888888888889
0 0.5740740740740741 0.5853909465020576 0.034722222222222224 0.13168724279835392
0 0.5896990740740741 0.5699588477366255 0.019675925925925927 0.10082304526748971
0 0.5011574074074074 0.5468106995884774 0.03935185185185185 0.05452674897119342