0 0.19124168514412418 0.2542372881355932 0.12305986696230599 0.5084745762711864
0 0.7200665188470067 0.13305084745762713 0.09645232815964523 0.26610169491525426
0 0.7649667405764967 0.32457627118644067 0.1419068736141907 0.3677966101694915
0 0.6407982261640798 0.32966101694915256 0.13747228381374724 0.3576271186440678
0 0.9606430155210643 0.23983050847457626 0.0787139689578714 0.47966101694915253
0 0.6380266075388027 0.1135593220338983 0.07649667405764966 0.2271186440677966
0 0.5809312638580931 0.15 0.10199556541019955 0.3
0 0.4861419068736142 0.3466101694915254 0.05432372505543237 0.32372881355932204
0 0.8015521064301552 0.16186440677966102 0.09312638580931264 0.23898305084745763
0 0.9523281596452328 0.3347457627118644 0.09534368070953436 0.3474576271186441
0 0.49611973392461195 0.13983050847457626 0.07427937915742794 0.2796610169491525
0 0.8669623059866962 0.34152542372881356 0.1197339246119734 0.3338983050847458
0 0.8835920177383592 0.15084745762711865 0.09090909090909091 0.2271186440677966
0 0.5349223946784922 0.3525423728813559 0.0942350332594235 0.31186440677966104
0 0.0958980044345898 0.7838983050847458 0.08980044345898004 0.4322033898305085
0 0.33592017738359203 0.9050847457627119 0.15964523281596452 0.18983050847457628