0 0.2610645933014354 0.24148936170212765 0.256877990430622 0.3952127659574468
0 0.7897727272727273 0.06489361702127659 0.056818181818181816 0.12978723404255318
0 0.9838516746411483 0.09414893617021276 0.03229665071770335 0.18829787234042553
0 0.9392942583732058 0.07127659574468086 0.04485645933014354 0.1425531914893617
0 0.9066985645933014 0.06595744680851064 0.05382775119617225 0.13191489361702127
0 0.8660287081339713 0.05531914893617021 0.05382775119617225 0.11063829787234042
0 0.8618421052631579 0.20159574468085106 0.056818181818181816 0.22872340425531915
0 0.8431519138755981 0.13377659574468084 0.049342105263157895 0.18882978723404256
0 0.62186004784689 0.19893617021276597 0.0583133971291866 0.21808510638297873
0 0.6082535885167464 0.06595744680851064 0.04665071770334928 0.13191489361702127
0 0.6516148325358851 0.04202127659574468 0.037679425837320576 0.08404255319148936
0 0.5475478468899522 0.03829787234042553 0.05083732057416268 0.07659574468085106
0 0.39832535885167464 0.7244680851063829 0.08462918660287082 0.376063829787234
0 0.5354366028708134 0.8372340425531914 0.06429425837320574 0.24468085106382978
0 0.9871411483253588 0.6707446808510639 0.025717703349282296 0.2372340425531915
0 0.972488038277512 0.5558510638297872 0.05382775119617225 0.23297872340425532
0 0.6094497607655502 0.6909574468085107 0.056818181818181816 0.2712765957446808
0 0.6333732057416268 0.4718085106382979 0.06578947368421052 0.06489361702127659
0 0.7619617224880383 0.6936170212765957 0.0687799043062201 0.26595744680851063
0 0.7177033492822966 0.8627659574468085 0.07057416267942583 0.274468085106383
0 0.6879485645933014 0.7760638297872341 0.06130382775119617 0.2872340425531915