0 0.37189292543021035 0.2997448979591837 0.21606118546845124 0.5994897959183674
0 0.27151051625239003 0.3482142857142857 0.24091778202676864 0.5019132653061225
0 0.10516252390057361 0.3960459183673469 0.20650095602294455 0.40688775510204084
0 0.06261950286806883 0.3718112244897959 0.0511472275334608 0.15433673469387754
0 0.1037284894837476 0.40433673469387754 0.15391969407265774 0.3227040816326531
0 0.5540152963671128 0.39987244897959184 0.14818355640535372 0.399234693877551
0 0.6921606118546845 0.3239795918367347 0.20602294455066922 0.4094387755102041
0 0.8173996175908221 0.34311224489795916 0.27963671128107076 0.5127551020408163
0 0.40009560229445507 0.7997448979591837 0.15965583173996176 0.4005102040816326
0 0.26481835564053535 0.7997448979591837 0.21414913957934992 0.4005102040816326
0 0.10420650095602295 0.7997448979591837 0.2084130019120459 0.4005102040816326
0 0.995697896749522 0.9017857142857143 0.008604206500956023 0.08928571428571429
0 0.997131931166348 0.8584183673469388 0.0057361376673040155 0.07908163265306123
0 0.97065965583174 0.8553826530612245 0.030544933078393927 0.0804591836734693
0 0.9627629063097514 0.8372193877551021 0.02209369024856587 0.07653061224489796
0 0.7241873804971319 0.9789540816326531 0.0372848948374761 0.042091836734693876
0 0.8075812619502868 0.7908673469387755 0.0168738049713194 0.08094387755102045
0 0.8732122370936902 0.6939795918367346 0.02826003824091773 0.07653061224489796