0 0.3681350114416476 0.11914460285132383 0.08180778032036613 0.23828920570264767
0 0.726258581235698 0.22454175152749492 0.16762013729977115 0.44908350305498984
0 0.19679633867276888 0.8233197556008147 0.06321510297482838 0.1446028513238289
0 0.6455949656750573 0.5941955193482689 0.05434782608695652 0.07026476578411406
0 0.6979405034324943 0.6639511201629328 0.04691075514874142 0.20977596741344195
0 0.6423054919908466 0.7184317718940937 0.05005720823798627 0.20875763747454176
0 0.6513157894736842 0.964867617107943 0.04290617848970252 0.07026476578411406
0 0.46195652173913043 0.6171079429735234 0.03832951945080092 0.11608961303462322
0 0.4914187643020595 0.659877800407332 0.04290617848970252 0.1934826883910387
0 0.801487414187643 0.6512219959266803 0.04576659038901602 0.18431771894093688
0 0.7574370709382151 0.6486761710794298 0.04004576659038902 0.17922606924643583
0 0.49928489702517165 0.8508146639511202 0.05577803203661327 0.23930753564154786
0 0.8953089244851259 0.8681262729124236 0.05606407322654462 0.2637474541751528
0 0.8175057208237986 0.8584521384928717 0.06292906178489703 0.22912423625254583
0 0.7208237986270023 0.8996945010183299 0.06178489702517163 0.20061099796334012