0 0.015368852459016393 0.3422131147540984 0.030737704918032786 0.18032786885245902
0 0.5140368852459016 0.0534323770491803 0.017008196721311382 0.037192622950819626
0 0.538186475409836 0.053627049180327846 0.017889344262295118 0.04577868852459011
0 0.5784323770491803 0.052602459016393474 0.03575819672131157 0.0683196721311476
0 0.7247540983606557 0.058575819672131164 0.034098360655737674 0.08026639344262299
0 0.6468237704918033 0.06610655737704917 0.05881147540983616 0.1035245901639344
0 0.9100614754098361 0.09489754098360656 0.0856147540983606 0.11602459016393443
0 0.7550717213114755 0.1803688524590164 0.10870901639344265 0.344344262295082
0 0.38114754098360654 0.6915983606557377 0.1557377049180328 0.48565573770491804
0 0.1721311475409836 0.7243852459016393 0.3073770491803279 0.5512295081967213
0 0.22540983606557377 0.5799180327868853 0.12295081967213115 0.20081967213114754