0 0.46375 0.4043026706231454 0.19083333333333333 0.47032640949554894
0 0.4116666666666667 0.43768545994065283 0.18666666666666668 0.4035608308605341
0 0.17666666666666667 0.443620178041543 0.26458333333333334 0.3909495548961424
0 0.14208333333333334 0.4681008902077151 0.2841666666666667 0.3427299703264095
0 0.6495833333333333 0.04451038575667656 0.035833333333333335 0.08902077151335312
0 0.8204166666666667 0.8961424332344213 0.16 0.206973293768546
0 0.8058333333333333 0.8761127596439169 0.24916666666666668 0.24183976261127596
0 0.9233333333333333 0.7485163204747775 0.03875 0.05118694362017804
0 0.9125 0.755192878338279 0.058333333333333334 0.06676557863501484
0 0.8804166666666666 0.7848664688427299 0.08083333333333333 0.07195845697329377
0 0.8383333333333334 0.7937685459940653 0.0525 0.07492581602373888
0 0.9525 0.8761127596439169 0.095 0.228486646884273
0 0.9829166666666667 0.7811572700296736 0.03375 0.06676557863501484