0 0.10053763440860215 0.23661567877629064 0.060215053763440864 0.14579349904397707
0 0.13198924731182796 0.20697896749521988 0.012903225806451613 0.07934990439770555
0 0.8352150537634409 0.18451242829827916 0.08091397849462366 0.3494263862332696
0 0.746505376344086 0.23996175908221798 0.07661290322580645 0.2390057361376673
0 0.7174731182795699 0.17973231357552583 0.0717741935483871 0.3303059273422562
0 0.7994623655913978 0.1921606118546845 0.06129032258064516 0.33460803059273425
0 0.9088709677419354 0.17973231357552583 0.14166666666666666 0.35946462715105165
0 0.018548387096774192 0.8503824091778203 0.037096774193548385 0.22466539196940727
0 0.07150537634408602 0.41586998087954113 0.04946236559139785 0.11281070745697896
0 0.07043010752688172 0.3776290630975143 0.05268817204301075 0.036328871892925434
0 0.36129032258064514 0.5587954110898662 0.051075268817204304 0.12906309751434034
0 0.31223118279569895 0.6388623326959847 0.04435483870967742 0.23183556405353728
0 0.3095430107526882 0.512189292543021 0.04435483870967742 0.13145315487571702
0 0.3646505376344086 0.7069789674952199 0.04704301075268817 0.1959847036328872
0 0.3556451612903226 0.9526768642447419 0.04032258064516129 0.09464627151051626
0 0.5649193548387097 0.49665391969407263 0.033602150537634407 0.16730401529636713
0 0.21478494623655914 0.643642447418738 0.043010752688172046 0.17447418738049714
0 0.2564516129032258 0.6304971319311663 0.03763440860215054 0.19120458891013384
0 0.20483870967741935 0.37189292543021035 0.03655913978494624 0.0248565965583174
0 0.20725806451612902 0.4364244741873805 0.04139784946236559 0.15391969407265774
0 0.2368279569892473 0.4435946462715105 0.03924731182795699 0.1682600382409178
0 0.5416666666666666 0.38384321223709367 0.02956989247311828 0.04875717017208413
0 0.47956989247311826 0.380019120458891 0.03225806451612903 0.04110898661567878
0 0.3341397849462366 0.4196940726577438 0.04032258064516129 0.12045889101338432
0 0.2879032258064516 0.42782026768642445 0.04139784946236559 0.1367112810707457
0 0.12674731182795698 0.8503824091778203 0.05241935483870968 0.25334608030592737
0 0.5870967741935483 0.5731357552581262 0.043010752688172046 0.1864244741873805
0 0.6129032258064516 0.6720841300191205 0.013978494623655914 0.20267686424474188
0 0.4782258064516129 0.5145793499043977 0.03225806451612903 0.16491395793499045
0 0.5172043010752688 0.5026290630975143 0.043010752688172046 0.14579349904397707
0 0.5225806451612903 0.6233269598470363 0.043010752688172046 0.1577437858508604
0 0.5057795698924731 0.75 0.05241935483870968 0.16252390057361377
0 0.4900537634408602 0.892925430210325 0.0456989247311828 0.21414913957934992
0 0.15631720430107526 0.505019120458891 0.036290322580645164 0.16969407265774378
0 0.14811827956989249 0.41586998087954113 0.03602150537634408 0.11281070745697896
0 0.18924731182795698 0.8145315487571702 0.04838709677419355 0.21510516252390058
0 0.29341397849462364 0.8575525812619503 0.04704301075268817 0.21510516252390058