0 0.40243243243243243 0.17836538461538462 0.37945945945945947 0.33125
0 0.8375675675675676 0.27692307692307694 0.052162162162162164 0.49903846153846154
0 0.2266216216216216 0.8894230769230769 0.05 0.22115384615384615
0 0.19945945945945945 0.9432692307692307 0.055135135135135134 0.11346153846153846
0 0.49675675675675673 0.7110576923076923 0.055135135135135134 0.18365384615384617
0 0.5305405405405406 0.6990384615384615 0.04162162162162162 0.1596153846153846
0 0.5791891891891892 0.6341346153846154 0.036216216216216214 0.02980769230769231
0 0.38054054054054054 0.7024038461538461 0.05837837837837838 0.16634615384615384
0 0.5418918918918919 0.9495192307692307 0.051351351351351354 0.10096153846153846
0 0.00945945945945946 0.8894230769230769 0.01891891891891892 0.22115384615384615
0 0.06297297297297297 0.7134615384615385 0.04162162162162162 0.18846153846153846
0 0.03054054054054054 0.7072115384615385 0.03945945945945946 0.17596153846153847
0 0.0327027027027027 0.6461538461538462 0.02972972972972973 0.05384615384615385
0 0.00945945945945946 0.6783653846153846 0.01891891891891892 0.11826923076923077