0 0.5197368421052632 0.16547861507128309 0.02002288329519451 0.2189409368635438
0 0.31827231121281474 0.16896130346232174 0.028483981693363823 0.10719959266802442
0 0.40647597254004575 0.13274949083503057 0.01822082379862695 0.07834012219959273
0 0.8995995423340961 0.15122199592668026 0.11813501144164759 0.3024439918533605
0 0.9668192219679634 0.7041751527494908 0.06636155606407322 0.12169042769857434
0 0.926487414187643 0.7769857433808554 0.07866132723112128 0.26476578411405294
0 0.7602974828375286 0.6736252545824847 0.04462242562929062 0.06619144602851323
0 0.7110983981693364 0.7265784114052953 0.08695652173913043 0.22810590631364563
0 0.6704805491990846 0.7163951120162932 0.04548054919908467 0.17515274949083504
0 0.6976544622425629 0.6542769857433809 0.02288329519450801 0.032586558044806514
0 0.8046338672768879 0.7795315682281059 0.20823798627002288 0.4409368635437882