0 0.03040141676505313 0.3870798319327731 0.023022432113341203 0.02415966386554622
0 0.8727863046044865 0.13760504201680673 0.08441558441558442 0.18960084033613445
0 0.11186540731995277 0.7715336134453782 0.05283353010625738 0.21428571428571427
0 0.22756788665879574 0.7358193277310925 0.04515938606847698 0.16859243697478993
0 0.05991735537190083 0.4684873949579832 0.023022432113341203 0.07563025210084033
0 0.007969303423848878 0.43487394957983194 0.01475796930342385 0.059873949579831935
0 0.3170011806375443 0.618172268907563 0.03305785123966942 0.07773109243697479
0 0.269185360094451 0.5598739495798319 0.03630460448642267 0.07668067226890757
0 0.09592680047225502 0.45115546218487396 0.015938606847697757 0.03623949579831933
0 0.2783353010625738 0.5514705882352942 0.02036599763872491 0.05777310924369748
0 0.8597992916174735 0.743172268907563 0.28040141676505315 0.5136554621848739