0 0.5617318435754189 0.20129224652087474 0.04664804469273743 0.08449304174950298
0 0.6410614525139665 0.20725646123260438 0.05335195530726257 0.11282306163021869
0 0.8798882681564246 0.279324055666004 0.10279329608938548 0.2803180914512923
0 0.7874301675977654 0.28330019880715707 0.09106145251396648 0.27236580516898606
0 0.7231843575418995 0.28777335984095426 0.06201117318435754 0.2634194831013916
0 0.5128491620111731 0.2837972166998012 0.09832402234636871 0.27137176938369784
0 0.39217877094972065 0.28578528827037775 0.13044692737430166 0.2673956262425447
0 0.4631284916201117 0.29025844930417494 0.06089385474860335 0.2584493041749503
0 0.5935754189944135 0.297713717693837 0.10670391061452514 0.24353876739562624
0 0.6955307262569832 0.30318091451292245 0.10474860335195531 0.23210735586481113
0 0.22374301675977654 0.735337972166998 0.05307262569832402 0.22117296222664015
0 0.2516759776536313 0.6197813121272365 0.05027932960893855 0.23359840954274355
0 0.017039106145251396 0.5934393638170974 0.03407821229050279 0.23658051689860835