0 0.3951048951048951 0.36363636363636365 0.11538461538461539 0.3706293706293706
0 0.09527972027972027 0.3732517482517482 0.13111888111888112 0.3513986013986014
0 0.025349650349650348 0.3557692307692308 0.050699300699300696 0.38636363636363635
0 0.09353146853146853 0.6197552447552448 0.07867132867132867 0.14160839160839161
0 0.03409090909090909 0.6783216783216783 0.06818181818181818 0.25874125874125875
0 0.1451048951048951 0.6590909090909091 0.0944055944055944 0.2097902097902098
0 0.22115384615384615 0.6748251748251748 0.07517482517482517 0.2202797202797203
0 0.2937062937062937 0.6442307692307693 0.08741258741258741 0.19055944055944055
0 0.35664335664335667 0.6643356643356644 0.06993006993006994 0.2062937062937063
0 0.41083916083916083 0.659965034965035 0.06293706293706294 0.16958041958041958
0 0.4868881118881119 0.6756993006993007 0.09615384615384616 0.07867132867132867
0 0.4991258741258741 0.7132867132867133 0.07517482517482517 0.0944055944055944
0 0.3784965034965035 0.7867132867132867 0.07867132867132867 0.1993006993006993
0 0.27534965034965037 0.7998251748251748 0.1346153846153846 0.17657342657342656
0 0.18269230769230768 0.8243006993006993 0.11713286713286714 0.18356643356643357
0 0.08741258741258741 0.8854895104895105 0.15384615384615385 0.20454545454545456
0 0.20367132867132867 0.888986013986014 0.1555944055944056 0.22202797202797203
0 0.29895104895104896 0.8356643356643356 0.16783216783216784 0.23776223776223776
0 0.4388111888111888 0.8461538461538461 0.13986013986013987 0.26573426573426573
0 0.5917832167832168 0.8277972027972028 0.19755244755244755 0.3409090909090909
0 0.5358391608391608 0.7508741258741258 0.12762237762237763 0.1660839160839161
0 0.8592657342657343 0.8050699300699301 0.28146853146853146 0.38986013986013984