0 0.19146825396825398 0.17394179894179895 0.07142857142857142 0.33201058201058203
0 0.2648809523809524 0.16997354497354497 0.09126984126984126 0.33994708994708994
0 0.029265873015873016 0.1746031746031746 0.05853174603174603 0.3306878306878307
0 0.13194444444444445 0.16997354497354497 0.061507936507936505 0.33994708994708994
0 0.39880952380952384 0.16997354497354497 0.09523809523809523 0.33994708994708994
0 0.3353174603174603 0.16997354497354497 0.0873015873015873 0.33994708994708994
0 0.07490079365079365 0.16997354497354497 0.06845238095238096 0.33994708994708994
0 0.8655753968253969 0.10449735449735449 0.046130952380952384 0.08465608465608465
0 0.9196428571428571 0.13161375661375663 0.07886904761904762 0.16732804232804233
0 0.8353174603174603 0.1283068783068783 0.05505952380952381 0.12235449735449735
0 0.7911706349206349 0.13756613756613756 0.0441468253968254 0.1283068783068783
0 0.7485119047619048 0.11970899470899471 0.05109126984126984 0.11243386243386243
0 0.7118055555555556 0.13161375661375663 0.040674603174603176 0.12037037037037036
0 0.6800595238095238 0.12896825396825398 0.03670634920634921 0.0992063492063492
0 0.6359126984126984 0.13822751322751323 0.056051587301587304 0.04563492063492063
0 0.6284722222222222 0.16005291005291006 0.0441468253968254 0.05489417989417989
0 0.6989087301587301 0.20304232804232805 0.046130952380952384 0.1164021164021164
0 0.7594246031746031 0.210978835978836 0.07886904761904762 0.10317460317460317
0 0.8134920634920635 0.22486772486772486 0.06845238095238096 0.10714285714285714
0 0.8690476190476191 0.2605820105820106 0.08978174603174603 0.11970899470899471
0 0.8010912698412699 0.26256613756613756 0.09077380952380952 0.12962962962962962
0 0.7455357142857143 0.23148148148148148 0.09821428571428571 0.1388888888888889
0 0.6636904761904762 0.23809523809523808 0.0818452380952381 0.15542328042328044
0 0.5744047619047619 0.22685185185185186 0.11557539682539683 0.19907407407407407
0 0.6071428571428571 0.18253968253968253 0.0744047619047619 0.09722222222222222
0 0.17708333333333334 0.6964285714285714 0.3541666666666667 0.6038359788359788
0 0.12946428571428573 0.5138888888888888 0.05009920634920635 0.19378306878306878
0 0.7524801587301587 0.7533068783068783 0.4107142857142857 0.49007936507936506
0 0.6086309523809523 0.6951058201058201 0.2390873015873016 0.6051587301587301