0 0.3203971119133574 0.23311897106109325 0.09747292418772563 0.3536977491961415
0 0.40884476534296027 0.2395498392282958 0.0812274368231047 0.3408360128617363
0 0.5333935018050542 0.25 0.032490974729241874 0.319935691318328
0 0.1592960288808664 0.2491961414790997 0.08574007220216606 0.3215434083601286
0 0.07716606498194946 0.25643086816720256 0.09115523465703972 0.3070739549839228
0 0.4796931407942238 0.24196141479099678 0.07671480144404332 0.3360128617363344
0 0.029332129963898917 0.204983922829582 0.058664259927797835 0.409967845659164
0 0.23916967509025272 0.2427652733118971 0.07942238267148015 0.33440514469453375
0 0.12274368231046931 0.1229903536977492 0.048736462093862815 0.20096463022508038
0 0.5207581227436823 0.22427652733118972 0.05776173285198556 0.37138263665594856
0 0.20171480144404333 0.23553054662379422 0.05144404332129964 0.34887459807073956
0 0.40794223826714804 0.1189710610932476 0.10108303249097472 0.21864951768488747
0 0.2752707581227437 0.22990353697749197 0.052346570397111915 0.36012861736334406
0 0.27481949458483756 0.13344051446945338 0.055054151624548735 0.16720257234726688