0 0.5776353276353277 0.2230769230769231 0.07834757834757834 0.21318681318681318
0 0.17806267806267806 0.22967032967032966 0.08547008547008547 0.23956043956043957
0 0.45584045584045585 0.26153846153846155 0.07692307692307693 0.2021978021978022
0 0.7799145299145299 0.2956043956043956 0.07264957264957266 0.3230769230769231
0 0.4565527065527066 0.46483516483516485 0.0754985754985755 0.6087912087912087
0 0.08404558404558404 0.48131868131868133 0.1396011396011396 0.6901098901098901
0 0.29914529914529914 0.5307692307692308 0.10541310541310542 0.6043956043956044
0 0.6374643874643875 0.5395604395604395 0.11538461538461539 0.6835164835164835
0 0.4066951566951567 0.5395604395604395 0.11823361823361823 0.5912087912087912
0 0.2022792022792023 0.5483516483516484 0.13675213675213677 0.6351648351648351
0 0.5327635327635327 0.5527472527472528 0.1623931623931624 0.6615384615384615
0 0.7556980056980057 0.5791208791208792 0.18091168091168092 0.7230769230769231
0 0.9017094017094017 0.5835164835164836 0.1908831908831909 0.7450549450549451
0 0.5185185185185185 0.14505494505494507 0.07977207977207977 0.18461538461538463
0 0.40384615384615385 0.17912087912087912 0.0754985754985755 0.1912087912087912
0 0.7115384615384616 0.18021978021978022 0.0868945868945869 0.189010989010989
0 0.6438746438746439 0.189010989010989 0.06837606837606838 0.23296703296703297
0 0.26353276353276356 0.2021978021978022 0.08831908831908832 0.25934065934065936
0 0.3425925925925926 0.21208791208791208 0.07834757834757834 0.26593406593406593