0 0.03237410071942446 0.4550359712230216 0.06474820143884892 0.5287769784172662
0 0.20863309352517986 0.4982014388489209 0.08273381294964029 0.44244604316546765
0 0.33902877697841727 0.5044964028776978 0.07913669064748201 0.4289568345323741
0 0.24190647482014388 0.4856115107913669 0.05665467625899281 0.46672661870503596
0 0.14388489208633093 0.48830935251798563 0.0683453237410072 0.46223021582733814
0 0.08992805755395683 0.4721223021582734 0.07823741007194245 0.49460431654676257
0 0.2886690647482014 0.5251798561151079 0.048561151079136694 0.38848920863309355
0 0.7140287769784173 0.3597122302158273 0.5674460431654677 0.7194244604316546
0 0.5944244604316546 0.4748201438848921 0.11510791366906475 0.289568345323741
0 0.28776978417266186 0.8525179856115108 0.2841726618705036 0.26618705035971224
0 0.6825539568345323 0.9325539568345323 0.07733812949640288 0.044964028776978415