0 0.5858585858585859 0.685625 0.16565656565656567 0.61375
0 0.3338383838383838 0.695625 0.1808080808080808 0.59375
0 0.8313131313131313 0.69875 0.16767676767676767 0.5875
0 0.08888888888888889 0.714375 0.1595959595959596 0.56125
0 0.20505050505050504 0.643125 0.16767676767676767 0.69625
0 0.9515151515151515 0.70875 0.09494949494949495 0.565
0 0.4808080808080808 0.658125 0.1414141414141414 0.67375
0 0.7388888888888889 0.684375 0.13636363636363635 0.61375
0 0.14494949494949494 0.381875 0.09393939393939393 0.11375
0 0.6353535353535353 0.37 0.052525252525252523 0.1075
0 0.7121212121212122 0.338125 0.08888888888888889 0.11125
0 0.31666666666666665 0.361875 0.14242424242424243 0.19625
0 0.04040404040404041 0.68875 0.08080808080808081 0.6075
0 0.6676767676767676 0.665 0.10909090909090909 0.65
0 0.557070707070707 0.3875 0.07777777777777778 0.135
0 0.4863636363636364 0.355625 0.11818181818181818 0.17875
0 0.3924242424242424 0.66625 0.08585858585858586 0.63