0 0.5028935185185185 0.1646090534979424 0.2019675925925926 0.24845679012345678
0 0.17418981481481483 0.1646090534979424 0.17100694444444445 0.24897119341563786
0 0.3342013888888889 0.15329218106995884 0.24189814814814814 0.27109053497942387
0 0.9768518518518519 0.06893004115226338 0.025752314814814815 0.09670781893004116
0 0.9522569444444444 0.048868312757201646 0.03125 0.03446502057613169
0 0.7607060185185185 0.056584362139917695 0.02488425925925926 0.025205761316872428
0 0.30497685185185186 0.9125514403292181 0.0625 0.1748971193415638
0 0.3532986111111111 0.35390946502057613 0.05497685185185185 0.12962962962962962
0 0.6157407407407407 0.4002057613168724 0.047453703703703706 0.205761316872428
0 0.5538194444444444 0.382201646090535 0.056712962962962965 0.18621399176954734
0 0.49797453703703703 0.360082304526749 0.043402777777777776 0.1419753086419753
0 0.4664351851851852 0.3549382716049383 0.052083333333333336 0.13168724279835392
0 0.4270833333333333 0.3446502057613169 0.052083333333333336 0.1111111111111111
0 0.4230324074074074 0.4881687242798354 0.05497685185185185 0.22119341563786007
0 0.4049479166666667 0.422582304526749 0.04774305555555555 0.18261316872427982
0 0.020543981481481483 0.617798353909465 0.041087962962962965 0.2294238683127572
0 0.1908275462962963 0.48559670781893005 0.05642361111111111 0.2109053497942387
0 0.17766203703703703 0.3549382716049383 0.04513888888888889 0.13168724279835392
0 0.21961805555555555 0.3317901234567901 0.036458333333333336 0.08539094650205761
0 0.1189236111111111 0.3281893004115226 0.04918981481481482 0.07818930041152264
0 0.5387731481481481 0.8495370370370371 0.06655092592592593 0.22376543209876543
0 0.5358796296296297 0.9614197530864198 0.06944444444444445 0.07716049382716049
0 0.4409722222222222 0.9161522633744856 0.059027777777777776 0.16769547325102882
0 0.3767361111111111 0.801954732510288 0.05497685185185185 0.2623456790123457
0 0.8263888888888888 0.5807613168724279 0.024305555555555556 0.09207818930041152