0 0.8961111111111111 0.6224137931034482 0.09444444444444444 0.6344827586206897
0 0.5044444444444445 0.6068965517241379 0.12 0.6517241379310345
0 0.6133333333333333 0.6172413793103448 0.1 0.6448275862068965
0 0.8022222222222222 0.625 0.1111111111111111 0.6155172413793103
0 0.3061111111111111 0.621551724137931 0.10555555555555556 0.6120689655172413
0 0.205 0.6267241379310344 0.11222222222222222 0.5913793103448276
0 0.7005555555555556 0.6146551724137931 0.09444444444444444 0.6293103448275862
0 0.12444444444444444 0.5620689655172414 0.11555555555555555 0.6862068965517242
0 0.40444444444444444 0.6146551724137931 0.09777777777777778 0.6258620689655172
0 0.2611111111111111 0.35258620689655173 0.06 0.21551724137931033
0 0.7527777777777778 0.5818965517241379 0.07444444444444444 0.6396551724137931
0 0.35833333333333334 0.5887931034482758 0.06333333333333334 0.6051724137931035
0 0.6122222222222222 0.3482758620689655 0.12444444444444444 0.23448275862068965
0 0.4488888888888889 0.5732758620689655 0.06444444444444444 0.5982758620689655
0 0.4483333333333333 0.36379310344827587 0.06777777777777778 0.1793103448275862