0 0.2511961722488038 0.2297872340425532 0.11632775119617225 0.35319148936170214
0 0.14952153110047847 0.2691489361702128 0.12888755980861244 0.4765957446808511
0 0.34001196172248804 0.2877659574468085 0.1375598086124402 0.4595744680851064
0 0.4485645933014354 0.29308510638297874 0.08761961722488039 0.47819148936170214
0 0.031399521531100476 0.3021276595744681 0.0625 0.44574468085106383
0 0.37200956937799046 0.34308510638297873 0.10616028708133972 0.39893617021276595
0 0.46919856459330145 0.3446808510638298 0.08044258373205741 0.4101063829787234
0 0.22278708133971292 0.34574468085106386 0.11094497607655503 0.3898936170212766
0 0.09659090909090909 0.3468085106382979 0.12739234449760767 0.3803191489361702
0 0.02751196172248804 0.9377659574468085 0.05502392344497608 0.12446808510638298
0 0.48564593301435405 0.8313829787234043 0.04784688995215311 0.2372340425531915
0 0.4602272727272727 0.7079787234042553 0.05382775119617225 0.25
0 0.09688995215311005 0.8515957446808511 0.056818181818181816 0.2712765957446808
0 0.3014354066985646 0.5968085106382979 0.06578947368421052 0.09361702127659574
0 0.0924043062200957 0.6037234042553191 0.04485645933014354 0.1074468085106383
0 0.19108851674641147 0.9228723404255319 0.07476076555023924 0.15425531914893617
0 0.17314593301435408 0.872872340425532 0.06279904306220095 0.2393617021276596
0 0.24641148325358853 0.8289893617021277 0.07177033492822966 0.2632978723404255
0 0.6623803827751196 0.6101063829787234 0.056818181818181816 0.1202127659574468
0 0.7172547846889952 0.6875 0.049342105263157895 0.2579787234042553
0 0.7200956937799043 0.5845744680851064 0.04904306220095694 0.06914893617021277
0 0.6589413875598086 0.7632978723404256 0.05233253588516747 0.21808510638297873
0 0.7455143540669856 0.9601063829787234 0.05801435406698564 0.0797872340425532
0 0.8352272727272727 0.9292553191489362 0.06160287081339713 0.14148936170212767
0 0.899671052631579 0.8111702127659575 0.0583133971291866 0.2553191489361702
0 0.5164473684210527 0.7021276595744681 0.01375598086124402 0.20212765957446807
0 0.5149521531100478 0.8760638297872341 0.01076555023923445 0.2478723404255319
0 0.8256578947368421 0.6928191489361702 0.04784688995215311 0.19414893617021275
0 0.7793062200956937 0.6781914893617021 0.041866028708133975 0.2127659574468085