0 0.03964194373401535 0.14934593023255813 0.0792838874680307 0.20130813953488372
0 0.21824381926683717 0.16388081395348839 0.079923273657289 0.17223837209302326
0 0.34271099744245526 0.16569767441860464 0.07587382779198636 0.1686046511627907
0 0.2491474850809889 0.1595203488372093 0.054774083546462064 0.18095930232558138
0 0.15494458653026427 0.16061046511627908 0.06628303495311168 0.17877906976744187
0 0.1025149190110827 0.15479651162790697 0.07544757033248081 0.1900436046511628
0 0.29475703324808183 0.1726017441860465 0.04731457800511509 0.15479651162790697
0 0.8156436487638533 0.12863372093023256 0.2696078431372549 0.2292877906976744
0 0.16389599317988066 0.8942587209302325 0.023444160272804774 0.10973837209302326
0 0.18840579710144928 0.9106104651162791 0.027280477408354646 0.11627906976744186
0 0.29987212276214836 0.985828488372093 0.027706734867860187 0.028343023255813952
0 0.01278772378516624 0.9851017441860465 0.02557544757033248 0.029796511627906978
0 0.04752770673486786 0.9207848837209303 0.02600170502983802 0.09156976744186046
0 0.20076726342711 0.7376453488372093 0.014492753623188406 0.09011627906976744
0 0.08176470588235302 0.9027761627906977 0.025733162830349484 0.09042877906976732
0 0.10656436487638533 0.8186773255813954 0.023870417732310314 0.10101744186046512
0 0.06275788576300086 0.8966933139534883 0.023947144075021437 0.08362645348837221
0 0.06947996589940324 0.7449127906976745 0.0196078431372549 0.08139534883720931
0 0.005967604433077579 0.7590843023255814 0.011935208866155157 0.07194767441860465
0 0.21270247229326514 0.6856831395348837 0.013640238704177323 0.08502906976744186
0 0.06606990622335891 0.4069767441860465 0.013640238704177323 0.0625
0 0.07949701619778346 0.6649709302325582 0.014919011082693947 0.0436046511627907
0 0.2943307757885763 0.5835755813953488 0.010656436487638534 0.06976744186046512
0 0.3648763853367434 0.5181686046511628 0.00937766410912191 0.06540697674418605
0 0.2421142369991475 0.7143895348837209 0.014492753623188406 0.08575581395348837
0 0.38824381926683715 0.5382049418604652 0.013486786018755274 0.06332122093023247
0 0.1285166240409207 0.3695494186046512 0.008951406649616368 0.06322674418604651
0 0.12020460358056266 0.6231831395348837 0.014492753623188406 0.06613372093023256
0 0.15601023017902813 0.35973837209302323 0.00937766410912191 0.055232558139534885
0 0.24317988064791135 0.515625 0.008951406649616368 0.05450581395348837
0 0.30924978687127025 0.5305232558139535 0.008951406649616368 0.061046511627906974
0 0.31695225916453534 0.5879578488372093 0.008951406649616368 0.0625
0 0.18904518329070757 0.6246366279069767 0.00980392156862745 0.06468023255813954
0 0.052246376811594275 0.7513808139534884 0.019782608695652112 0.0721438953488372
0 0.14130434782608695 0.3640988372093023 0.00980392156862745 0.05813953488372093
0 0.24680306905370844 0.3288517441860465 0.00937766410912191 0.05159883720930233
0 0.3591219096334186 0.515625 0.010656436487638534 0.06322674418604651
0 0.03233589087809042 0.7270130813953488 0.014492753623188406 0.04433139534883721
0 0.30861040068201195 0.5835755813953488 0.008525149190110827 0.06831395348837209
0 0.20140664961636828 0.6239098837209303 0.008951406649616368 0.06613372093023256
0 0.22719522591645352 0.6973110465116279 0.01278772378516624 0.07921511627906977
0 0.22186274509803922 0.6655014534883721 0.014075021312872967 0.08324854651162787
0 0.11189684569479975 0.6457921511627908 0.014075021312873161 0.08810319767441861
0 0.32011935208866155 0.5272529069767442 0.00937766410912191 0.057412790697674417
0 0.4156010230179028 0.5515988372093024 0.011935208866155157 0.056686046511627904
0 0.2760699062233589 0.4988808139534884 0.011159420289855003 0.044476744186046545
0 0.20907928388746802 0.6224563953488372 0.0123614663256607 0.06468023255813954
0 0.20247229326513214 0.3386627906976744 0.010230179028132993 0.056686046511627904
0 0.2781329923273657 0.3230377906976744 0.00980392156862745 0.04578488372093023
0 0.3041346973572038 0.4949127906976744 0.008098891730605285 0.05813953488372093
0 0.2943307757885763 0.3190406976744186 0.008951406649616368 0.04505813953488372
0 0.22070332480818414 0.5117659883720931 0.012527706734867805 0.054244186046511704
0 0.38064791133844844 0.46075581395348836 0.0076726342710997444 0.05377906976744186
0 0.18542199488491048 0.7129360465116279 0.011082693947144074 0.08866279069767442
0 0.2280477408354646 0.33430232558139533 0.008525149190110827 0.04941860465116279
0 0.4019607843137255 0.5145348837209303 0.011082693947144074 0.07122093023255814
0 0.2981670929241262 0.4967296511627907 0.008098891730605285 0.06031976744186047
0 0.3525149190110827 0.5897529069767442 0.008525149190110827 0.06758720930232558
0 0.29886189258312024 0.5850290697674418 0.008951406649616368 0.07412790697674419
0 0.17028985507246377 0.3550145348837209 0.00980392156862745 0.05450581395348837
0 0.21824381926683717 0.33648255813953487 0.00937766410912191 0.050872093023255814
0 0.3422847399829497 0.5933866279069767 0.011935208866155157 0.06468023255813954
0 0.26108269394714406 0.33066860465116277 0.00980392156862745 0.05232558139534884
0 0.2494202898550725 0.6728052325581395 0.015345268542199489 0.07267441860465117
0 0.42348678601875533 0.7550872093023255 0.0123614663256607 0.059593023255813955
0 0.4100937766410912 0.7400508720930232 0.015502983802216493 0.044047965116278995
0 0.3153367433930094 0.49033430232558145 0.006956521739130504 0.04694767441860458
0 0.2579667519181586 0.5098255813953488 0.012625745950554088 0.050741279069767393
0 0.2568584825234441 0.47556686046511626 0.008205456095481671 0.04630813953488374
0 0.27776214833759594 0.4727325581395349 0.009876385336743424 0.043161337209302396
0 0.2714066496163683 0.47885901162790706 0.010571184995737504 0.032172965116279054
0 0.24617647058823527 0.4552906976744186 0.009479965899403147 0.03968750000000001
0 0.23162830349531122 0.47414970930232564 0.007821824381926645 0.044731104651162756
0 0.04166240409207152 0.7077107558139535 0.018299232736573013 0.040683139534883735
0 0.15975277067348678 0.5105813953488372 0.007860187553282206 0.03781249999999998
0 0.389228473998295 0.3069186046511628 0.00913469735720368 0.041969476744186045
0 0.4011082693947144 0.3078633720930233 0.00932651321398129 0.04134447674418604
0 0.23557118499573745 0.33567587209302324 0.01098891730605294 0.04922238372093025
0 0.2519607843137254 0.33017441860465113 0.006214833759590762 0.04449854651162792