0 0.5226510067114094 0.4360587002096436 0.1078020134228188 0.3165618448637317
0 0.3775167785234899 0.4360587002096436 0.08305369127516779 0.3191823899371069
0 0.25041946308724833 0.4360587002096436 0.08053691275167785 0.3165618448637317
0 0.44211409395973156 0.43658280922431864 0.08389261744966443 0.31761006289308175
0 0.31166107382550334 0.44654088050314467 0.07130872483221476 0.2976939203354298
0 0.3846476510067114 0.269916142557652 0.06669463087248322 0.17819706498951782
0 0.3200503355704698 0.27044025157232704 0.07130872483221476 0.20073375262054508
0 0.11912751677852348 0.4392033542976939 0.07550335570469799 0.30974842767295596
0 0.18120805369127516 0.4386792452830189 0.07130872483221476 0.3107966457023061
0 0.2625838926174497 0.2667714884696017 0.07298657718120806 0.19549266247379454
0 0.44421140939597314 0.26519916142557654 0.060822147651006714 0.16614255765199162
0 0.20176174496644295 0.28459119496855345 0.060822147651006714 0.20754716981132076
0 0.5151006711409396 0.2908805031446541 0.10612416107382551 0.19392033542976939
0 0.13926174496644295 0.2693920335429769 0.07466442953020135 0.2112159329140461
0 0.9110738255033557 0.21016771488469602 0.017197986577181208 0.04035639412997904
0 0.8171140939597316 0.31341719077568136 0.037751677852348994 0.28721174004192873