0 0.05615482233502538 0.5 0.11230964467005077 0.2594594594594595
0 0.27411167512690354 0.5005405405405405 0.12436548223350254 0.2583783783783784
0 0.3727791878172589 0.5102702702702703 0.0932741116751269 0.23891891891891892
0 0.1811548223350254 0.48027027027027025 0.15926395939086294 0.2989189189189189
0 0.1157994923857868 0.38297297297297295 0.05012690355329949 0.07081081081081081
0 0.3638959390862944 0.3956756756756757 0.11104060913705584 0.10594594594594595
0 0.2509517766497462 0.38891891891891894 0.056472081218274114 0.06324324324324325
0 0.837246192893401 0.3910810810810811 0.09390862944162437 0.47702702702702704
0 0.5304568527918782 0.38594594594594595 0.09930203045685279 0.4875675675675676
0 0.7572969543147208 0.41 0.07043147208121828 0.43945945945945947
0 0.6881345177664975 0.3945945945945946 0.08565989847715735 0.4702702702702703
0 0.6123096446700508 0.3886486486486487 0.08470812182741116 0.4818918918918919
0 0.7988578680203046 0.33972972972972976 0.05552030456852792 0.4643243243243243
0 0.6478426395939086 0.17081081081081081 0.050761421319796954 0.14540540540540542
0 0.569479695431472 0.17297297297297298 0.05520304568527919 0.14216216216216215
0 0.7338197969543148 0.17432432432432432 0.07677664974619289 0.18783783783783783
0 0.22366751269035534 0.8327027027027027 0.054251269035533 0.11594594594594594
0 0.29124365482233505 0.7648648648648648 0.027601522842639593 0.07297297297297298
0 0.8857868020304569 0.8662162162162163 0.19098984771573604 0.26756756756756755
0 0.5840736040609137 0.8432432432432433 0.3293147208121827 0.31351351351351353