0 0.12223451327433628 0.3635693215339233 0.24446902654867256 0.29056047197640117
0 0.3473451327433628 0.3613569321533923 0.2831858407079646 0.2949852507374631
0 0.17920353982300885 0.23672566371681417 0.0752212389380531 0.140117994100295
0 0.1006637168141593 0.24041297935103245 0.09513274336283185 0.1710914454277286
0 0.3694690265486726 0.23303834808259588 0.08628318584070796 0.168141592920354
0 0.4336283185840708 0.23156342182890854 0.09292035398230089 0.21238938053097345
0 0.043694690265486724 0.24631268436578171 0.06747787610619468 0.19174041297935104
0 0.2815265486725664 0.2168141592920354 0.11393805309734513 0.17699115044247787
0 0.023230088495575223 0.2861356932153392 0.046460176991150445 0.1592920353982301
0 0.32853982300884954 0.6644542772861357 0.14380530973451328 0.278023598820059
0 0.8698672566371681 0.8035398230088495 0.11521017699115042 0.19876106194690263