0 0.919 0.6277777777777778 0.108 0.6777777777777778
0 0.782 0.7444444444444445 0.104 0.48444444444444446
0 0.8605 0.5811111111111111 0.083 0.6777777777777778
0 0.3435 0.7188888888888889 0.093 0.3933333333333333
0 0.6225 0.7255555555555555 0.103 0.44222222222222224
0 0.106 0.7344444444444445 0.102 0.44222222222222224
0 0.16 0.4444444444444444 0.07 0.3333333333333333
0 0.0825 0.5866666666666667 0.105 0.6088888888888889
0 0.253 0.22666666666666666 0.132 0.29333333333333333
0 0.19 0.7166666666666667 0.086 0.3933333333333333
0 0.099 0.22777777777777777 0.078 0.3488888888888889
0 0.3375 0.48 0.079 0.3022222222222222
0 0.6975 0.7455555555555555 0.069 0.42
0 0.8015 0.4666666666666667 0.063 0.37777777777777777
0 0.2215 0.4588888888888889 0.079 0.31777777777777777
0 0.2645 0.72 0.077 0.39111111111111113
0 0.2835 0.45555555555555555 0.073 0.31555555555555553
0 0.7525 0.4811111111111111 0.083 0.31333333333333335
0 0.458 0.5233333333333333 0.078 0.4822222222222222
0 0.7495 0.2688888888888889 0.073 0.3333333333333333
0 0.629 0.25666666666666665 0.064 0.3622222222222222
0 0.6125 0.4688888888888889 0.075 0.32
0 0.394 0.5166666666666667 0.068 0.4911111111111111
0 0.528 0.54 0.072 0.4444444444444444
0 0.539 0.7211111111111111 0.07 0.4111111111111111
0 0.68 0.48 0.072 0.3288888888888889
0 0.4335 0.7255555555555555 0.107 0.3844444444444444
0 0.3225 0.31333333333333335 0.051 0.1688888888888889
0 0.57 0.45222222222222225 0.06 0.34444444444444444
0 0.429 0.3088888888888889 0.042 0.17777777777777778
0 0.489 0.34444444444444444 0.044 0.17333333333333334