0 0.6325 0.699812382739212 0.245 0.5853658536585366
0 0.130625 0.5694183864915572 0.17375 0.801125703564728
0 0.851875 0.5881801125703565 0.13125 0.801125703564728
0 0.231875 0.7101313320825516 0.22375 0.5572232645403377
0 0.763125 0.6022514071294559 0.14125 0.7279549718574109
0 0.621875 0.37335834896810505 0.15625 0.34896810506566606
0 0.48875 0.5487804878048781 0.135 0.624765478424015
0 0.39875 0.46904315196998125 0.105 0.4540337711069418
0 0.545625 0.2879924953095685 0.07625 0.16322701688555347
0 0.68875 0.3048780487804878 0.09 0.28330206378986866
0 0.291875 0.4793621013133208 0.14375 0.44840525328330205
0 0.300625 0.29362101313320826 0.14625 0.2270168855534709