0 0.42 0.611244019138756 0.155 0.7535885167464115
0 0.911875 0.6016746411483254 0.16625 0.7679425837320574
0 0.06625 0.562200956937799 0.1325 0.84688995215311
0 0.155 0.6435406698564593 0.17 0.6889952153110048
0 0.285 0.6279904306220095 0.1425 0.7248803827751196
0 0.79125 0.6124401913875598 0.1525 0.7464114832535885
0 0.660625 0.631578947368421 0.12375 0.7081339712918661
0 0.585625 0.34210526315789475 0.07125 0.24401913875598086
0 0.544375 0.6267942583732058 0.13375 0.722488038277512
0 0.475625 0.3277511961722488 0.05625 0.23923444976076555
0 0.841875 0.30741626794258375 0.08375 0.2942583732057416
0 0.220625 0.35167464114832536 0.06625 0.3157894736842105
0 0.358125 0.32894736842105265 0.06875 0.3660287081339713
0 0.705 0.3624401913875598 0.08 0.3038277511961722