0 0.07079646017699115 0.23049645390070922 0.11946902654867257 0.41843971631205673
0 0.21736725663716813 0.22872340425531915 0.17146017699115043 0.3900709219858156
0 0.3855088495575221 0.34131205673758863 0.12721238938053098 0.19680851063829788
0 0.25663716814159293 0.36613475177304966 0.14380530973451328 0.14716312056737588
0 0.10730088495575221 0.36436170212765956 0.19247787610619468 0.15070921985815602
0 0.353429203539823 0.24468085106382978 0.1426991150442478 0.3900709219858156
0 0.40099557522123896 0.1320921985815603 0.09623893805309734 0.2641843971631206
0 0.3064159292035398 0.0975177304964539 0.10619469026548672 0.1950354609929078
0 0.18196902654867256 0.20921985815602837 0.09845132743362832 0.41843971631205673
0 0.8025442477876106 0.1400709219858156 0.08960176991150443 0.2801418439716312
0 0.9452433628318584 0.16400709219858156 0.10951327433628319 0.3280141843971631
0 0.5641592920353983 0.18085106382978725 0.1592920353982301 0.3617021276595745
0 0.06492256637168141 0.7217730496453901 0.09360619469026549 0.5551063829787233
0 0.16448008849557522 0.6781205673758866 0.07658185840707966 0.4759929078014185
0 0.2793141592920354 0.6843971631205674 0.07411504424778761 0.48936170212765956
0 0.3814712389380531 0.6256205673758866 0.05956858407079649 0.27822695035461
0 0.42367256637168144 0.6081560283687943 0.05088495575221239 0.24468085106382978
0 0.32019911504424775 0.6031028368794326 0.03744469026548675 0.2468617021276595
0 0.007743362831858407 0.5726950354609929 0.015486725663716814 0.22340425531914893
0 0.8921460176991151 0.7322695035460993 0.21515486725663716 0.5354609929078015
0 0.620575221238938 0.7065602836879432 0.31305309734513276 0.3776595744680851