0 0.41638225255972694 0.23582995951417005 0.0671217292377702 0.38461538461538464
0 0.042662116040955635 0.21305668016194332 0.08532423208191127 0.42611336032388664
0 0.22724687144482367 0.21710526315789475 0.08048919226393629 0.4180161943319838
0 0.1550056882821388 0.23279352226720648 0.07337883959044368 0.39271255060728744
0 0.3512514220705347 0.22520242914979757 0.0816268486916951 0.40536437246963564
0 0.10409556313993173 0.2550607287449393 0.05233219567690557 0.3481781376518219
0 0.2909556313993174 0.2145748987854251 0.06825938566552901 0.4291497975708502
0 0.1562457337883959 0.7318117408906882 0.07245733788395904 0.2911032388663969
0 0.18105233219567693 0.7058906882591093 0.04163822525597272 0.26006072874493935
0 0.23984641638225254 0.7219736842105262 0.053196814562002266 0.3017914979757086
0 0.7596700796359499 0.6017206477732794 0.14419795221843004 0.3451417004048583