0 0.8610567514677103 0.5726027397260274 0.1643835616438356 0.5424657534246575
0 0.49510763209393344 0.5767123287671233 0.13307240704500978 0.5342465753424658
0 0.11448140900195694 0.5835616438356165 0.16634050880626222 0.5315068493150685
0 0.36888454011741684 0.5767123287671233 0.1350293542074364 0.5342465753424658
0 0.25244618395303325 0.5726027397260274 0.12915851272015655 0.536986301369863
0 0.7142857142857143 0.5561643835616439 0.14481409001956946 0.5589041095890411
0 0.6095890410958904 0.5835616438356165 0.11937377690802348 0.5095890410958904
0 0.4843444227005871 0.26164383561643834 0.1350293542074364 0.34794520547945207
0 0.5958904109589042 0.27945205479452057 0.12720156555772993 0.3726027397260274
0 0.24070450097847357 0.28493150684931506 0.15655577299412915 0.3178082191780822
0 0.3659491193737769 0.26301369863013696 0.12915851272015655 0.3287671232876712
0 0.723091976516634 0.26438356164383564 0.15851272015655576 0.32602739726027397