0 0.06648648648648649 0.2533653846153846 0.08243243243243244 0.19326923076923078
0 0.14432432432432432 0.25721153846153844 0.07324324324324324 0.18509615384615385
0 0.5024324324324324 0.25048076923076923 0.09135135135135135 0.19903846153846153
0 0.28486486486486484 0.25 0.07945945945945945 0.2
0 0.581081081081081 0.25432692307692306 0.09081081081081081 0.1908653846153846
0 0.21621621621621623 0.2610576923076923 0.06918918918918919 0.1778846153846154
0 0.35621621621621624 0.2514423076923077 0.06918918918918919 0.1971153846153846
0 0.42945945945945946 0.2533653846153846 0.08702702702702703 0.19278846153846155
0 0.5683783783783783 0.14182692307692307 0.07513513513513513 0.1076923076923077
0 0.23540540540540542 0.15096153846153845 0.05702702702702703 0.08461538461538462
0 0.3245945945945946 0.15432692307692308 0.05054054054054054 0.11778846153846154
0 0.3981081081081081 0.15096153846153845 0.05945945945945946 0.08413461538461539
0 0.514054054054054 0.15865384615384615 0.06621621621621622 0.10192307692307692
0 0.36675675675675673 0.1293269230769231 0.04675675675675676 0.0673076923076923
0 0.4502702702702703 0.14903846153846154 0.06 0.10576923076923077
0 0.2864864864864865 0.15048076923076922 0.05459459459459459 0.08509615384615385
0 0.0372972972972973 0.19278846153846155 0.056486486486486485 0.14711538461538462
0 0.2008108108108108 0.16826923076923078 0.04810810810810811 0.12548076923076923
0 0.10567567567567568 0.1596153846153846 0.0672972972972973 0.10336538461538461
0 0.4808108108108108 0.1201923076923077 0.043243243243243246 0.06057692307692308
0 0.15324324324324323 0.15432692307692308 0.05054054054054054 0.07259615384615385
0 0.26513513513513515 0.12403846153846154 0.033783783783783786 0.05096153846153846
0 0.13216216216216217 0.12307692307692308 0.03135135135135135 0.05432692307692308
0 0.17891891891891892 0.12788461538461537 0.025945945945945945 0.06057692307692308
0 0.7335135135135135 0.14951923076923077 0.051351351351351354 0.12980769230769232
0 0.6841891891891891 0.2300480769230769 0.0445945945945946 0.23317307692307693
0 0.6818918918918919 0.10240384615384615 0.04378378378378378 0.13173076923076923
0 0.8867567567567568 0.052884615384615384 0.036216216216216214 0.10576923076923077
0 0.6816216216216217 0.014423076923076924 0.03891891891891892 0.028846153846153848
0 0.7154054054054054 0.013461538461538462 0.03945945945945946 0.026923076923076925
0 0.7367567567567568 0.275 0.04756756756756757 0.15
0 0.9382432432432433 0.08701923076923077 0.033783783783783786 0.16826923076923078
0 0.9524324324324325 0.16875 0.04594594594594595 0.18269230769230768
0 0.9071621621621622 0.17115384615384616 0.03648648648648649 0.17307692307692307
0 0.8794594594594595 0.24326923076923077 0.04054054054054054 0.18269230769230768
0 0.8854054054054054 0.3192307692307692 0.04756756756756757 0.06153846153846154
0 0.8583783783783784 0.055288461538461536 0.036756756756756756 0.11057692307692307
0 0.26594594594594595 0.8 0.11783783783783784 0.4
0 0.21162162162162163 0.45721153846153845 0.051351351351351354 0.2144230769230769
0 0.6737837837837838 0.8086538461538462 0.027567567567567567 0.3682692307692308