0 0.39285714285714285 0.2081151832460733 0.21951219512195122 0.4162303664921466
0 0.1171602787456446 0.22971204188481675 0.2343205574912892 0.4594240837696335
0 0.20165505226480837 0.2238219895287958 0.18205574912891986 0.4476439790575916
0 0.2613240418118467 0.8206806282722513 0.24738675958188153 0.3586387434554974
0 0.6315331010452961 0.7794502617801047 0.11846689895470383 0.4410994764397906
0 0.9490418118466899 0.7794502617801047 0.09668989547038327 0.4410994764397906
0 0.8449477351916377 0.7794502617801047 0.11149825783972125 0.4410994764397906
0 0.7430313588850174 0.7794502617801047 0.11498257839721254 0.4410994764397906
0 0.5574912891986062 0.7794502617801047 0.07665505226480836 0.4410994764397906
0 0.6877177700348432 0.7225130890052356 0.07752613240418119 0.32722513089005234
0 0.9024390243902439 0.7454188481675392 0.07491289198606271 0.3730366492146597
0 0.7918118466898955 0.5896596858638743 0.07142857142857142 0.061518324607329845
0 0.9028745644599303 0.5916230366492147 0.07578397212543554 0.06544502617801047
0 0.9864982578397212 0.7428010471204188 0.02700348432055749 0.36780104712041883
0 0.7913763066202091 0.7159685863874345 0.07055749128919861 0.31413612565445026