0 0.429006968641115 0.5189295039164491 0.09843205574912892 0.2597911227154047
0 0.18205574912891986 0.48629242819843344 0.08885017421602788 0.2754569190600522
0 0.08013937282229965 0.5313315926892951 0.11498257839721254 0.2349869451697128
0 0.5278745644599303 0.4706266318537859 0.04355400696864112 0.31723237597911225
0 0.2452090592334495 0.5326370757180157 0.06707317073170732 0.23237597911227154
0 0.313588850174216 0.5502610966057441 0.09930313588850175 0.19712793733681463
0 0.04355400696864112 0.37010443864229764 0.08710801393728224 0.20234986945169714
0 0.018292682926829267 0.5280678851174935 0.036585365853658534 0.24151436031331594
0 0.48998257839721254 0.4680156657963446 0.09843205574912892 0.26762402088772846
0 0.25653310104529614 0.41840731070496084 0.08623693379790941 0.1814621409921671
0 0.3554006968641115 0.5143603133159269 0.07665505226480836 0.2689295039164491
0 0.3166376306620209 0.3093994778067885 0.08275261324041812 0.16971279373368145
0 0.3270905923344948 0.4007832898172324 0.07055749128919861 0.18798955613577023
0 0.1289198606271777 0.43537859007832896 0.06968641114982578 0.2597911227154047
0 0.4037456445993031 0.379242819843342 0.06358885017421603 0.13446475195822455
0 0.11585365853658537 0.2780678851174935 0.06968641114982578 0.18798955613577023
0 0.24041811846689895 0.3198433420365535 0.0627177700348432 0.1122715404699739
0 0.17770034843205576 0.3322454308093995 0.06620209059233449 0.12663185378590078
0 0.03789198606271777 0.24151436031331594 0.0740418118466899 0.17232375979112272
0 0.08275261324041812 0.18276762402088773 0.06620209059233449 0.2689295039164491
0 0.19207317073170732 0.22258485639686684 0.07055749128919861 0.1919060052219321
0 0.024390243902439025 0.1468668407310705 0.04878048780487805 0.15535248041775457
0 0.3105400696864111 0.19843342036553524 0.06010452961672474 0.15926892950391644
0 0.4921602787456446 0.11357702349869452 0.07142857142857142 0.22193211488250653
0 0.39242160278745647 0.22193211488250653 0.06881533101045297 0.19843342036553524
0 0.20644599303135888 0.13185378590078328 0.06794425087108014 0.15404699738903394
0 0.4943379790940767 0.28067885117493474 0.07926829268292683 0.1514360313315927
0 0.3549651567944251 0.2819843342036554 0.06010452961672474 0.19843342036553524
0 0.45818815331010454 0.2304177545691906 0.05749128919860627 0.12663185378590078
0 0.2452090592334495 0.26174934725848564 0.08101045296167247 0.16318537859007834
0 0.3667247386759582 0.09921671018276762 0.06445993031358885 0.18276762402088773
0 0.13196864111498258 0.1821148825065274 0.06707317073170732 0.2206266318537859
0 0.5361498257839721 0.1468668407310705 0.02700348432055749 0.15535248041775457
0 0.42160278745644597 0.30613577023498695 0.07142857142857142 0.1475195822454308
0 0.156794425087108 0.09138381201044386 0.0627177700348432 0.16449086161879894
0 0.2225609756097561 0.0926892950391645 0.07229965156794425 0.185378590078329
0 0.5178571428571429 0.3413838120104439 0.06358885017421603 0.13446475195822455
0 0.5161149825783972 0.19255874673629242 0.06707317073170732 0.1370757180156658
0 0.29181184668989546 0.09921671018276762 0.06445993031358885 0.19843342036553524
0 0.43423344947735193 0.10182767624020887 0.06010452961672474 0.13838120104438642
0 0.32839721254355403 0.7845953002610966 0.04660278745644599 0.058093994778067884
0 0.6276132404181185 0.8550913838120104 0.13153310104529617 0.2898172323759791
0 0.7460801393728222 0.8244125326370757 0.171602787456446 0.35117493472584854
0 0.9128919860627178 0.889686684073107 0.17421602787456447 0.2206266318537859