0 0.10081521739130435 0.1155705996131528 0.04184782608695652 0.14603481624758222
0 0.18315217391304348 0.15473887814313347 0.059782608695652176 0.18181818181818182
0 0.37771739130434784 0.15618955512572533 0.04673913043478261 0.14410058027079303
0 0.2717391304347826 0.15667311411992263 0.057608695652173914 0.17988394584139264
0 0.20706521739130435 0.1576402321083172 0.025 0.059961315280464215
0 0.06521739130434782 0.26063829787234044 0.11195652173913044 0.49806576402321084
0 0.4964673913043478 0.2911025145067698 0.08641304347826087 0.437137330754352
0 0.029619565217391303 0.28820116054158607 0.05923913043478261 0.44294003868471954
0 0.33070652173913045 0.2978723404255319 0.11793478260869565 0.42359767891682787
0 0.4361413043478261 0.30609284332688586 0.11576086956521739 0.4071566731141199
0 0.14021739130434782 0.30705996131528046 0.07934782608695652 0.40522243713733075
0 0.2266304347826087 0.3089941972920696 0.10978260869565218 0.40135396518375244
0 0.5209239130434783 0.324468085106383 0.0375 0.3704061895551257
0 0.7448369565217391 0.30609284332688586 0.18885869565217392 0.40667311411992263
0 0.43899456521739133 0.8297872340425532 0.058423913043478264 0.22243713733075435
0 0.02010869565217391 0.6784332688588007 0.04021739130434782 0.21566731141199227
0 0.041304347826086954 0.5947775628626693 0.04891304347826087 0.1702127659574468
0 0.38804347826086955 0.7330754352030948 0.04076086956521739 0.22243713733075435
0 0.15625 0.6020309477756286 0.05271739130434783 0.18471953578336556
0 0.5201086956521739 0.6165377176015474 0.0391304347826087 0.2137330754352031
0 0.21956521739130436 0.5739845261121856 0.04891304347826087 0.1286266924564797
0 0.32472826086956524 0.5957446808510638 0.04728260869565217 0.172147001934236
0 0.8904891304347826 0.7911025145067698 0.13777173913043478 0.35009671179883944
0 0.7970108695652174 0.7490328820116054 0.1 0.3892649903288201
0 0.6834239130434783 0.7359767891682786 0.14891304347826087 0.3916827852998066