0 0.41964285714285715 0.23979591836734693 0.32227891156462585 0.47959183673469385
0 0.5590986394557823 0.2557397959183674 0.14030612244897958 0.4477040816326531
0 0.1326530612244898 0.2844387755102041 0.2653061224489796 0.3903061224489796
0 0.42644557823129253 0.34630102040816324 0.3647959183673469 0.26658163265306123
0 0.20153061224489796 0.3877551020408163 0.4030612244897959 0.1836734693877551
0 0.7236394557823129 0.051658163265306124 0.05952380952380952 0.10331632653061225
0 0.6458333333333334 0.08354591836734694 0.03316326530612245 0.16709183673469388
0 0.8418367346938775 0.10076530612244898 0.07142857142857142 0.20153061224489796
0 0.6785714285714286 0.09885204081632654 0.09863945578231292 0.19770408163265307
0 0.7602040816326531 0.10140306122448979 0.07312925170068027 0.20280612244897958
0 0.9519557823129252 0.23979591836734693 0.09098639455782313 0.47959183673469385
0 0.8907312925170068 0.27933673469387754 0.10629251700680271 0.4005102040816326
0 0.6921768707482994 0.28188775510204084 0.09863945578231292 0.39540816326530615
0 0.7899659863945578 0.2857142857142857 0.10714285714285714 0.3877551020408163
0 0.828656462585034 0.049107142857142856 0.09608843537414966 0.09821428571428571
0 0.36522108843537415 0.7480867346938775 0.16454081632653061 0.28635204081632654
0 0.6632653061224489 0.8258928571428571 0.06802721088435375 0.3482142857142857
0 0.8958333333333334 0.8195153061224489 0.08928571428571429 0.36096938775510207
0 0.9872448979591837 0.8093112244897959 0.025510204081632654 0.38137755102040816