0 0.10663716814159292 0.18454258675078863 0.21327433628318584 0.36908517350157727
0 0.3070796460176991 0.1916403785488959 0.20486725663716815 0.3548895899053628
0 0.5991150442477876 0.19400630914826497 0.16106194690265488 0.3501577287066246
0 0.21548672566371682 0.18454258675078863 0.14026548672566372 0.36908517350157727
0 0.2163716814159292 0.07334384858044164 0.1415929203539823 0.14668769716088328
0 0.7969026548672566 0.29574132492113564 0.011946902654867256 0.01498422712933754
0 0.8066371681415929 0.29574132492113564 0.011946902654867256 0.011829652996845425
0 0.8230088495575221 0.29652996845425866 0.016371681415929203 0.011041009463722398
0 0.7247787610619469 0.2941640378548896 0.009734513274336283 0.01498422712933754
0 0.09070796460176991 0.7657728706624606 0.18141592920353983 0.3659305993690852
0 0.32123893805309733 0.6963722397476341 0.16902654867256636 0.22634069400630916
0 0.484070796460177 0.6569400630914827 0.20176991150442478 0.1837539432176656