0 0.5188172043010753 0.33852459016393444 0.1586021505376344 0.6147540983606558
0 0.6102150537634409 0.3704918032786885 0.07795698924731183 0.5868852459016394
0 0.3924731182795699 0.44016393442622953 0.12903225806451613 0.4901639344262295
0 0.15524193548387097 0.430327868852459 0.125 0.48688524590163934
0 0.05241935483870968 0.42213114754098363 0.10483870967741936 0.5032786885245901
0 0.2728494623655914 0.4245901639344262 0.12634408602150538 0.49836065573770494
0 0.39381720430107525 0.19098360655737706 0.11559139784946236 0.21147540983606558
0 0.2862903225806452 0.1680327868852459 0.10215053763440861 0.19836065573770492
0 0.1774193548387097 0.17459016393442622 0.12365591397849462 0.21147540983606558
0 0.07661290322580645 0.1860655737704918 0.08602150537634409 0.1918032786885246
0 0.9637096774193549 0.34262295081967215 0.04973118279569892 0.17049180327868851
0 0.38776881720430106 0.8647540983606558 0.5060483870967742 0.27049180327868855
0 0.9141599462365592 0.9094426229508197 0.040685483870967716 0.07134426229508194