0 0.611328125 0.37890625 0.119140625 0.3515625
0 0.82763671875 0.423828125 0.1083984375 0.3033854166666667
0 0.3388671875 0.630859375 0.15234375 0.33203125
0 0.7109375 0.38671875 0.107421875 0.3177083333333333
0 0.82958984375 0.673828125 0.1396484375 0.3372395833333333
0 0.736328125 0.646484375 0.130859375 0.3033854166666667
0 0.5087890625 0.3717447916666667 0.09765625 0.2877604166666667
0 0.39111328125 0.400390625 0.1318359375 0.42578125
0 0.21484375 0.6158854166666666 0.19921875 0.3072916666666667
0 0.2060546875 0.4173177083333333 0.09765625 0.3502604166666667
0 0.44384765625 0.6119791666666666 0.1162109375 0.3229166666666667
0 0.28759765625 0.390625 0.0927734375 0.2734375
0 0.63427734375 0.626953125 0.1181640625 0.2825520833333333
0 0.5400390625 0.6119791666666666 0.123046875 0.3151041666666667