0 0.36339754816112085 0.2262357414448669 0.1138353765323993 0.42585551330798477
0 0.05166374781085814 0.24524714828897337 0.10332749562171628 0.38783269961977185
0 0.4478984238178634 0.21958174904942965 0.1234676007005254 0.4391634980988593
0 0.13047285464098074 0.2376425855513308 0.08231173380035026 0.40304182509505704
0 0.2775831873905429 0.2652091254752852 0.0840630472854641 0.34790874524714827
0 0.2000875656742557 0.2661596958174905 0.11821366024518389 0.34600760456273766
0 0.8060420315236427 0.38783269961977185 0.07267950963222417 0.10266159695817491
0 0.878292469352014 0.31043726235741437 0.10080560420315236 0.22644486692015212
0 0.6698073555166375 0.22838403041825095 0.05995621716287218 0.2572243346007605
0 0.2520753064798599 0.9178136882129277 0.051392294220665546 0.12724334600760467
0 0.17688266199649738 0.5703422053231939 0.06830122591943957 0.2623574144486692
0 0.7994746059544658 0.6967680608365019 0.05253940455341506 0.14638783269961977
0 0.7049036777583187 0.7167300380228137 0.04903677758318739 0.21292775665399238
0 0.9711033274956217 0.7309885931558935 0.04553415061295972 0.17300380228136883
0 0.6764448336252189 0.7623574144486692 0.05866900175131348 0.20912547528517111
0 0.7574430823117339 0.7642585551330798 0.04903677758318739 0.20912547528517111
0 0.8887915936952715 0.7671102661596958 0.0542907180385289 0.1920152091254753
0 0.8336252189141856 0.8127376425855514 0.047285464098073555 0.21102661596958175
0 0.9413309982486865 0.8326996197718631 0.07355516637478109 0.33460076045627374
0 0.8782837127845884 0.8830798479087453 0.08056042031523643 0.2338403041825095
0 0.797723292469352 0.8593155893536122 0.08756567425569177 0.2813688212927757
0 0.5612959719789843 0.811787072243346 0.10332749562171628 0.376425855513308
0 0.9859894921190894 0.8555133079847909 0.028021015761821366 0.2889733840304182
0 0.6361646234676007 0.8498098859315589 0.10945709281961472 0.30038022813688214
0 0.717600700525394 0.8564638783269962 0.0796847635726795 0.2870722433460076
0 0.7683887915936952 0.9391634980988594 0.10245183887915937 0.12167300380228137