0 0.2993881118881119 0.20950155763239875 0.14073426573426573 0.4190031152647975
0 0.16564685314685315 0.20950155763239875 0.13898601398601398 0.4190031152647975
0 0.2277097902097902 0.20950155763239875 0.09527972027972027 0.4190031152647975
0 0.22727272727272727 0.061526479750778816 0.09615384615384616 0.12305295950155763
0 0.5087412587412588 0.22975077881619937 0.2416958041958042 0.37850467289719625
0 0.09003496503496504 0.6456386292834891 0.006993006993006993 0.031931464174454825
0 0.10008741258741259 0.6456386292834891 0.00743006993006993 0.03894080996884735
0 0.11625874125874126 0.6448598130841121 0.014423076923076924 0.05763239875389408
0 0.1756993006993007 0.6495327102803738 0.013986013986013986 0.06775700934579439
0 0.1437937062937063 0.6557632398753894 0.0236013986013986 0.08800623052959501
0 0.2504370629370629 0.6806853582554517 0.034527972027972025 0.09813084112149532
0 0.18793706293706294 0.7531152647975078 0.04414335664335664 0.29205607476635514
0 0.9156468531468531 0.5264797507788161 0.030594405594405596 0.11214953271028037