0 0.14450261780104712 0.24162011173184358 0.21335078534031413 0.34450651769087526
0 0.43010471204188483 0.24162011173184358 0.13900523560209424 0.3468342644320298
0 0.22225130890052355 0.24162011173184358 0.12329842931937172 0.3407821229050279
0 0.32460732984293195 0.24068901303538176 0.3369109947643979 0.3407821229050279
0 0.618324607329843 0.4590316573556797 0.05654450261780105 0.12104283054003724
0 0.9887434554973822 0.25186219739292365 0.022513089005235604 0.21880819366852886
0 0.662041884816754 0.015363128491620111 0.049738219895287955 0.030726256983240222
0 0.7099476439790576 0.07914338919925512 0.04293193717277487 0.15828677839851024
0 0.6590314136125655 0.11219739292364991 0.04581151832460733 0.1908752327746741
0 0.6675392670157068 0.41247672253258844 0.03926701570680628 0.21415270018621974
0 0.8047120418848167 0.06750465549348231 0.041884816753926704 0.13500931098696461
0 0.7643979057591623 0.06517690875232775 0.03664921465968586 0.1303538175046555
0 0.7297120418848168 0.33216945996275604 0.056282722513089 0.22113594040968343
0 0.81282722513089 0.2786312849162011 0.0549738219895288 0.2118249534450652
0 0.8776178010471204 0.2099627560521415 0.04842931937172775 0.23277467411545624
0 0.5465968586387434 0.23324022346368714 0.013612565445026177 0.21880819366852886
0 0.6869109947643979 0.420391061452514 0.05235602094240838 0.19832402234636873
0 0.1342931937172775 0.8566108007448789 0.10890052356020942 0.21135940409683426