0 0.4742562929061785 0.2204684317718941 0.05148741418764302 0.3981670061099796
0 0.4224828375286041 0.2861507128309572 0.07379862700228833 0.2668024439918534
0 0.039473684210526314 0.2255600814663951 0.07894736842105263 0.3879837067209776
0 0.3180778032036613 0.29480651731160895 0.06750572082379863 0.2494908350305499
0 0.11212814645308924 0.28869653767820774 0.08123569794050343 0.26171079429735233
0 0.2534324942791762 0.29124236252545826 0.08695652173913043 0.25661914460285135
0 0.18020594965675057 0.28564154786150714 0.08009153318077804 0.26782077393075354
0 0.09553775743707094 0.1680244399185336 0.06636155606407322 0.1384928716904277
0 0.36155606407322655 0.2876782077393075 0.06064073226544622 0.2637474541751528
0 0.37356979405034324 0.164969450101833 0.04004576659038902 0.1425661914460285
0 0.31207093821510296 0.17158859470468432 0.06121281464530892 0.15376782077393075
0 0.25772311212814647 0.16191446028513237 0.17219679633867277 0.1690427698574338
0 0.14473684210526316 0.16547861507128309 0.04691075514874142 0.1354378818737271
0 0.21796338672768878 0.18329938900203666 0.04805491990846682 0.13238289205702647
0 0.14359267734553777 0.2591649694501018 0.05148741418764302 0.32077393075356414
0 0.21681922196796338 0.2494908350305499 0.04691075514874142 0.26476578411405294
0 0.4253432494279176 0.21079429735234215 0.07837528604118993 0.24439918533604887
0 0.2574370709382151 0.17769857433808553 0.08352402745995423 0.12321792260692464
0 0.6630434782608695 0.21334012219959267 0.2906178489702517 0.4073319755600815
0 0.9004576659038902 0.19959266802443992 0.18678489702517162 0.2861507128309572
0 0.7171052631578947 0.2158859470468432 0.1799199084668192 0.29276985743380857
0 0.773741418764302 0.1644602851323829 0.1312929061784897 0.32790224032586557
0 0.3618421052631579 0.9159877800407332 0.05434782608695652 0.1680244399185336
0 0.3332379862700229 0.8273930753564155 0.05148741418764302 0.23930753564154786
0 0.10554919908466819 0.5086558044806517 0.04290617848970252 0.17820773930753564
0 0.07437070938215103 0.5035641547861507 0.05148741418764302 0.1680244399185336
0 0.03546910755148741 0.49338085539714865 0.05148741418764302 0.14765784114052954
0 0.031464530892448515 0.6542769857433809 0.05434782608695652 0.2189409368635438
0 0.018592677345537757 0.5891038696537678 0.03718535469107551 0.18024439918533605
0 0.40245995423340963 0.46028513238289204 0.04748283752860412 0.0814663951120163
0 0.47254004576659037 0.4475560081466395 0.041189931350114416 0.0560081466395112
0 0.1455949656750572 0.9506109979633401 0.06578947368421052 0.09877800407331976
0 0.2459954233409611 0.5422606924643585 0.05434782608695652 0.18839103869653767
0 0.16518878718535468 0.5855397148676171 0.05005720823798627 0.2240325865580448