0 0.3967741935483871 0.2403225806451613 0.16774193548387098 0.25483870967741934
0 0.13306451612903225 0.3032258064516129 0.15645161290322582 0.22580645161290322
0 0.24193548387096775 0.26370967741935486 0.1032258064516129 0.19516129032258064
0 0.2653225806451613 0.10887096774193548 0.03064516129032258 0.09838709677419355
0 0.29435483870967744 0.09838709677419355 0.037096774193548385 0.11612903225806452
0 0.29516129032258065 0.2435483870967742 0.07419354838709677 0.18064516129032257
0 0.40403225806451615 0.10725806451612903 0.03387096774193549 0.09838709677419355
0 0.1403225806451613 0.19919354838709677 0.1064516129032258 0.09838709677419355
0 0.7790322580645161 0.38387096774193546 0.13548387096774195 0.19032258064516128
0 0.8653225806451613 0.36935483870967745 0.13709677419354838 0.21935483870967742
0 0.9112903225806451 0.7879032258064517 0.04516129032258064 0.3870967741935484
0 0.8193548387096774 0.7596774193548387 0.05403225806451613 0.3919354838709677
0 0.8435483870967742 0.7620967741935484 0.04838709677419355 0.37338709677419357
0 0.7241935483870968 0.7137096774193549 0.06370967741935483 0.36129032258064514
0 0.6040322580645161 0.6911290322580645 0.05241935483870968 0.4153225806451613
0 0.5596774193548387 0.6548387096774193 0.055645161290322584 0.35161290322580646
0 0.95 0.825 0.05241935483870968 0.35
0 0.9524193548387097 0.5467741935483871 0.03064516129032258 0.13548387096774195