0 0.08616352201257861 0.4065995525727069 0.06918238993710692 0.06599552572706935
0 0.3113207547169811 0.41834451901565994 0.05408805031446541 0.042505592841163314
0 0.18867924528301888 0.4082774049217002 0.06666666666666667 0.06263982102908278
0 0.6660377358490566 0.27125279642058164 0.13773584905660377 0.2958612975391499
0 0.26572327044025157 0.7393736017897091 0.22547169811320755 0.5212527964205816
0 0.09811320754716982 0.7197986577181208 0.19622641509433963 0.5604026845637584
0 0.7154088050314465 0.7997762863534675 0.1619496855345912 0.39988814317673377
0 0.5572327044025157 0.8534675615212528 0.15471698113207547 0.2925055928411633
0 0.6094339622641509 0.6901565995525727 0.1119496855345912 0.24049217002237136
0 0.9330188679245283 0.8176733780760627 0.11761006289308176 0.36465324384787473
0 0.8977987421383647 0.6521252796420581 0.11037735849056604 0.22483221476510068
0 0.6754716981132075 0.6006711409395973 0.08427672955974842 0.313758389261745