0 0.05010548523206751 0.09173669467787114 0.0580168776371308 0.13585434173669467
0 0.3459915611814346 0.09593837535014006 0.06329113924050633 0.15266106442577032
0 0.14029535864978904 0.11624649859943978 0.056962025316455694 0.12885154061624648
0 0.13976793248945146 0.23529411764705882 0.05590717299578059 0.36694677871148457
0 0.2563291139240506 0.25700280112044815 0.07805907172995781 0.3235294117647059
0 0.024261603375527425 0.24719887955182074 0.04852320675105485 0.3431372549019608
0 0.17668776371308018 0.2619047619047619 0.08755274261603375 0.3137254901960784
0 0.3280590717299578 0.25770308123249297 0.10126582278481013 0.32212885154061627
0 0.08333333333333333 0.2549019607843137 0.12025316455696203 0.3277310924369748
0 0.0938818565400844 0.05042016806722689 0.05907172995780591 0.10084033613445378
0 0.1787974683544304 0.06372549019607843 0.05590717299578059 0.12184873949579832
0 0.013185654008438819 0.07212885154061624 0.026371308016877638 0.14425770308123248
0 0.28270042194092826 0.08053221288515407 0.06540084388185655 0.16106442577030813
0 0.22415611814345993 0.08473389355742297 0.0580168776371308 0.16946778711484595
0 0.6039029535864979 0.20938375350140057 0.2689873417721519 0.41876750700280113
0 0.4393459915611814 0.20938375350140057 0.11919831223628692 0.41876750700280113
0 0.8243670886075949 0.20938375350140057 0.2689873417721519 0.41876750700280113
0 0.9077004219409283 0.20938375350140057 0.18459915611814345 0.41876750700280113
0 0.09546413502109705 0.7492997198879552 0.1540084388185654 0.484593837535014
0 0.9071729957805907 0.5126050420168067 0.046413502109704644 0.15966386554621848
0 0.7816455696202531 0.5063025210084033 0.05063291139240506 0.15826330532212884
0 0.6983122362869199 0.5140056022408963 0.046413502109704644 0.14565826330532214
0 0.8665611814345991 0.5154061624649859 0.03691983122362869 0.14285714285714285
0 0.6497890295358649 0.511204481792717 0.052742616033755275 0.14565826330532214
0 0.990506329113924 0.5266106442577031 0.0189873417721519 0.13725490196078433
0 0.5363924050632911 0.49859943977591037 0.060126582278481014 0.15966386554621848
0 0.9567510548523207 0.5189075630252101 0.052742616033755275 0.15266106442577032
0 0.5912447257383966 0.5 0.06223628691983123 0.16246498599439776
0 0.4878691983122363 0.49859943977591037 0.05379746835443038 0.15966386554621848
0 0.8259493670886076 0.5056022408963585 0.04852320675105485 0.1568627450980392
0 0.39767932489451474 0.49859943977591037 0.035864978902953586 0.15966386554621848
0 0.43354430379746833 0.4950980392156863 0.06751054852320675 0.15266106442577032
0 0.7410337552742616 0.5091036414565826 0.043248945147679324 0.14425770308123248
0 0.9662447257383966 0.43137254901960786 0.04430379746835443 0.025210084033613446
0 0.7610759493670886 0.43977591036414565 0.043248945147679324 0.04201680672268908
0 0.8723628691983122 0.4327731092436975 0.04852320675105485 0.028011204481792718
0 0.7067510548523207 0.45448179271708683 0.04852320675105485 0.07142857142857142
0 0.5242616033755274 0.43977591036414565 0.05485232067510549 0.04201680672268908
0 0.6524261603375527 0.45448179271708683 0.06223628691983123 0.07142857142857142
0 0.5717299578059072 0.43907563025210083 0.05485232067510549 0.04061624649859944