0 0.38138297872340426 0.2585066162570889 0.11063829787234042 0.4017013232514178
0 0.4406914893617021 0.24716446124763705 0.05797872340425532 0.42438563327032136
0 0.14361702127659576 0.22967863894139887 0.1372340425531915 0.45935727788279773
0 0.2904255319148936 0.2504725897920605 0.09680851063829787 0.41776937618147447
0 0.05079787234042553 0.22967863894139887 0.10159574468085106 0.45935727788279773
0 0.21409574468085107 0.23062381852551986 0.08457446808510638 0.45746691871455575
0 0.848404255319149 0.22967863894139887 0.23377659574468085 0.45935727788279773
0 0.32659574468085106 0.6895085066162571 0.05053191489361702 0.1275992438563327
0 0.163031914893617 0.8785444234404537 0.06382978723404255 0.20321361058601134
0 0.34388297872340423 0.8348298676748582 0.0398936170212766 0.19612476370510398
0 0.37513297872340423 0.7686672967863895 0.043882978723404256 0.22920604914933837
0 0.37779255319148936 0.6434310018903592 0.043882978723404256 0.12996219281663515
0 0.46063829787234045 0.7414933837429112 0.018085106382978722 0.16540642722117202
0 0.4336436170212766 0.7296786389413988 0.03856382978723404 0.1843100189035917
0 0.4646276595744681 0.5354442344045368 0.010106382978723405 0.15217391304347827
0 0.44627659574468087 0.5430056710775047 0.034574468085106384 0.16540642722117202
0 0.17566489361702128 0.7414933837429112 0.03324468085106383 0.17958412098298676
0 0.15704787234042553 0.6859640831758034 0.03856382978723404 0.15831758034026466
0 0.13111702127659575 0.6623345935727788 0.031914893617021274 0.1819470699432892
0 0.10984042553191489 0.6245274102079396 0.02925531914893617 0.1724952741020794
0 0.1410904255319149 0.5394612476370511 0.027925531914893616 0.09688090737240075
0 0.17566489361702128 0.5784499054820416 0.03590425531914894 0.13705103969754254
0 0.21023936170212765 0.5819943289224953 0.03324468085106383 0.1772211720226843
0 0.14441489361702128 0.500945179584121 0.02925531914893617 0.0831758034026465
0 0.03204787234042553 0.818289224952741 0.04654255319148936 0.19612476370510398
0 0.3776595744680851 0.5151228733459358 0.03829787234042553 0.11153119092627599
0 0.34441489361702127 0.5141776937618148 0.038829787234042554 0.10964083175803403