0 0.06902173913043479 0.229933110367893 0.10760869565217392 0.459866220735786
0 0.19184782608695652 0.3979933110367893 0.1532608695652174 0.45484949832775917
0 0.3168478260869565 0.2976588628762542 0.11847826086956521 0.36789297658862874
0 0.4092391304347826 0.28595317725752506 0.13369565217391305 0.391304347826087
0 0.19945652173913042 0.08779264214046822 0.09021739130434783 0.17558528428093645
0 0.14565217391304347 0.24832775919732442 0.10652173913043478 0.32608695652173914
0 0.2597826086956522 0.21822742474916387 0.08260869565217391 0.28595317725752506
0 0.33695652173913043 0.12123745819397994 0.0782608695652174 0.12876254180602006
0 0.9527173913043478 0.33612040133779264 0.09456521739130434 0.6053511705685619
0 0.5945652173913043 0.4807692307692308 0.0891304347826087 0.31605351170568563
0 0.846195652173913 0.3403010033444816 0.15760869565217392 0.596989966555184
0 0.6614130434782609 0.45819397993311034 0.1532608695652174 0.3612040133779264
0 0.7391304347826086 0.4489966555183946 0.11739130434782609 0.3795986622073579
0 0.5885869565217391 0.3001672240802676 0.07717391304347826 0.24581939799331104
0 0.21032608695652175 0.7851170568561873 0.3119565217391304 0.28595317725752506
0 0.7918478260869565 0.8193979933110368 0.4157608695652174 0.3612040133779264