0 0.23102866779089376 0.344311377245509 0.1045531197301855 0.4311377245508982
0 0.01854974704890388 0.3143712574850299 0.03709949409780776 0.49101796407185627
0 0.05480607082630692 0.36452095808383234 0.10961214165261383 0.3907185628742515
0 0.1399662731871838 0.35404191616766467 0.09612141652613827 0.4116766467065868
0 0.2845699831365936 0.35404191616766467 0.02951096121416526 0.4116766467065868
0 0.2685497470489039 0.18712574850299402 0.03794266441821248 0.1497005988023952
0 0.09654300168634064 0.20209580838323354 0.04468802698145025 0.19760479041916168
0 0.18929173693086004 0.18787425149700598 0.046374367622259695 0.22904191616766467
0 0.5505902192242833 0.26122754491017963 0.06661045531197302 0.18338323353293412
0 0.5784148397976391 0.19461077844311378 0.07293423271500843 0.1474550898203593
0 0.37984822934232715 0.22904191616766467 0.05480607082630692 0.1407185628742515
0 0.2411467116357504 0.7799401197604791 0.1163575042158516 0.44011976047904194
0 0.12099494097807757 0.7799401197604791 0.20320404721753793 0.44011976047904194
0 0.05733558178752108 0.7799401197604791 0.11467116357504216 0.44011976047904194
0 0.6766441821247892 0.9558383233532934 0.08684654300168634 0.06437125748502993
0 0.7748735244519392 0.7342814371257484 0.07883642495784149 0.17365269461077845