0 0.13012820512820514 0.5521367521367522 0.16025641025641027 0.8170940170940171
0 0.7435897435897436 0.5564102564102564 0.17435897435897435 0.8324786324786325
0 0.2762820512820513 0.5717948717948718 0.1423076923076923 0.7914529914529914
0 0.42948717948717946 0.576068376068376 0.1641025641025641 0.7794871794871795
0 0.5794871794871795 0.5658119658119658 0.16923076923076924 0.8136752136752137
0 0.8615384615384616 0.5452991452991452 0.13076923076923078 0.7692307692307693
0 0.6608974358974359 0.4042735042735043 0.1141025641025641 0.576068376068376
0 0.2076923076923077 0.22905982905982905 0.06923076923076923 0.17435897435897435
0 0.34487179487179487 0.4393162393162393 0.11025641025641025 0.6256410256410256
0 0.5076923076923077 0.21025641025641026 0.10512820512820513 0.27008547008547007
0 0.34423076923076923 0.23675213675213674 0.11153846153846154 0.22735042735042735
0 0.2064102564102564 0.44358974358974357 0.06923076923076923 0.6034188034188034
0 0.5083333333333333 0.3752136752136752 0.10384615384615385 0.6