0 0.9107843137254902 0.613564668769716 0.13398692810457516 0.7434279705573081
0 0.8019607843137255 0.6256572029442692 0.11503267973856209 0.6813880126182965
0 0.6088235294117647 0.6109358569926393 0.11568627450980393 0.7255520504731862
0 0.7062091503267974 0.5962145110410094 0.11699346405228758 0.7192429022082019
0 0.5055555555555555 0.5788643533123028 0.12091503267973856 0.7917981072555205
0 0.15261437908496733 0.6251314405888538 0.11176470588235295 0.7371188222923238
0 0.2872549019607843 0.617770767613039 0.13398692810457516 0.7518401682439537
0 0.3957516339869281 0.5909568874868559 0.10784313725490197 0.7486855941114616
0 0.39477124183006534 0.35646687697160884 0.10718954248366012 0.2797055730809674
0 0.2875816993464052 0.3648790746582545 0.13725490196078433 0.23764458464773922
0 0.1542483660130719 0.35962145110410093 0.1084967320261438 0.20609884332281808