0 0.9384765625 0.5983072916666666 0.119140625 0.5768229166666666
0 0.0615234375 0.630859375 0.111328125 0.5221354166666666
0 0.2294921875 0.607421875 0.09765625 0.5091145833333334
0 0.85302734375 0.59765625 0.1044921875 0.5390625
0 0.64453125 0.61328125 0.083984375 0.453125
0 0.14599609375 0.626953125 0.0927734375 0.49609375
0 0.7783203125 0.6171875 0.091796875 0.4869791666666667
0 0.705078125 0.603515625 0.08984375 0.4778645833333333
0 0.5185546875 0.6041666666666666 0.083984375 0.5052083333333334
0 0.5791015625 0.60546875 0.076171875 0.4765625
0 0.30126953125 0.6087239583333334 0.0693359375 0.4934895833333333
0 0.375 0.4186197916666667 0.083984375 0.15234375
0 0.44677734375 0.4231770833333333 0.0791015625 0.1484375