0 0.7564102564102564 0.4850597609561753 0.15128205128205127 0.7470119521912351
0 0.8692307692307693 0.5239043824701195 0.12564102564102564 0.7131474103585658
0 0.6358974358974359 0.6085657370517928 0.12307692307692308 0.5956175298804781
0 0.12564102564102564 0.48904382470119523 0.13333333333333333 0.7589641434262948
0 0.4096153846153846 0.5966135458167331 0.11923076923076924 0.5916334661354582
0 0.30256410256410254 0.5866533864541833 0.11794871794871795 0.6115537848605578
0 0.5217948717948718 0.5896414342629482 0.12051282051282051 0.6055776892430279
0 0.18974358974358974 0.603585657370518 0.12307692307692308 0.5936254980079682
0 0.6371794871794871 0.3057768924302789 0.11025641025641025 0.25697211155378485
0 0.5346153846153846 0.2778884462151394 0.09743589743589744 0.2410358565737052
0 0.4307692307692308 0.2858565737051793 0.11794871794871795 0.25697211155378485
0 0.3346153846153846 0.299800796812749 0.08205128205128205 0.23306772908366533
0 0.23205128205128206 0.5139442231075697 0.09743589743589744 0.6613545816733067
0 0.23205128205128206 0.29880478087649404 0.09743589743589744 0.2350597609561753