0 0.2786458333333333 0.18467078189300412 0.0859375 0.3523662551440329
0 0.04398148148148148 0.18930041152263374 0.08796296296296297 0.360082304526749
0 0.125 0.1882716049382716 0.0920138888888889 0.3410493827160494
0 0.3990162037037037 0.19238683127572018 0.08825231481481481 0.35390946502057613
0 0.1970486111111111 0.1815843621399177 0.08391203703703703 0.3436213991769547
0 0.35561342592592593 0.1934156378600823 0.07523148148148148 0.34156378600823045
0 0.75 0.18467078189300412 0.5 0.36934156378600824
0 0.16608796296296297 0.7481995884773662 0.05787037037037037 0.23919753086419754
0 0.07132523148148148 0.8806584362139918 0.06221064814814815 0.2366255144032922
0 0.48408564814814814 0.6003086419753086 0.031828703703703706 0.2417695473251029
0 0.4675925925925926 0.9902263374485597 0.06481481481481481 0.01954732510288066
0 0.20630787037037038 0.9079218106995884 0.06076388888888889 0.18415637860082304
0 0.31568287037037035 0.9439300411522634 0.07928240740740741 0.11213991769547325
0 0.3136574074074074 0.8292181069958847 0.06944444444444445 0.257201646090535
0 0.38657407407407407 0.40483539094650206 0.056712962962962965 0.07098765432098765
0 0.18894675925925927 0.45267489711934156 0.05497685185185185 0.16666666666666666
0 0.17100694444444445 0.40997942386831276 0.048032407407407406 0.08127572016460906
0 0.5833333333333334 0.7926954732510288 0.1111111111111111 0.41460905349794236
0 0.6987847222222222 0.7875514403292181 0.12210648148148148 0.42489711934156377
0 0.7771990740740741 0.8112139917695473 0.08998842592592593 0.37705761316872427
0 0.8561921296296297 0.7993827160493827 0.08333333333333333 0.39814814814814814