0 0.23607594936708862 0.2747747747747748 0.11518987341772152 0.45045045045045046
0 0.2892405063291139 0.25 0.039240506329113925 0.5
0 0.09683544303797469 0.25 0.19367088607594937 0.5
0 0.05886075949367089 0.25 0.11772151898734177 0.5
0 0.036075949367088606 0.13513513513513514 0.07215189873417721 0.2702702702702703
0 0.02531645569620253 0.75 0.05063291139240506 0.5
0 0.46139240506329116 0.8051801801801802 0.05063291139240506 0.13288288288288289
0 0.43481012658227847 0.8254504504504504 0.024050632911392405 0.08108108108108109
0 0.4050632911392405 0.7995495495495496 0.046202531645569624 0.14864864864864866
0 0.3278481012658228 0.8108108108108109 0.03734177215189873 0.11599099099099099
0 0.33354430379746836 0.7837837837837838 0.028481012658227847 0.0472972972972973