0 0.4416475972540046 0.23574338085539714 0.07665903890160183 0.23828920570264767
0 0.2534324942791762 0.23727087576374745 0.07036613272311212 0.23421588594704684
0 0.05234553775743707 0.24032586558044808 0.08781464530892448 0.23319755600814665
0 0.18678489702517162 0.23727087576374745 0.07151029748283753 0.23421588594704684
0 0.12528604118993136 0.23574338085539714 0.06836384439359268 0.23574338085539714
0 0.369279176201373 0.22861507128309572 0.07665903890160183 0.2454175152749491
0 0.31407322654462244 0.24032586558044808 0.06321510297482838 0.2235234215885947
0 0.2477116704805492 0.09928716904276985 0.07151029748283753 0.15274949083503056
0 0.30663615560640733 0.10692464358452139 0.06721967963386728 0.1634419551934827
0 0.11899313501144165 0.1094704684317719 0.08266590389016018 0.1395112016293279
0 0.18506864988558352 0.09979633401221996 0.06836384439359268 0.14409368635437883
0 0.3738558352402746 0.10030549898167006 0.08381006864988558 0.1430753564154786
0 0.6248569794050344 0.26883910386965376 0.06149885583524028 0.23421588594704684
0 0.7977688787185355 0.28411405295315684 0.055491990846681924 0.23014256619144602
0 0.8422482837528604 0.13009164969450102 0.05863844393592677 0.2520366598778004
0 0.7735983981693364 0.20137474541751527 0.06149885583524028 0.24185336048879838
0 0.6906464530892449 0.1364562118126273 0.052917620137299774 0.21384928716904278
0 0.6833524027459954 0.7438900203665988 0.34010297482837526 0.5122199592668024