0 0.3080474934036939 0.3344327176781003 0.08575197889182058 0.24142480211081793
0 0.3634564643799472 0.3469656992084433 0.032981530343007916 0.22691292875989447
0 0.09234828496042216 0.3232189973614776 0.08179419525065963 0.24802110817941952
0 0.029023746701846966 0.33047493403693934 0.05804749340369393 0.23087071240105542
0 0.1662269129287599 0.3311345646437995 0.0870712401055409 0.24274406332453827
0 0.23746701846965698 0.3324538258575198 0.07387862796833773 0.23746701846965698
0 0.6062005277044855 0.3344327176781003 0.4525065963060686 0.6688654353562006
0 0.329155672823219 0.771108179419525 0.03825857519788918 0.09102902374670185
0 0.29155672823219 0.7671503957783641 0.023746701846965697 0.09366754617414248
0 0.09036939313984169 0.7579155672823219 0.025065963060686015 0.06728232189973615
0 0.13060686015831136 0.7546174142480211 0.023746701846965697 0.06860158311345646
0 0.18337730870712401 0.816622691292876 0.11873350923482849 0.2691292875989446
0 0.3660949868073879 0.7671503957783641 0.027704485488126648 0.10422163588390501