0 0.1840277777777778 0.7638888888888888 0.11408730158730158 0.46164021164021163
0 0.4459325396825397 0.7632275132275133 0.1001984126984127 0.4576719576719577
0 0.28273809523809523 0.7605820105820106 0.09325396825396826 0.4656084656084656
0 0.36755952380952384 0.7691798941798942 0.10218253968253968 0.44576719576719576
0 0.7013888888888888 0.7619047619047619 0.07142857142857142 0.3968253968253968
0 0.7748015873015873 0.753968253968254 0.09126984126984126 0.41005291005291006
0 0.5257936507936508 0.7705026455026455 0.08531746031746032 0.4113756613756614
0 0.6418650793650794 0.7619047619047619 0.061507936507936505 0.4126984126984127
0 0.09325396825396826 0.7843915343915344 0.09325396825396826 0.42063492063492064
0 0.9087301587301587 0.7486772486772487 0.09523809523809523 0.4417989417989418
0 0.8452380952380952 0.7466931216931217 0.0873015873015873 0.4246031746031746
0 0.5848214285714286 0.7625661375661376 0.06845238095238096 0.421957671957672