0 0.4778645833333333 0.3862847222222222 0.078125 0.13368055555555555
0 0.6184895833333334 0.4045138888888889 0.07291666666666667 0.19444444444444445
0 0.22265625 0.4175347222222222 0.06770833333333333 0.1579861111111111
0 0.6608072916666666 0.4461805555555556 0.08723958333333333 0.1909722222222222
0 0.5403645833333334 0.4479166666666667 0.07291666666666667 0.1909722222222222
0 0.3450520833333333 0.4505208333333333 0.08072916666666667 0.1753472222222222
0 0.4270833333333333 0.4921875 0.0703125 0.19270833333333334
0 0.2669270833333333 0.5260416666666666 0.109375 0.3368055555555556
0 0.3606770833333333 0.5954861111111112 0.11979166666666667 0.2916666666666667
0 0.07552083333333333 0.6180555555555556 0.13541666666666666 0.6076388888888888
0 0.48046875 0.625 0.13020833333333334 0.4375
0 0.8365885416666666 0.6440972222222222 0.16276041666666666 0.6493055555555556
0 0.16927083333333334 0.6605902777777778 0.10416666666666667 0.5225694444444444
0 0.720703125 0.6770833333333334 0.16276041666666666 0.5763888888888888
0 0.599609375 0.6779513888888888 0.11848958333333333 0.5538194444444444
0 0.5240885416666666 0.7717013888888888 0.15234375 0.4392361111111111
0 0.2643229166666667 0.78125 0.15364583333333334 0.3680555555555556
0 0.3723958333333333 0.7899305555555556 0.15104166666666666 0.3715277777777778