0 0.41328125 0.38046875 0.1015625 0.1765625
0 0.640625 0.4109375 0.1125 0.165625
0 0.75625 0.43046875 0.128125 0.2046875
0 0.52265625 0.43671875 0.1234375 0.2234375
0 0.8984375 0.5171875 0.115625 0.378125
0 0.12109375 0.546875 0.1546875 0.496875
0 0.3046875 0.5484375 0.08125 0.415625
0 0.22421875 0.57421875 0.1421875 0.4640625
0 0.37578125 0.584375 0.1609375 0.475
0 0.5109375 0.584375 0.121875 0.4375
0 0.64609375 0.6015625 0.1234375 0.41875
0 0.76328125 0.61953125 0.1140625 0.3890625
0 0.865625 0.62109375 0.109375 0.3921875