0 0.05756013745704467 0.22250859106529208 0.11512027491408934 0.29381443298969073
0 0.21477663230240548 0.19845360824742267 0.27491408934707906 0.34192439862542956
0 0.32216494845360827 0.18470790378006874 0.1323024054982818 0.3694158075601375
0 0.08333333333333333 0.1400343642611684 0.16666666666666666 0.2800687285223368
0 0.9235395189003437 0.20532646048109965 0.15292096219931273 0.3281786941580756
0 0.5472508591065293 0.2551546391752577 0.18384879725085912 0.22852233676975944
0 0.9037800687285223 0.08848797250859107 0.10309278350515463 0.17697594501718214
0 0.7929553264604811 0.08762886597938144 0.06357388316151202 0.17525773195876287
0 0.022336769759450172 0.7929553264604811 0.044673539518900345 0.41408934707903783
0 0.20017182130584193 0.7912371134020618 0.15292096219931273 0.4175257731958763
0 0.1211340206185567 0.7719072164948454 0.12314432989690714 0.39948453608247425
0 0.2729037800687286 0.7275257731958763 0.11168384879725086 0.313573883161512
0 0.34664948453608246 0.7017525773195876 0.06443298969072164 0.23053264604810988
0 0.37199312714776633 0.7104810996563574 0.03264604810996564 0.25257731958762886