0 0.02423698384201077 0.25559105431309903 0.04847396768402154 0.268370607028754
0 0.11041292639138241 0.32028753993610226 0.08797127468581688 0.1389776357827476
0 0.35727109515260325 0.24041533546325877 0.08258527827648116 0.24121405750798722
0 0.06732495511669659 0.25878594249201275 0.059245960502693 0.26198083067092653
0 0.19120287253141832 0.3314696485623003 0.08617594254937164 0.11661341853035144
0 0.2244165170556553 0.2523961661341853 0.05745062836624776 0.2747603833865815
0 0.2841113105924596 0.25798722044728434 0.06373429084380611 0.26038338658146964
0 0.2755834829443447 0.33706070287539935 0.06463195691202872 0.10543130990415335
0 0.35637342908438063 0.35303514376996803 0.08797127468581688 0.07348242811501597
0 0.17100538599640933 0.24840255591054314 0.05296229802513465 0.22523961661341854
0 0.6068222621184919 0.19488817891373802 0.3752244165170557 0.38977635782747605
0 0.19165170556552963 0.6517571884984026 0.13420107719928187 0.24201277955271566
0 0.45870736086175945 0.8186900958466453 0.07899461400359066 0.3282747603833866
0 0.5368043087971275 0.8146964856230032 0.11759425493716337 0.32987220447284343
0 0.6126570915619389 0.8083067092651757 0.10323159784560143 0.30990415335463256
0 0.683572710951526 0.8138977635782748 0.09515260323159784 0.31150159744408945
0 0.7823159784560144 0.8130990415335463 0.11086175942549371 0.30670926517571884
0 0.8716337522441652 0.8130990415335463 0.10727109515260323 0.3035143769968051