0 0.41854838709677417 0.2805927342256214 0.08709677419354839 0.1835564053537285
0 0.5806451612903226 0.3173996175908222 0.09274193548387097 0.16969407265774378
0 0.025268817204301075 0.2566921606118547 0.05053763440860215 0.21414913957934992
0 0.18225806451612903 0.28632887189292544 0.05860215053763441 0.16730401529636713
0 0.23413978494623655 0.2853728489483748 0.06182795698924731 0.17686424474187382
0 0.48118279569892475 0.29732313575525815 0.06586021505376344 0.16778202676864246
0 0.600268817204301 0.2074569789674952 0.05860215053763441 0.17447418738049714
0 0.5201612903225806 0.30927342256214146 0.08548387096774193 0.15487571701720843
0 0.2870967741935484 0.2786806883365201 0.06827956989247312 0.16873804971319312
0 0.06586021505376344 0.30927342256214146 0.08790322580645162 0.19789674952198852
0 0.1260752688172043 0.29158699808795413 0.06666666666666667 0.17447418738049714
0 0.3327956989247312 0.27963671128107076 0.06182795698924731 0.16539196940726578
0 0.553494623655914 0.2002868068833652 0.05779569892473118 0.12906309751434034
0 0.2647849462365591 0.1878585086042065 0.043010752688172046 0.09416826003824091
0 0.3610215053763441 0.18594646271510518 0.04220430107526882 0.09034416826003824
0 0.3811827956989247 0.27246653919694075 0.05134408602150538 0.15248565965583175
0 0.14677419354838708 0.1878585086042065 0.04811827956989247 0.11424474187380497
0 0.19005376344086022 0.1849904397705545 0.059408602150537636 0.10659655831739961
0 0.5096774193548387 0.19120458891013384 0.044623655913978495 0.11567877629063097
0 0.10725806451612903 0.19024856596558318 0.053763440860215055 0.10420650095602295
0 0.22983870967741934 0.18833652007648183 0.038172043010752686 0.08173996175908221
0 0.32983870967741935 0.1725621414913958 0.04139784946236559 0.08843212237093691
0 0.29973118279569894 0.18021032504780116 0.03978494623655914 0.0994263862332696
0 0.39731182795698927 0.1782982791586998 0.03978494623655914 0.08843212237093691
0 0.06801075268817204 0.18833652007648183 0.04973118279569892 0.07695984703632887
0 0.4344086021505376 0.17686424474187382 0.04381720430107527 0.09608030592734225
0 0.4717741935483871 0.18451242829827916 0.04543010752688172 0.09416826003824091
0 0.8431505376344086 0.32221797323135754 0.02919354838709663 0.2769694072657744
0 0.9849462365591398 0.359942638623327 0.030107526881720432 0.23996175908221798
0 0.8721290322580646 0.3397323135755258 0.036967741935483744 0.22281070745697892
0 0.7798225806451613 0.2597992351816444 0.02439784946236565 0.11179732313575531
0 0.7644354838709677 0.2762619502868069 0.02767741935483872 0.11711281070745698
0 0.737252688172043 0.24890057361376675 0.015940860215053813 0.03530592734225627
0 0.10376344086021505 0.7676864244741873 0.2075268817204301 0.4641491395793499