0 0.09761904761904762 0.20386064030131826 0.15185185185185185 0.4077212806026365
0 0.3007936507936508 0.20480225988700565 0.09894179894179894 0.4096045197740113
0 0.1529100529100529 0.2024482109227872 0.08783068783068783 0.4048964218455744
0 0.22566137566137567 0.2015065913370998 0.2396825396825397 0.4030131826741996
0 0.39021164021164023 0.3389830508474576 0.040740740740740744 0.3408662900188324
0 0.405026455026455 0.2655367231638418 0.07037037037037037 0.2937853107344633
0 0.7981481481481482 0.2796610169491525 0.14735449735449735 0.4279661016949153
0 0.8238095238095238 0.07580037664783427 0.014021164021164021 0.035781544256120526
0 0.8380952380952381 0.07674199623352165 0.016666666666666666 0.059322033898305086
0 0.9251322751322751 0.08050847457627118 0.016666666666666666 0.04849340866290019
0 0.9386243386243386 0.0743879472693032 0.015343915343915344 0.05790960451977401
0 0.985978835978836 0.06497175141242938 0.020370370370370372 0.04519774011299435
0 0.8555555555555555 0.9397363465160076 0.047619047619047616 0.12052730696798493
0 0.7981481481481482 0.5635593220338984 0.049206349206349205 0.10828625235404897
0 0.7994708994708994 0.525894538606403 0.05185185185185185 0.03295668549905838
0 0.5132275132275133 0.7029190207156308 0.05026455026455026 0.1271186440677966
0 0.5615079365079365 0.7817796610169492 0.04365079365079365 0.2283427495291902
0 0.5641534391534392 0.657015065913371 0.04365079365079365 0.12947269303201506
0 0.5099206349206349 0.8488700564971752 0.046296296296296294 0.19303201506591336
0 0.6574074074074074 0.786487758945386 0.042328042328042326 0.17184557438794726
0 0.6164021164021164 0.7735404896421846 0.037037037037037035 0.18832391713747645
0 0.6671957671957672 0.5202448210922788 0.03597883597883598 0.021657250470809793
0 0.6645502645502646 0.583804143126177 0.04126984126984127 0.1487758945386064
0 0.6354497354497355 0.5908662900188324 0.0380952380952381 0.16290018832391714
0 0.944973544973545 0.5423728813559322 0.030687830687830688 0.06591337099811675
0 0.3968253968253968 0.5282485875706214 0.031746031746031744 0.03766478342749529
0 0.5394179894179895 0.5673258003766478 0.03968253968253968 0.11581920903954802
0 0.5851851851851851 0.5753295668549906 0.04126984126984127 0.1318267419962335
0 0.9007936507936508 0.6381826741996234 0.04497354497354497 0.1765536723163842
0 0.9939153439153439 0.8239171374764596 0.01216931216931217 0.1713747645951036
0 0.39814814814814814 0.6593691148775894 0.031746031746031744 0.16242937853107345
0 0.3753968253968254 0.6473634651600754 0.011111111111111112 0.1440677966101695
0 0.38333333333333336 0.8907721280602636 0.026984126984126985 0.160075329566855
0 0.38915343915343914 0.963276836158192 0.038624338624338624 0.07344632768361582
0 0.71494708994709 0.6499529190207156 0.03571428571428571 0.16713747645951035
0 0.7227513227513227 0.5635593220338984 0.03597883597883598 0.10828625235404897
0 0.6825396825396826 0.9241996233521658 0.047619047619047616 0.15160075329566855
0 0.5798941798941799 0.9453860640301318 0.04656084656084656 0.10922787193973635
0 0.7642857142857142 0.9736346516007532 0.05555555555555555 0.05273069679849341