0 0.19143356643356643 0.2391078838174274 0.3790792540792541 0.47769709543568467
0 0.5008741258741258 0.20850622406639005 0.24388111888111888 0.35425311203319504
0 0.26165501165501165 0.2287344398340249 0.23484848484848486 0.3620331950207469
0 0.3356643356643357 0.1841286307053942 0.17103729603729603 0.3682572614107884
0 0.9947552447552448 0.27074688796680496 0.01048951048951049 0.08713692946058091
0 0.6427738927738927 0.2712655601659751 0.005536130536130536 0.07313278008298756
0 0.9102564102564102 0.22095435684647302 0.02097902097902098 0.05186721991701245
0 0.4291958041958042 0.9631742738589212 0.05536130536130536 0.07365145228215768
0 0.3997668997668998 0.899896265560166 0.05244755244755245 0.20020746887966806
0 0.02505827505827506 0.6052904564315352 0.05011655011655012 0.1400414937759336
0 0.16812354312354313 0.5985477178423236 0.043706293706293704 0.17842323651452283
0 0.13636363636363635 0.5933609958506224 0.05244755244755245 0.16804979253112035
0 0.09673659673659674 0.58298755186722 0.05244755244755245 0.14730290456431536
0 0.045745920745920744 0.9647302904564315 0.05536130536130536 0.07053941908713693
0 0.22887529137529136 0.6753112033195021 0.05099067599067599 0.22821576763485477
0 0.0780885780885781 0.6843879668049793 0.05536130536130536 0.24636929460580914
0 0.06934731934731934 0.7570020746887967 0.0641025641025641 0.24636929460580914
0 0.4763986013986014 0.5767634854771784 0.04836829836829837 0.13485477178423236
0 0.5448717948717948 0.5586099585062241 0.04195804195804196 0.09854771784232365
0 0.5938228438228438 0.5975103734439834 0.046620046620046623 0.17634854771784234
0 0.5996503496503497 0.5259336099585062 0.04079254079254079 0.03319502074688797
0 0.627039627039627 0.58298755186722 0.02564102564102564 0.14730290456431536
0 0.6363636363636364 0.5622406639004149 0.006993006993006993 0.10580912863070539
0 0.6241258741258742 0.8189834024896265 0.03146853146853147 0.23132780082987553
0 0.32196969696969696 0.6037344398340249 0.05419580419580419 0.1887966804979253
0 0.8939393939393939 0.7572614107883817 0.21212121212121213 0.47614107883817425
0 0.8546037296037297 0.7245850622406639 0.1488927738927739 0.4118257261410788
0 0.6520979020979021 0.5902489626556017 0.024475524475524476 0.10010373443983403