0 0.4046610169491525 0.22734138972809667 0.18559322033898304 0.324773413897281
0 0.2483050847457627 0.19486404833836857 0.16440677966101694 0.38972809667673713
0 0.17796610169491525 0.2764350453172205 0.16101694915254236 0.22658610271903323
0 0.07542372881355933 0.21827794561933533 0.15084745762711865 0.3429003021148036
0 0.798728813559322 0.1419939577039275 0.07584745762711864 0.09818731117824774
0 0.836864406779661 0.19108761329305135 0.0961864406779661 0.17069486404833836
0 0.6885593220338984 0.1971299093655589 0.09915254237288136 0.17900302114803626
0 0.6864406779661016 0.2847432024169184 0.29322033898305083 0.20996978851963746
0 0.9292372881355933 0.27416918429003023 0.14152542372881355 0.2280966767371601
0 0.7885593220338983 0.27492447129909364 0.19491525423728814 0.22885196374622357
0 0.05974576271186441 0.8209969788519638 0.11949152542372882 0.3580060422960725
0 0.04593220338983055 0.5967069486404833 0.08929661016949143 0.19901812688821752
0 0.6432203389830509 0.7107250755287009 0.20677966101694914 0.5785498489425982