0 0.030933062880324543 0.23776758409785934 0.061866125760649086 0.463302752293578
0 0.404158215010142 0.23470948012232415 0.04969574036511156 0.4694189602446483
0 0.3017241379310345 0.23470948012232415 0.19168356997971603 0.4694189602446483
0 0.1947261663286004 0.23470948012232415 0.17849898580121704 0.4694189602446483
0 0.11967545638945233 0.23470948012232415 0.1744421906693712 0.4694189602446483
0 0.6201825557809331 0.27522935779816515 0.19675456389452334 0.37232415902140675
0 0.20233265720081137 0.6032110091743119 0.11460446247464504 0.26758409785932724
0 0.018255578093306288 0.6246177370030581 0.036511156186612576 0.3103975535168196
0 0.36105476673427994 0.6215596330275229 0.1359026369168357 0.30428134556574926
0 0.2834685598377282 0.6162079510703364 0.08823529411764706 0.29357798165137616
0 0.1191683569979716 0.6437308868501529 0.09837728194726167 0.3486238532110092
0 0.06795131845841786 0.7752293577981652 0.1359026369168357 0.44954128440366975
0 0.19016227180527384 0.8386850152905199 0.13488843813387424 0.32262996941896027
0 0.3894523326572008 0.8394495412844036 0.07910750507099391 0.3211009174311927
0 0.29665314401622717 0.8524464831804281 0.14908722109533468 0.29510703363914376