0 0.5349117174959872 0.22962962962962963 0.12439807383627609 0.45925925925925926
0 0.22592295345104335 0.22962962962962963 0.12279293739967898 0.45925925925925926
0 0.03451043338683788 0.22962962962962963 0.06902086677367576 0.45925925925925926
0 0.3342696629213483 0.22962962962962963 0.13884430176565007 0.45925925925925926
0 0.11597110754414125 0.22962962962962963 0.11476725521669343 0.45925925925925926
0 0.42776886035313 0.22962962962962963 0.12199036918138041 0.45925925925925926
0 0.8246950240770465 0.3947283950617284 0.056171749598715896 0.10897530864197529
0 0.7590288924558587 0.2511728395061728 0.0653932584269663 0.14801234567901234
0 0.5842696629213483 0.6154320987654321 0.051364365971107544 0.12962962962962962
0 0.3867576243980738 0.7857037037037038 0.07631621187800956 0.3429012345679012
0 0.7207062600321027 0.6333333333333333 0.03130016051364366 0.09012345679012346
0 0.8186195826645265 0.9574074074074074 0.049357945425361156 0.059876543209876544