0 0.544908466819222 0.19959266802443992 0.03260869565217391 0.048879837067209775
0 0.41132723112128144 0.2637474541751528 0.05148741418764302 0.14663951120162932
0 0.08552631578947369 0.269857433808554 0.08066361556064074 0.1384928716904277
0 0.29490846681922195 0.28716904276985744 0.03718535469107551 0.07942973523421588
0 0.49113272311212813 0.29124236252545826 0.04061784897025172 0.09572301425661914
0 0.18363844393592677 0.2846232179226069 0.03546910755148741 0.10896130346232179
0 0.21824942791762014 0.2820773930753564 0.05320366132723112 0.11405295315682282
0 0.12700228832951946 0.3039714867617108 0.028604118993135013 0.07026476578411406
0 0.26916475972540044 0.28818737270875766 0.04633867276887872 0.10183299389002037
0 0.5348970251716247 0.2754582484725051 0.06064073226544622 0.12729124236252545
0 0.5929633867276888 0.2729124236252546 0.09324942791762014 0.13238289205702647
0 0.36441647597254007 0.27953156822810593 0.08924485125858124 0.11914460285132383
0 0.6281464530892449 0.2520366598778004 0.06292906178489703 0.17413441955193482
0 0.07522883295194507 0.2983706720977597 0.08638443935926773 0.0814663951120163
0 0.43707093821510296 0.28665987780040736 0.08581235697940504 0.10488798370672098
0 0.31607551487414187 0.28411405295315684 0.06807780320366133 0.109979633401222
0 0.26973684210526316 0.28818737270875766 0.04519450800915332 0.10183299389002037
0 0.1530320366132723 0.3019348268839104 0.08524027459954234 0.07433808553971487
0 0.6802059496567505 0.029531568228105907 0.041189931350114416 0.059063136456211814
0 0.9776887871853547 0.15122199592668026 0.04462242562929062 0.13747454175152748
0 0.9304919908466819 0.22606924643584522 0.04748283752860412 0.22606924643584522
0 0.9277745995423341 0.10157841140529532 0.04719679633867277 0.140020366598778
0 0.9805491990846682 0.27189409368635437 0.038901601830663615 0.13441955193482688
0 0.8269450800915332 0.2415987780040733 0.04576659038901602 0.18584521384928718
0 0.8712814645308925 0.22759674134419552 0.04004576659038902 0.20366598778004075
0 0.7817505720823799 0.057535641547861505 0.04748283752860412 0.11507128309572301
0 0.8189359267734554 0.05142566191446028 0.044050343249427915 0.10285132382892057
0 0.8504004576659039 0.059063136456211814 0.041762013729977114 0.11812627291242363
0 0.9539473684210527 0.03360488798370672 0.04290617848970252 0.06720977596741344
0 0.9047482837528604 0.04226069246435845 0.044050343249427915 0.0845213849287169
0 0.8163615560640732 0.7678207739307535 0.1158466819221968 0.46435845213849286
0 0.709096109839817 0.8370672097759674 0.09897025171624714 0.3258655804480652
0 0.7405606407322655 0.6517311608961304 0.08009153318077804 0.310081466395112
0 0.9645308924485125 0.7907331975560081 0.06979405034324943 0.4185336048879837
0 0.9467963386727689 0.6033604887983707 0.07894736842105263 0.28971486761710796
0 0.7880434782608695 0.5392057026476579 0.060354691075514874 0.39969450101832993