0 0.13830798479087453 0.31368821292775667 0.2652091254752852 0.5513307984790875
0 0.3431558935361217 0.3279467680608365 0.1920152091254753 0.5228136882129277
0 0.8545627376425855 0.34980988593155893 0.03944866920152091 0.1487642585551331
0 0.8754752851711026 0.3726235741444867 0.0185361216730038 0.09077946768060836
0 0.8978136882129277 0.344106463878327 0.03564638783269962 0.16682509505703422
0 0.9629277566539924 0.35598859315589354 0.03944866920152091 0.12975285171102663
0 0.9534220532319392 0.32604562737642584 0.021863117870722433 0.053231939163498096
0 0.3612167300380228 0.8307984790874525 0.039923954372623575 0.3051330798479088
0 0.280893536121673 0.8084600760456274 0.0470532319391635 0.30893536121673004
0 0.30228136882129275 0.810361216730038 0.04230038022813688 0.29420152091254753
0 0.19771863117870722 0.7723384030418251 0.05608365019011407 0.2846958174904943
0 0.09268060836501901 0.7547528517110266 0.046102661596958174 0.3274714828897338
0 0.05418250950570342 0.7271863117870723 0.04895437262357415 0.27566539923954375
0 0.39543726235741444 0.8612167300380228 0.046102661596958174 0.27756653992395436
0 0.39781368821292773 0.6421102661596958 0.02709125475285171 0.10551330798479087
0 0.7034220532319392 0.9462927756653993 0.05750950570342205 0.08840304182509506
0 0.7713878326996197 0.8094106463878327 0.07081749049429657 0.12642585551330798
0 0.8331749049429658 0.7461977186311787 0.05275665399239544 0.14401140684410646