0 0.10784313725490197 0.636437908496732 0.13970588235294118 0.48856209150326796
0 0.5183823529411765 0.6764705882352942 0.1323529411764706 0.46405228758169936
0 0.6495098039215687 0.6699346405228758 0.125 0.43137254901960786
0 0.38848039215686275 0.6552287581699346 0.12254901960784313 0.48366013071895425
0 0.7696078431372549 0.6748366013071896 0.125 0.4444444444444444
0 0.24387254901960784 0.6527777777777778 0.12254901960784313 0.43300653594771243
0 0.06495098039215687 0.5277777777777778 0.12990196078431374 0.545751633986928
0 0.8890931372549019 0.4387254901960784 0.12867647058823528 0.3055555555555556
0 0.29840686274509803 0.545751633986928 0.10661764705882353 0.5098039215686274
0 0.8799019607843137 0.6985294117647058 0.12745098039215685 0.3937908496732026
0 0.7610294117647058 0.4550653594771242 0.12009803921568628 0.2696078431372549
0 0.5533088235294118 0.5694444444444444 0.09191176470588236 0.4852941176470588
0 0.18137254901960784 0.5375816993464052 0.10049019607843138 0.5
0 0.42892156862745096 0.5490196078431373 0.10294117647058823 0.5
0 0.6550245098039216 0.434640522875817 0.1090686274509804 0.24183006535947713