0 0.6369617224880383 0.3458677685950413 0.27422248803827753 0.4140495867768595
0 0.2607655502392344 0.3359504132231405 0.3567583732057416 0.4471074380165289
0 0.4623205741626794 0.42768595041322316 0.18989234449760767 0.23305785123966943
0 0.28618421052631576 0.1756198347107438 0.3166866028708134 0.23057851239669422
0 0.8968301435406698 0.36074380165289255 0.05442583732057416 0.41735537190082644
0 0.937799043062201 0.37644628099173555 0.09300239234449761 0.3859504132231405
0 0.9252392344497608 0.3615702479338843 0.05502392344497608 0.40165289256198344
0 0.16267942583732056 0.8380165289256198 0.3035287081339713 0.32355371900826446
0 0.27123205741626794 0.8177685950413223 0.23624401913875598 0.20537190082644627
0 0.37769138755980863 0.7991735537190082 0.14533492822966507 0.16735537190082644
0 0.479366028708134 0.7991735537190082 0.1534090909090909 0.15041322314049588
0 0.6232057416267942 0.7884297520661157 0.1611842105263158 0.15330578512396695
0 0.7054425837320574 0.8041322314049587 0.2299641148325359 0.19297520661157025
0 0.7927631578947368 0.8140495867768595 0.15370813397129188 0.2809917355371901
0 0.9904306220095693 0.6198347107438017 0.019138755980861243 0.10082644628099173
0 0.9748803827751196 0.6640495867768595 0.04784688995215311 0.16115702479338842
0 0.9270334928229665 0.7497933884297521 0.05382775119617225 0.1756198347107438