0 0.37264150943396224 0.3929245283018868 0.1339622641509434 0.2537735849056604
0 0.23081761006289309 0.3410377358490566 0.09685534591194969 0.35754716981132073
0 0.1531446540880503 0.18632075471698112 0.07358490566037736 0.29339622641509433
0 0.043081761006289306 0.44858490566037734 0.08616352201257861 0.14245283018867924
0 0.08018867924528301 0.18820754716981133 0.07358490566037736 0.27075471698113207
0 0.19968553459119498 0.46132075471698114 0.07735849056603773 0.1169811320754717
0 0.011320754716981131 0.19103773584905662 0.022641509433962263 0.23867924528301887
0 0.12421383647798742 0.46320754716981133 0.07484276729559748 0.11320754716981132
0 0.1459119496855346 0.37264150943396224 0.08553459119496855 0.2169811320754717
0 0.0830188679245283 0.3660377358490566 0.06918238993710692 0.25849056603773585
0 0.04245283018867924 0.39433962264150946 0.08490566037735849 0.2018867924528302
0 0.022641509433962263 0.16886792452830188 0.045283018867924525 0.2660377358490566
0 0.7959119496855346 0.35141509433962265 0.40817610062893084 0.28632075471698115
0 0.22421383647798743 0.9382075471698114 0.04150943396226415 0.09528301886792453
0 0.27358490566037735 0.7849056603773585 0.04339622641509434 0.1471698113207547
0 0.3160377358490566 0.7976415094339623 0.04025157232704402 0.14433962264150943
0 0.549685534591195 0.8273584905660377 0.1660377358490566 0.26933962264150946
0 0.4742138364779874 0.7452830188679245 0.06886792452830189 0.4509433962264151
0 0.7767295597484277 0.7599056603773585 0.3062893081761006 0.480188679245283
0 0.5572327044025157 0.6523584905660378 0.017924528301886792 0.10754716981132076
0 0.5327044025157233 0.6528301886792452 0.03050314465408805 0.10613207547169812
0 0.5210691823899372 0.6066037735849057 0.024842767295597486 0.08018867924528301