0 0.4301675977653631 0.25 0.09944134078212291 0.4383697813121272
0 0.06201117318435754 0.33548707753479123 0.12402234636871508 0.2668986083499006
0 0.1712290502793296 0.33101391650099404 0.12011173184357542 0.27634194831013914
0 0.27318435754189946 0.3414512922465209 0.10726256983240223 0.2554671968190855
0 0.3483240223463687 0.32952286282306165 0.1005586592178771 0.279324055666004
0 0.226536312849162 0.18290258449304175 0.08463687150837988 0.2415506958250497
0 0.14497206703910615 0.16998011928429424 0.09189944134078212 0.2773359840954274
0 0.059497206703910614 0.18190854870775347 0.09497206703910614 0.2415506958250497
0 0.29553072625698323 0.1754473161033797 0.07569832402234637 0.23161033797216699
0 0.3628491620111732 0.15357852882703776 0.07653631284916201 0.21520874751491054
0 0.6181564245810056 0.25198807157057657 0.21201117318435755 0.43389662027833004
0 0.825977653631285 0.23508946322067595 0.19860335195530726 0.4676938369781312
0 0.12206703910614525 0.7668986083499006 0.12932960893854747 0.41998011928429424
0 0.3008379888268156 0.7748508946322068 0.11787709497206704 0.378727634194831
0 0.40698324022346366 0.7748508946322068 0.0888268156424581 0.39363817097415504
0 0.9564245810055866 0.9269383697813122 0.05027932960893855 0.14612326043737575
0 0.8958100558659218 0.5233598409542743 0.05195530726256983 0.10834990059642147
0 0.8972067039106145 0.4835984095427435 0.054748603351955305 0.02882703777335984
0 0.5949720670391061 0.6674950298210736 0.05307262569832402 0.1341948310139165
0 0.8526536312849162 0.717196819085487 0.05446927374301676 0.1988071570576541
0 0.7884078212290503 0.6811630218687873 0.05446927374301676 0.21620278330019882
0 0.7346368715083799 0.6525844930417495 0.04189944134078212 0.18886679920477137
0 0.7039106145251397 0.6451292246520874 0.05027932960893855 0.18389662027833
0 0.6662011173184358 0.6252485089463221 0.05027932960893855 0.18389662027833
0 0.6620111731843575 0.80168986083499 0.05307262569832402 0.21371769383697814
0 0.6445530726256983 0.7383200795228628 0.046089385474860335 0.176441351888668
0 0.7779329608938548 0.5009940357852882 0.036312849162011177 0.0636182902584493
0 0.7491620111731844 0.4975149105367793 0.04357541899441341 0.05666003976143141
0 0.7122905027932961 0.5049701789264414 0.05027932960893855 0.07157057654075547