0 0.4080188679245283 0.3802521008403361 0.08254716981132075 0.29831932773109243
0 0.044221698113207544 0.37289915966386555 0.08844339622641509 0.3130252100840336
0 0.16214622641509435 0.3802521008403361 0.1615566037735849 0.29831932773109243
0 0.039504716981132074 0.22163865546218486 0.07900943396226415 0.4432773109243697
0 0.3071933962264151 0.36764705882352944 0.1403301886792453 0.3235294117647059
0 0.25471698113207547 0.22584033613445378 0.1320754716981132 0.45168067226890757
0 0.3732311320754717 0.19117647058823528 0.15212264150943397 0.38235294117647056
0 0.12264150943396226 0.22899159663865545 0.19811320754716982 0.4579831932773109
0 0.1721698113207547 0.21953781512605042 0.11320754716981132 0.3088235294117647
0 0.19398584905660377 0.7647058823529411 0.38797169811320753 0.47058823529411764
0 0.4091981132075472 0.7647058823529411 0.08018867924528301 0.47058823529411764
0 0.8573113207547169 0.6607142857142857 0.10966981132075472 0.15861344537815125