0 0.43127147766323026 0.520618556701031 0.07903780068728522 0.436426116838488
0 0.49312714776632305 0.5128865979381443 0.07130584192439862 0.4518900343642612
0 0.11855670103092783 0.5042955326460481 0.06958762886597938 0.4518900343642612
0 0.34965635738831613 0.5266323024054983 0.059278350515463915 0.42439862542955326
0 0.16151202749140894 0.5 0.070446735395189 0.43556701030927836
0 0.24742268041237114 0.5180412371134021 0.07474226804123711 0.4415807560137457
0 0.29896907216494845 0.5060137457044673 0.06786941580756013 0.4647766323024055
0 0.20618556701030927 0.5189003436426117 0.04639175257731959 0.4183848797250859
0 0.38402061855670105 0.5042955326460481 0.04896907216494845 0.4518900343642612
0 0.8857388316151202 0.4329896907216495 0.22508591065292097 0.6116838487972509
0 0.6134020618556701 0.41924398625429554 0.16838487972508592 0.6391752577319587