0 0.24810246679316889 0.3092105263157895 0.3216318785578748 0.44005847953216376
0 0.05075901328273245 0.2646198830409357 0.1015180265654649 0.5292397660818714
0 0.10910815939278938 0.3961988304093567 0.17647058823529413 0.26608187134502925
0 0.0849146110056926 0.2646198830409357 0.1698292220113852 0.5292397660818714
0 0.780360531309298 0.18128654970760233 0.16129032258064516 0.2982456140350877
0 0.06641366223908918 0.7105263157894737 0.053605313092979126 0.20906432748538012
0 0.017077798861480076 0.7149122807017544 0.03415559772296015 0.18128654970760233
0 0.1342504743833017 0.716374269005848 0.03557874762808349 0.1739766081871345
0 0.15370018975332067 0.7076023391812866 0.018975332068311195 0.10160818713450293
0 0.20872865275142316 0.6937134502923976 0.028937381404174574 0.13596491228070176
0 0.23434535104364326 0.7156432748538012 0.027988614800759013 0.15497076023391812
0 0.2784629981024668 0.8230994152046783 0.058823529411764705 0.3530701754385965
0 0.27703984819734345 0.6425438596491229 0.015180265654648957 0.02631578947368421
0 0.2846299810246679 0.6418128654970761 0.015180265654648957 0.03216374269005848
0 0.3135673624288425 0.6410818713450293 0.029411764705882353 0.04312865497076023
0 0.31261859582542695 0.75 0.03842504743833017 0.17982456140350878
0 0.36859582542694497 0.7280701754385965 0.02988614800759013 0.16666666666666666
0 0.40702087286527516 0.6235380116959064 0.024193548387096774 0.04093567251461988
0 0.3946869070208729 0.6812865497076024 0.021821631878557873 0.10380116959064327
0 0.42314990512333966 0.6827485380116959 0.03557874762808349 0.0847953216374269
0 0.42552182163187857 0.8384502923976608 0.04838709677419355 0.2902046783625731
0 0.2903225806451613 0.6052631578947368 0.009962049335863378 0.041666666666666664
0 0.3510436432637571 0.6111111111111112 0.011385199240986717 0.0445906432748538
0 0.3368121442125237 0.6059941520467836 0.009013282732447819 0.04678362573099415
0 0.31499051233396586 0.60453216374269 0.011859582542694497 0.029239766081871343
0 0.32685009487666034 0.6052631578947368 0.006641366223908918 0.033625730994152045
0 0.7144212523719166 0.9539473684210527 0.07590132827324478 0.09210526315789473
0 0.7998387096774193 0.7417105263157895 0.06898481973434538 0.1783625730994152