0 0.115625 0.2715617715617716 0.140625 0.23543123543123542
0 0.36015625 0.5442890442890443 0.0984375 0.7808857808857809
0 0.72734375 0.5477855477855478 0.0796875 0.7272727272727273
0 0.80390625 0.5734265734265734 0.1421875 0.7878787878787878
0 0.203125 0.5874125874125874 0.1375 0.7738927738927739
0 0.44375 0.5885780885780886 0.109375 0.752913752913753
0 0.659375 0.5897435897435898 0.11875 0.7272727272727273
0 0.553125 0.5932400932400932 0.11875 0.7296037296037297
0 0.3171875 0.6013986013986014 0.109375 0.7132867132867133
0 0.0953125 0.6130536130536131 0.11875 0.745920745920746
0 0.90546875 0.6177156177156177 0.1078125 0.7319347319347319