0 0.2905405405405405 0.28734939759036143 0.13726884779516357 0.38433734939759034
0 0.32503556187766713 0.4030120481927711 0.16358463726884778 0.1530120481927711
0 0.07645803698435277 0.31144578313253013 0.12162162162162163 0.336144578313253
0 0.17780938833570412 0.32710843373493975 0.11379800853485064 0.30481927710843376
0 0.40825035561877665 0.30120481927710846 0.12233285917496443 0.3566265060240964
0 0.9626600284495022 0.2469879518072289 0.07467994310099574 0.4650602409638554
0 0.7137268847795164 0.18072289156626506 0.08463726884779517 0.3614457831325301
0 0.9025604551920341 0.2813253012048193 0.07823613086770982 0.3963855421686747
0 0.833570412517781 0.25180722891566265 0.08108108108108109 0.45542168674698796
0 0.5629445234708392 0.23493975903614459 0.14295874822190613 0.46987951807228917
0 0.49608819345661453 0.13132530120481928 0.05334281650071124 0.26265060240963856
0 0.39544807965860596 0.8132530120481928 0.14793741109530584 0.37349397590361444
0 0.057610241820768134 0.7849397590361445 0.11522048364153627 0.21867469879518073
0 0.9110953058321479 0.7493975903614458 0.07965860597439545 0.22590361445783133