0 0.3677156177156177 0.274896265560166 0.12237762237762238 0.549792531120332
0 0.07575757575757576 0.274896265560166 0.15151515151515152 0.549792531120332
0 0.22377622377622378 0.274896265560166 0.19347319347319347 0.549792531120332
0 0.22319347319347319 0.7914937759336099 0.023310023310023312 0.046680497925311204
0 0.21212121212121213 0.7769709543568465 0.015151515151515152 0.017634854771784232
0 0.19696969696969696 0.7780082987551867 0.011655011655011656 0.01867219917012448
0 0.256993006993007 0.7894190871369294 0.015151515151515152 0.04253112033195021
0 0.2727272727272727 0.7925311203319502 0.026806526806526808 0.05705394190871369
0 0.3368298368298368 0.8205394190871369 0.05536130536130536 0.11929460580912864
0 0.9114219114219114 0.6639004149377593 0.10780885780885781 0.22199170124481327
0 0.8263403263403264 0.6317427385892116 0.11888111888111888 0.1338174273858921
0 0.62995337995338 0.6566390041493776 0.11538461538461539 0.1483402489626556
0 0.574009324009324 0.6877593360995851 0.16783216783216784 0.17219917012448133
0 0.486013986013986 0.7157676348547718 0.11421911421911422 0.23029045643153526
0 0.9079254079254079 0.774896265560166 0.18414918414918416 0.45020746887966806