0 0.3580263157894737 0.1520112254443405 0.07407894736842105 0.11318989710009354
0 0.13776315789473684 0.1627689429373246 0.10723684210526316 0.11739943872778298
0 0.19355263157894737 0.215622076707203 0.12236842105263158 0.186155285313377
0 0.4192105263157895 0.2177268475210477 0.13171052631578947 0.17984097287184284
0 0.5227631578947368 0.2165575304022451 0.11447368421052631 0.186155285313377
0 0.0711842105263158 0.22123479887745556 0.1423684210526316 0.17586529466791395
0 0.30157894736842106 0.22637979420018708 0.13236842105263158 0.16557530402245088
0 0.6888157894736842 0.18662301216089802 0.02894736842105263 0.07694106641721235
0 0.6735526315789474 0.19831618334892423 0.013552631578947368 0.04677268475210477
0 0.6569736842105263 0.18358278765201122 0.02631578947368421 0.0862956033676333
0 0.6089473684210527 0.18989710009354538 0.02894736842105263 0.06688493919550982
0 0.6161842105263158 0.1744621141253508 0.01618421052631579 0.027595884003741813
0 0.32842105263157895 0.6562207670720299 0.5031578947368421 0.6875584658559402
0 0.6867105263157894 0.8620205799812909 0.09026315789473684 0.27595884003741816
0 0.8018421052631579 0.8844714686623012 0.07105263157894737 0.23105706267539758
0 0.8993421052631579 0.8613189897100093 0.09078947368421053 0.27736202057998127
0 0.9446052631578947 0.8898503274087932 0.056578947368421055 0.22029934518241348
0 0.9932894736842105 0.764733395696913 0.013421052631578948 0.10851262862488306