0 0.11434450323339213 0.7403605408112168 0.14991181657848324 0.45518277416124187
0 0.9244562022339801 0.7325988983475212 0.10758377425044091 0.41061592388582874
0 0.8242210464432687 0.7478718077115674 0.12463256907701352 0.38507761642463695
0 0.31040564373897706 0.742864296444667 0.11405055849500294 0.4161241862794191
0 0.7119341563786008 0.7373560340510766 0.13639035861258084 0.40510766149223837
0 0.2087007642563198 0.7456184276414622 0.12933568489124045 0.400600901352028
0 0.5173427395649618 0.7376064096144216 0.11522633744855967 0.4036054081121683
0 0.6205173427395649 0.7483725588382574 0.10993533215755438 0.3890836254381572
0 0.4312169312169312 0.7168252378567852 0.1475602586713698 0.4371557336004006
0 0.3706643151087596 0.5465698547821732 0.04644326866549089 0.06559839759639459
0 0.7692533803644914 0.5635953930896345 0.054673721340388004 0.08662994491737606
0 0.6181657848324515 0.558337506259389 0.13815402704291593 0.09814722083124687
0 0.49588477366255146 0.5520781171757636 0.052322163433274546 0.058587881822734104