0 0.12025316455696203 0.3324795081967213 0.07364787111622555 0.3944672131147541
0 0.04861910241657077 0.3007172131147541 0.09723820483314154 0.45799180327868855
0 0.18009205983889529 0.38780737704918034 0.06214039125431531 0.2838114754098361
0 0.24108170310701957 0.3944672131147541 0.0667433831990794 0.27049180327868855
0 0.23590333716915995 0.2177254098360656 0.06904487917146145 0.24282786885245902
0 0.371403912543153 0.3796106557377049 0.09953970080552359 0.30020491803278687
0 0.2974683544303797 0.38114754098360654 0.05983889528193326 0.29713114754098363
0 0.2940161104718067 0.21670081967213115 0.05868814729574223 0.21618852459016394
0 0.179228998849252 0.23668032786885246 0.06386651323360185 0.20901639344262296
0 0.3486766398158803 0.22848360655737704 0.06789413118527042 0.19467213114754098
0 0.5575373993095513 0.35963114754098363 0.0923475258918297 0.26280737704918034
0 0.6815304948216341 0.35963114754098363 0.07105868814729574 0.26485655737704916
0 0.7905638665132336 0.35963114754098363 0.06875719217491369 0.26280737704918034
0 0.6262945914844649 0.36014344262295084 0.07192174913693901 0.26383196721311475
0 0.7379171461449943 0.36834016393442626 0.060701956271576527 0.24743852459016394
0 0.6754890678941312 0.22182377049180327 0.05724971231300345 0.14805327868852458
0 0.7307249712313003 0.2223360655737705 0.060701956271576527 0.16649590163934427
0 0.9024741081703107 0.36270491803278687 0.06444188722669736 0.257172131147541
0 0.8495397008055235 0.36219262295081966 0.060701956271576527 0.2581967213114754
0 0.7799194476409667 0.2192622950819672 0.06214039125431531 0.16239754098360656
0 0.6245684695051784 0.2177254098360656 0.052071346375143844 0.13780737704918034
0 0.8317031070195627 0.2341188524590164 0.052071346375143844 0.1721311475409836
0 0.5641542002301496 0.23924180327868852 0.09090909090909091 0.16137295081967212
0 0.8852128883774454 0.22131147540983606 0.06386651323360185 0.1757172131147541
0 0.4312428078250863 0.9743852459016393 0.061565017261219795 0.05122950819672131
0 0.01812428078250863 0.7873975409836066 0.03624856156501726 0.24077868852459017
0 0.3305523590333717 0.6070696721311475 0.047756041426927506 0.15471311475409835
0 0.3866513233601841 0.6342213114754098 0.05063291139240506 0.20901639344262296
0 0.37715765247410815 0.923155737704918 0.043153049482163405 0.15368852459016394
0 0.3233601841196778 0.9421106557377049 0.06214039125431531 0.11577868852459017
0 0.30322209436133485 0.8924180327868853 0.05638665132336018 0.2151639344262295
0 0.21705983889528194 0.8463114754098361 0.05897583429228999 0.24077868852459017
0 0.15520713463751437 0.6798155737704918 0.056098964326812426 0.2459016393442623
0 0.22612197928653624 0.5942622950819673 0.04602991944764097 0.1290983606557377
0 0.2710011507479862 0.5917008196721312 0.04027617951668585 0.12397540983606557