0 0.3687200956937799 0.34308510638297873 0.08313397129186603 0.2521276595744681
0 0.2565789473684211 0.34308510638297873 0.06399521531100479 0.2542553191489362
0 0.15849282296650719 0.34308510638297873 0.06220095693779904 0.2521276595744681
0 0.30651913875598086 0.34361702127659577 0.06489234449760765 0.2531914893617021
0 0.20574162679425836 0.3515957446808511 0.05472488038277512 0.2372340425531915
0 0.26226076555023925 0.21063829787234042 0.05143540669856459 0.14202127659574468
0 0.21232057416267944 0.21117021276595746 0.05472488038277512 0.1601063829787234
0 0.05741626794258373 0.34574468085106386 0.05801435406698564 0.24680851063829787
0 0.10526315789473684 0.3452127659574468 0.05472488038277512 0.2478723404255319
0 0.1680622009569378 0.20797872340425533 0.056220095693779906 0.15585106382978722
0 0.3083133971291866 0.20691489361702128 0.04694976076555024 0.1324468085106383
0 0.12111244019138756 0.22234042553191488 0.04694976076555024 0.16542553191489362
0 0.36273923444976075 0.2276595744680851 0.0819377990430622 0.15478723404255318
0 0.0729665071770335 0.21010638297872342 0.05741626794258373 0.16861702127659575
0 0.7547846889952153 0.2553191489361702 0.32745215311004783 0.46808510638297873
0 0.36154306220095694 0.8773936170212766 0.056818181818181816 0.23670212765957446
0 0.33163875598086123 0.7537234042553191 0.05382775119617225 0.25
0 0.1728468899521531 0.5893617021276596 0.06578947368421052 0.2
0 0.01166267942583732 0.5680851063829787 0.02332535885167464 0.1574468085106383
0 0.10735645933014354 0.5351063829787234 0.04485645933014354 0.09148936170212765
0 0.0645933014354067 0.5335106382978724 0.0430622009569378 0.08829787234042553
0 0.12006578947368421 0.8507978723404256 0.06728468899521531 0.2526595744680851
0 0.02900717703349282 0.9340425531914893 0.05801435406698564 0.13191489361702127
0 0.03932416267942584 0.888031914893617 0.0583133971291866 0.2154255319148936
0 0.6417464114832536 0.9382978723404255 0.0645933014354067 0.12340425531914893
0 0.5077751196172249 0.600531914893617 0.07177033492822966 0.22234042553191488
0 0.9204545454545454 0.5670212765957446 0.06578947368421052 0.15531914893617021
0 0.7114234449760766 0.573936170212766 0.04485645933014354 0.16914893617021276
0 0.7464114832535885 0.5457446808510639 0.04904306220095694 0.1127659574468085
0 0.8549641148325359 0.5127659574468085 0.04485645933014354 0.04680851063829787
0 0.812200956937799 0.5111702127659574 0.0430622009569378 0.043617021276595745
0 0.5221291866028708 0.5164893617021277 0.03708133971291866 0.05425531914893617
0 0.7921650717703349 0.8739361702127659 0.06279904306220095 0.2393617021276596
0 0.7837918660287081 0.9196808510638298 0.06399521531100479 0.16063829787234044
0 0.8676734449760766 0.8061170212765958 0.06728468899521531 0.2526595744680851