0 0.4912420382165605 0.09569377990430622 0.07165605095541401 0.1722488038277512
0 0.046974522292993634 0.11483253588516747 0.09394904458598727 0.18660287081339713
0 0.32921974522292996 0.12320574162679426 0.0517515923566879 0.09330143540669857
0 0.6023089171974523 0.1303827751196172 0.05652866242038217 0.11722488038277512
0 0.17436305732484075 0.13217703349282298 0.04936305732484077 0.1519138755980861
0 0.22253184713375795 0.14354066985645933 0.07404458598726114 0.18660287081339713
0 0.09554140127388536 0.145933014354067 0.03980891719745223 0.08851674641148326
0 0.29339171974522293 0.15430622009569378 0.06449044585987261 0.17942583732057416
0 0.6353503184713376 0.1638755980861244 0.028662420382165606 0.2583732057416268
0 0.42595541401273884 0.201555023923445 0.12420382165605096 0.3145933014354067
0 0.04179936305732484 0.23145933014354067 0.08359872611464968 0.28588516746411485
0 0.5270700636942676 0.24043062200956938 0.11942675159235669 0.3588516746411483
0 0.3586783439490446 0.2374401913875598 0.09474522292993631 0.36483253588516745
0 0.29418789808917195 0.24222488038277512 0.06289808917197452 0.35526315789473684
0 0.1317675159235669 0.2583732057416268 0.11863057324840764 0.3229665071770335
0 0.2623407643312102 0.26495215311004783 0.11226114649681529 0.30980861244019137
0 0.5640923566878981 0.29366028708133973 0.17117834394904458 0.25239234449760767
0 0.20103503184713375 0.326555023923445 0.16321656050955413 0.18660287081339713
0 0.3909235668789809 0.3253588516746411 0.2070063694267516 0.18899521531100477
0 0.05931528662420382 0.3361244019138756 0.11863057324840764 0.1674641148325359
0 0.9485191082802549 0.28339712918660287 0.09780254777070058 0.14821770334928233