0 0.17272727272727273 0.22465437788018433 0.17142857142857143 0.44930875576036866
0 0.37337662337662336 0.22638248847926268 0.17792207792207793 0.44585253456221197
0 0.6818181818181818 0.23444700460829493 0.09610389610389611 0.39746543778801846
0 0.5993506493506493 0.24481566820276499 0.12597402597402596 0.39976958525345624
0 0.4909090909090909 0.2402073732718894 0.1012987012987013 0.41359447004608296
0 0.2636363636363636 0.22004608294930875 0.12987012987012986 0.4055299539170507
0 0.537012987012987 0.195852534562212 0.08181818181818182 0.3778801843317972
0 0.5363636363636364 0.07315668202764977 0.08311688311688312 0.1347926267281106
0 0.8811688311688312 0.4043778801843318 0.03831168831168831 0.06509216589861751
0 0.8162337662337662 0.06797235023041474 0.02207792207792208 0.1359447004608295
0 0.4961038961038961 0.6059907834101382 0.18701298701298702 0.31336405529953915
0 0.7064935064935065 0.7246543778801844 0.046753246753246755 0.5506912442396313
0 0.12337662337662338 0.5910138248847926 0.14025974025974025 0.2834101382488479
0 0.6525974025974026 0.5881336405529954 0.14415584415584415 0.27764976958525345
0 0.2383116883116883 0.6779953917050692 0.16753246753246753 0.4573732718894009
0 0.033116883116883114 0.5777649769585254 0.06623376623376623 0.2569124423963134