0 0.03233333333333333 0.2897412199630314 0.06466666666666666 0.5794824399260629
0 0.39466666666666667 0.2897412199630314 0.07066666666666667 0.5794824399260629
0 0.36233333333333334 0.2897412199630314 0.13533333333333333 0.5794824399260629
0 0.084 0.2897412199630314 0.10666666666666667 0.5794824399260629
0 0.17466666666666666 0.25184842883548986 0.15066666666666667 0.5036968576709797
0 0.6586666666666666 0.3068391866913124 0.06266666666666666 0.11136783733826247
0 0.7336666666666667 0.4551756007393715 0.08166666666666667 0.21072088724584104
0 0.775 0.21395563770794823 0.067 0.20656192236598891
0 0.2683333333333333 0.7818853974121996 0.323 0.4043438077634011
0 0.18433333333333332 0.9145101663585952 0.36866666666666664 0.17051756007393715
0 0.27666666666666667 0.9195933456561922 0.30633333333333335 0.16081330868761554