0 0.5063191153238547 0.2431865828092243 0.1259873617693523 0.4129979035639413
0 0.07977883096366509 0.319706498951782 0.1524486571879937 0.2578616352201258
0 0.20853080568720378 0.3160377358490566 0.13428120063191154 0.2672955974842767
0 0.32306477093206953 0.32547169811320753 0.11966824644549763 0.2468553459119497
0 0.40639810426540285 0.31446540880503143 0.11295418641390205 0.27044025157232704
0 0.27093206951026855 0.17348008385744235 0.0947867298578199 0.21855345911949686
0 0.179304897314376 0.1619496855345912 0.10268562401263823 0.25052410901467503
0 0.08372827804107424 0.17243186582809225 0.10624012638230648 0.21855345911949686
0 0.3479462875197472 0.16719077568134172 0.08451816745655608 0.20911949685534592
0 0.42298578199052134 0.14675052410901468 0.08570300157977884 0.19444444444444445
0 0.8759873617693523 0.19968553459119498 0.07424960505529225 0.3909853249475891
0 0.5631911532385466 0.7919287211740041 0.01263823064770932 0.14779874213836477