0 0.3328125 0.15316901408450703 0.084375 0.21948356807511737
0 0.26328125 0.16549295774647887 0.0890625 0.19190140845070422
0 0.1171875 0.16784037558685447 0.10390625 0.1772300469483568
0 0.41171875 0.16842723004694835 0.09765625 0.24178403755868544
0 0.19140625 0.1795774647887324 0.08671875 0.26173708920187794
0 0.4890625 0.27523474178403756 0.1375 0.43485915492957744
0 0.1 0.36384976525821594 0.16171875 0.3914319248826291
0 0.35546875 0.3738262910798122 0.14140625 0.3720657276995305
0 0.2375 0.3744131455399061 0.134375 0.37089201877934275
0 0.17734375 0.7370892018779343 0.2109375 0.3215962441314554
0 0.36875 0.8145539906103286 0.18125 0.37089201877934275
0 0.18046875 0.8908450704225352 0.1484375 0.21830985915492956
0 0.31796875 0.9143192488262911 0.1546875 0.17136150234741784
0 0.50390625 0.8438967136150235 0.2109375 0.31220657276995306
0 0.13984375 0.8615023474178404 0.2796875 0.27699530516431925
0 0.6984375 0.772887323943662 0.03984375 0.10093896713615023