0 0.643 0.5966666666666667 0.36 0.572
0 0.3345 0.6486666666666666 0.327 0.684
0 0.522 0.3273333333333333 0.068 0.12666666666666668
0 0.593 0.33066666666666666 0.086 0.15466666666666667
0 0.35 0.324 0.078 0.152
0 0.292 0.32266666666666666 0.084 0.192
0 0.6445 0.336 0.061 0.17333333333333334
0 0.4295 0.30933333333333335 0.103 0.16
0 0.159 0.4786666666666667 0.148 0.3973333333333333
0 0.672 0.372 0.06 0.144
0 0.2125 0.32 0.055 0.11466666666666667
0 0.7065 0.37933333333333336 0.059 0.16666666666666666