0 0.7572413793103449 0.413265306122449 0.05517241379310345 0.12040816326530612
0 0.26068965517241377 0.4153061224489796 0.04689655172413793 0.11632653061224489
0 0.17448275862068965 0.4204081632653061 0.06482758620689655 0.1510204081632653
0 0.8917241379310344 0.42959183673469387 0.06758620689655172 0.11632653061224489
0 0.8255172413793104 0.4663265306122449 0.10344827586206896 0.18571428571428572
0 0.9558620689655173 0.4846938775510204 0.08275862068965517 0.24285714285714285
0 0.6420689655172414 0.6020408163265306 0.09793103448275862 0.5020408163265306
0 0.31103448275862067 0.6306122448979592 0.09793103448275862 0.5061224489795918
0 0.13310344827586207 0.6357142857142857 0.09793103448275862 0.536734693877551
0 0.2303448275862069 0.6479591836734694 0.12137931034482759 0.536734693877551
0 0.5537931034482758 0.65 0.12275862068965518 0.5612244897959183
0 0.7303448275862069 0.65 0.09793103448275862 0.5081632653061224
0 0.4096551724137931 0.6693877551020408 0.1296551724137931 0.5836734693877551
0 0.08206896551724138 0.6704081632653062 0.16413793103448276 0.6469387755102041
0 0.6641379310344827 0.6744897959183673 0.1006896551724138 0.5
0 0.8275862068965517 0.6846938775510204 0.12137931034482759 0.4959183673469388
0 0.9296551724137931 0.6938775510204082 0.13517241379310344 0.5428571428571428