0 0.5513297872340426 0.2570888468809074 0.11010638297872341 0.26417769376181477
0 0.0800531914893617 0.2655954631379962 0.10585106382978723 0.24763705103969755
0 0.15265957446808512 0.2736294896030246 0.0726063829787234 0.23109640831758035
0 0.5180851063829788 0.2840264650283554 0.08723404255319149 0.21030245746691872
0 0.1901595744680851 0.30671077504725897 0.09840425531914894 0.16540642722117202
0 0.28085106382978725 0.2996219281663516 0.10904255319148937 0.17958412098298676
0 0.4340425531914894 0.30482041587901704 0.11223404255319148 0.16918714555765596
0 0.3571808510638298 0.29584120982986767 0.11835106382978723 0.17580340264650285
0 0.45691489361702126 0.19801512287334594 0.06223404255319149 0.10113421550094517
0 0.31303191489361704 0.20321361058601134 0.08404255319148936 0.09877126654064272
0 0.38670212765957446 0.1999054820415879 0.08404255319148936 0.11436672967863894
0 0.22792553191489362 0.20982986767485823 0.09042553191489362 0.12098298676748583
0 0.6353723404255319 0.31947069943289225 0.02898936170212766 0.13988657844990549
0 0.15531914893617021 0.719281663516068 0.1848404255319149 0.19328922495274103
0 0.9099734042553191 0.8724007561436673 0.057180851063829786 0.21739130434782608
0 0.8167553191489362 0.4546313799621928 0.04414893617021277 0.13043478260869565
0 0.8686170212765958 0.47967863894139884 0.04680851063829787 0.18052930056710775
0 0.8601063829787234 0.777882797731569 0.0398936170212766 0.21739130434782608
0 0.8102393617021276 0.8357750472589792 0.057180851063829786 0.2622873345935728
0 0.7916223404255319 0.7294423440453687 0.05186170212765957 0.2339319470699433
0 0.7118351063829788 0.6691871455576559 0.05452127659574468 0.222117202268431
0 0.6651595744680852 0.5151228733459358 0.03031914893617021 0.22684310018903592
0 0.7202127659574468 0.44281663516068054 0.0425531914893617 0.10680529300567108
0 0.7617021276595745 0.44045368620037806 0.03723404255319149 0.10207939508506617