0 0.2819976076555024 0.3 0.13576555023923445 0.6
0 0.1659688995215311 0.3281914893617021 0.15251196172248804 0.5436170212765957
0 0.060406698564593304 0.30638297872340425 0.12081339712918661 0.5872340425531914
0 0.6934808612440191 0.31329787234042555 0.07715311004784689 0.23829787234042554
0 0.5888157894736842 0.32393617021276594 0.05801435406698564 0.23829787234042554
0 0.5547248803827751 0.2978723404255319 0.04336124401913875 0.20372340425531915
0 0.4386961722488038 0.2797872340425532 0.05891148325358852 0.27074468085106385
0 0.7748205741626795 0.2 0.026614832535885168 0.06436170212765957
0 0.8032296650717703 0.18882978723404256 0.013157894736842105 0.035106382978723406
0 0.1880980861244019 0.8412234042553192 0.056818181818181816 0.23670212765957446
0 0.15789473684210525 0.7212765957446808 0.05382775119617225 0.2425531914893617
0 0.6928827751196173 0.8617021276595744 0.3026315789473684 0.27606382978723404