0 0.2125 0.08300395256916997 0.0575 0.041501976284584984
0 0.3408333333333333 0.09041501976284586 0.0636111111111111 0.038537549407114624
0 0.4063888888888889 0.09486166007905138 0.0725 0.04792490118577075
0 0.27416666666666667 0.09634387351778656 0.06972222222222223 0.05237154150197629
0 0.4866666666666667 0.11511857707509882 0.06527777777777778 0.08843873517786562
0 0.04722222222222222 0.12203557312252965 0.0875 0.11610671936758893
0 0.1511111111111111 0.1225296442687747 0.04583333333333333 0.09733201581027667
0 0.10555555555555556 0.12845849802371542 0.08027777777777778 0.10869565217391304
0 0.19111111111111112 0.1309288537549407 0.09111111111111111 0.11116600790513834
0 0.2677777777777778 0.1309288537549407 0.06888888888888889 0.10227272727272728
0 0.3441666666666667 0.13488142292490118 0.06972222222222223 0.09782608695652174
0 0.4102777777777778 0.13932806324110672 0.06444444444444444 0.09090909090909091
0 0.46805555555555556 0.13932806324110672 0.06194444444444445 0.09189723320158102
0 0.6736111111111112 0.125 0.06833333333333333 0.11857707509881422
0 0.5761111111111111 0.09634387351778656 0.05611111111111111 0.0958498023715415
0 0.5505555555555556 0.07855731225296443 0.04111111111111111 0.09189723320158102
0 0.6319444444444444 0.1007905138339921 0.03305555555555555 0.06472332015810277
0 0.5798166666666668 0.6441897233201581 0.03258888888888893 0.18639328063241095
0 0.62365 0.6378754940711462 0.03257777777777783 0.12983201581027656
0 0.7705833333333333 0.606304347826087 0.020194444444444393 0.09085968379446645