0 0.8081275720164609 0.5462962962962963 0.147119341563786 0.6759259259259259
0 0.1388888888888889 0.5162037037037037 0.09259259259259259 0.566358024691358
0 0.485082304526749 0.6334876543209876 0.147119341563786 0.5262345679012346
0 0.2103909465020576 0.5486111111111112 0.12448559670781893 0.5848765432098766
0 0.3626543209876543 0.6489197530864198 0.147119341563786 0.529320987654321
0 0.6244855967078189 0.6574074074074074 0.15020576131687244 0.5339506172839507
0 0.7217078189300411 0.5300925925925926 0.09362139917695474 0.566358024691358
0 0.4835390946502058 0.29398148148148145 0.07818930041152264 0.16203703703703703
0 0.43209876543209874 0.21219135802469136 0.07613168724279835 0.18981481481481483
0 0.5545267489711934 0.37191358024691357 0.10493827160493827 0.2654320987654321
0 0.6594650205761317 0.3734567901234568 0.10699588477366255 0.30246913580246915
0 0.4305555555555556 0.38580246913580246 0.09156378600823045 0.24074074074074073
0 0.3734567901234568 0.3557098765432099 0.09259259259259259 0.279320987654321
0 0.5185185185185185 0.2175925925925926 0.06378600823045268 0.17592592592592593
0 0.2788065843621399 0.5138888888888888 0.10493827160493827 0.5771604938271605
0 0.2700617283950617 0.22376543209876543 0.08950617283950617 0.19135802469135801
0 0.3508230452674897 0.22608024691358025 0.06172839506172839 0.1867283950617284
0 0.6563786008230452 0.2361111111111111 0.08641975308641975 0.1697530864197531
0 0.5771604938271605 0.22916666666666666 0.05555555555555555 0.1743827160493827
0 0.6013374485596708 0.30401234567901236 0.05246913580246913 0.15432098765432098
0 0.3184156378600823 0.3742283950617284 0.046296296296296294 0.2854938271604938