0 0.5555555555555556 0.26467136150234744 0.1486697965571205 0.5293427230046949
0 0.21283255086071987 0.26467136150234744 0.20187793427230047 0.5293427230046949
0 0.4287949921752739 0.26467136150234744 0.14241001564945227 0.5293427230046949
0 0.07550860719874804 0.26467136150234744 0.15101721439749607 0.5293427230046949
0 0.316510172143975 0.26467136150234744 0.12441314553990611 0.5293427230046949
0 0.9166666666666666 0.36032863849765256 0.10485133020344288 0.3380281690140845
0 0.7625195618153364 0.36208920187793425 0.09507042253521127 0.3315727699530516
0 0.6733176838810642 0.3673708920187793 0.08685446009389672 0.3204225352112676
0 0.7664319248826291 0.7517605633802817 0.028169014084507043 0.08215962441314555
0 0.9284037558685446 0.7998826291079812 0.08841940532081377 0.2605633802816901
0 0.9690923317683882 0.8110328638497653 0.05516431924882629 0.19131455399061034