0 0.33581235697940504 0.33075601374570446 0.16361556064073227 0.4175257731958763
0 0.04977116704805492 0.2697594501718213 0.09954233409610984 0.5395189003436426
0 0.19965675057208238 0.3384879725085911 0.16361556064073227 0.4020618556701031
0 0.49084668192219677 0.34192439862542956 0.16704805491990846 0.3951890034364261
0 0.5680778032036613 0.2697594501718213 0.04233409610983982 0.5395189003436426
0 0.3340961098398169 0.06357388316151202 0.08695652173913043 0.12714776632302405
0 0.2768878718535469 0.02577319587628866 0.08466819221967964 0.05154639175257732
0 0.41304347826086957 0.13573883161512026 0.11670480549199085 0.27147766323024053
0 0.5297482837528604 0.14690721649484537 0.11899313501144165 0.29381443298969073
0 0.2751716247139588 0.13917525773195877 0.10183066361556065 0.26804123711340205
0 0.2116704805491991 0.13058419243986255 0.10297482837528604 0.2611683848797251
0 0.37299771167048057 0.02491408934707904 0.07093821510297482 0.04982817869415808
0 0.10640732265446225 0.2697594501718213 0.11670480549199085 0.5395189003436426
0 0.09668192219679633 0.03264604810996564 0.09954233409610984 0.06529209621993128
0 0.18649885583524028 0.03264604810996564 0.06864988558352403 0.06529209621993128
0 0.5263157894736842 0.03350515463917526 0.09610983981693363 0.06701030927835051
0 0.43821510297482835 0.030927835051546393 0.06178489702517163 0.061855670103092786
0 0.46510297482837526 0.06701030927835051 0.05835240274599542 0.13402061855670103
0 0.15045766590389015 0.14261168384879724 0.05148741418764302 0.2852233676975945
0 0.2208237986270023 0.8530927835051546 0.08752860411899313 0.13402061855670103
0 0.681350114416476 0.8402061855670103 0.12242562929061784 0.31958762886597936