0 0.4027122641509434 0.18592436974789917 0.10259433962264151 0.37184873949579833
0 0.03125 0.21953781512605042 0.0625 0.43907563025210083
0 0.45047169811320753 0.3277310924369748 0.1509433962264151 0.22268907563025211
0 0.31839622641509435 0.33403361344537813 0.14622641509433962 0.21008403361344538
0 0.6851415094339622 0.23739495798319327 0.13679245283018868 0.40336134453781514
0 0.3154481132075472 0.1638655462184874 0.08136792452830188 0.31932773109243695
0 0.25471698113207547 0.20903361344537816 0.10849056603773585 0.4096638655462185
0 0.11851415094339622 0.3550420168067227 0.12853773584905662 0.16806722689075632
0 0.4893867924528302 0.2426470588235294 0.09905660377358491 0.296218487394958
0 0.6639150943396226 0.3403361344537815 0.12971698113207547 0.19747899159663865
0 0.08018867924528301 0.21953781512605042 0.09198113207547169 0.43907563025210083
0 0.14622641509433962 0.19432773109243698 0.11556603773584906 0.38865546218487396
0 0.5589622641509434 0.3487394957983193 0.12735849056603774 0.18067226890756302
0 0.5766509433962265 0.22899159663865545 0.09669811320754718 0.2815126050420168
0 0.20577830188679244 0.36239495798319327 0.10023584905660378 0.15336134453781514
0 0.3909198113207547 0.9432773109243697 0.11320754716981132 0.08718487394957983
0 0.5389150943396226 0.759453781512605 0.12205188679245282 0.24579831932773108
0 0.6314858490566038 0.7195378151260504 0.12971698113207547 0.21218487394957983
0 0.12735849056603774 0.6502100840336135 0.07724056603773585 0.24369747899159663
0 0.8944575471698113 0.5346638655462185 0.21108490566037735 0.19117647058823528