0 0.5946666666666667 0.7631578947368421 0.4826666666666667 0.44551519644180876
0 0.7626666666666667 0.5437361008154188 0.216 0.5507783543365455
0 0.38033333333333336 0.5648628613787992 0.14733333333333334 0.502594514455152
0 0.17466666666666666 0.48517420311341736 0.14 0.6011860637509266
0 0.49233333333333335 0.5181616011860638 0.12333333333333334 0.40029651593773163
0 0.615 0.46775389177168275 0.14733333333333334 0.3558191252779837
0 0.4866666666666667 0.23869532987398073 0.10933333333333334 0.18532246108228317
0 0.6823333333333333 0.2687175685693106 0.11533333333333333 0.19792438843587842
0 0.2806666666666667 0.4699777613046701 0.152 0.5945144551519644
0 0.36833333333333335 0.26426982950333583 0.102 0.20830244625648628
0 0.5793333333333334 0.28502594514455154 0.12 0.23943661971830985
0 0.436 0.3220904373610082 0.08666666666666667 0.14899925871015568
0 0.824 0.455522609340252 0.184 0.6011860637509266
0 0.8236666666666667 0.312824314306894 0.18466666666666667 0.3113417346182357