0 0.47141472868217055 0.3185840707964602 0.2180232558139535 0.36283185840707965
0 0.06782945736434108 0.30973451327433627 0.13565891472868216 0.3805309734513274
0 0.6545542635658915 0.3019911504424779 0.07073643410852713 0.39601769911504425
0 0.5101744186046512 0.25 0.19089147286821706 0.5
0 0.6361434108527132 0.25 0.10755813953488372 0.5
0 0.24176356589147288 0.3274336283185841 0.22965116279069767 0.34513274336283184
0 0.1375968992248062 0.25 0.15310077519379844 0.5
0 0.34689922480620156 0.25 0.19767441860465115 0.5
0 0.7146317829457365 0.7798672566371682 0.04941860465116279 0.44026548672566373
0 0.7921511627906976 0.8207964601769911 0.11143410852713179 0.3584070796460177
0 0.8924418604651163 0.793141592920354 0.1298449612403101 0.413716814159292
0 0.9617248062015504 0.797566371681416 0.07655038759689922 0.40486725663716816