0 0.48974609375 0.759046052631579 0.1669921875 0.4720394736842105
0 0.125 0.7631578947368421 0.19140625 0.45723684210526316
0 0.7919921875 0.7853618421052632 0.16796875 0.4161184210526316
0 0.24462890625 0.5452302631578947 0.1142578125 0.7417763157894737
0 0.333984375 0.7713815789473685 0.126953125 0.4375
0 0.8837890625 0.5016447368421053 0.21875 0.743421052631579
0 0.1259765625 0.4087171052631579 0.142578125 0.4786184210526316
0 0.353515625 0.522203947368421 0.134765625 0.7582236842105263
0 0.5419921875 0.537828947368421 0.26171875 0.75
0 0.46728515625 0.4432565789473684 0.1474609375 0.5345394736842105
0 0.71484375 0.53125 0.1640625 0.75