0 0.5034648187633263 0.29763986013986016 0.0730277185501066 0.41346153846153844
0 0.04637526652452026 0.2972027972027972 0.06929637526652452 0.3688811188811189
0 0.01199360341151386 0.291958041958042 0.02398720682302772 0.40734265734265734
0 0.39339019189765456 0.3732517482517482 0.06396588486140725 0.3531468531468531
0 0.4474946695095949 0.2840909090909091 0.07622601279317698 0.3793706293706294
0 0.11300639658848614 0.36844405594405594 0.07356076759061833 0.3505244755244755
0 0.332089552238806 0.3741258741258741 0.06396588486140725 0.3513986013986014
0 0.17723880597014927 0.36582167832167833 0.06343283582089553 0.34353146853146854
0 0.27798507462686567 0.381993006993007 0.05277185501066098 0.3269230769230769
0 0.3049040511727079 0.1909965034965035 0.039445628997867806 0.17395104895104896
0 0.25772921108742003 0.18225524475524477 0.06130063965884861 0.19318181818181818
0 0.23134328358208955 0.3723776223776224 0.05863539445628998 0.3321678321678322
0 0.3406183368869936 0.1840034965034965 0.042643923240938165 0.16346153846153846
0 0.3853944562899787 0.18487762237762237 0.05223880597014925 0.1687062937062937
0 0.09514925373134328 0.27972027972027974 0.05810234541577825 0.3618881118881119
0 0.2118869936034115 0.1875 0.04317697228144989 0.1791958041958042
0 0.14125799573560768 0.1791958041958042 0.042643923240938165 0.17657342657342656
0 0.17670575692963753 0.17526223776223776 0.04317697228144989 0.15821678321678323
0 0.8915245202558635 0.3006993006993007 0.13646055437100213 0.18138111888111888
0 0.5157249466950959 0.8636363636363636 0.048507462686567165 0.2727272727272727
0 0.457089552238806 0.8828671328671329 0.08155650319829424 0.23426573426573427
0 0.30383795309168443 0.8645104895104895 0.08955223880597014 0.270979020979021
0 0.3792643923240938 0.8684440559440559 0.0964818763326226 0.2631118881118881
0 0.4642857142857143 0.7609265734265734 0.09275053304904052 0.15122377622377622
0 0.1489872068230277 0.8697552447552448 0.10394456289978678 0.26048951048951047
0 0.2310767590618337 0.853583916083916 0.12100213219616204 0.2928321678321678
0 0.07142857142857142 0.8754370629370629 0.1162046908315565 0.2491258741258741
0 0.024253731343283583 0.8304195804195804 0.048507462686567165 0.17657342657342656
0 0.5511727078891258 0.7119755244755245 0.022388059701492536 0.07604895104895106