0 0.40555555555555556 0.28425925925925927 0.027777777777777776 0.1425925925925926
0 0.2833333333333333 0.3037037037037037 0.07777777777777778 0.2074074074074074
0 0.23819444444444443 0.34814814814814815 0.09305555555555556 0.2037037037037037
0 0.36666666666666664 0.35 0.07777777777777778 0.2037037037037037
0 0.06875 0.34629629629629627 0.1375 0.26666666666666666
0 0.17430555555555555 0.38333333333333336 0.1736111111111111 0.1925925925925926
0 0.3034722222222222 0.38981481481481484 0.12638888888888888 0.17962962962962964
0 0.6235833333333334 0.21775925925925926 0.10741666666666672 0.24392592592592588
0 0.7326388888888888 0.43425925925925923 0.10416666666666667 0.09074074074074075
0 0.15208333333333332 0.5851851851851851 0.08472222222222223 0.14074074074074075
0 0.6041666666666666 0.5305555555555556 0.058333333333333334 0.10185185185185185
0 0.6805555555555556 0.5342592592592592 0.05277777777777778 0.10925925925925926