0 0.27595936794582393 0.1737918215613383 0.0981941309255079 0.3475836431226766
0 0.23024830699774265 0.3299256505576208 0.14446952595936793 0.23977695167286245
0 0.35665914221218964 0.3355018587360595 0.1399548532731377 0.22862453531598512
0 0.035553047404063204 0.25 0.07110609480812641 0.3996282527881041
0 0.3594808126410835 0.16356877323420074 0.07787810383747178 0.2825278810408922
0 0.417607223476298 0.20353159851301114 0.1038374717832957 0.362453531598513
0 0.5428893905191874 0.354089219330855 0.11286681715575621 0.19144981412639406
0 0.1930022573363431 0.23327137546468402 0.09480812641083522 0.2620817843866171
0 0.04401805869074492 0.34107806691449816 0.08803611738148984 0.2174721189591078
0 0.5699774266365688 0.22490706319702602 0.05869074492099323 0.44981412639405205
0 0.5214446952595937 0.1812267657992565 0.11060948081264109 0.362453531598513
0 0.12641083521444696 0.34851301115241634 0.12189616252821671 0.20260223048327136
0 0.10948081264108352 0.2211895910780669 0.09255079006772009 0.24907063197026022
0 0.46444695259593677 0.36059479553903345 0.09593679458239278 0.17843866171003717