0 0.05 0.10685483870967742 0.09838709677419355 0.21370967741935484
0 0.275 0.2923387096774194 0.12580645161290321 0.34274193548387094
0 0.1346774193548387 0.08669354838709678 0.08064516129032258 0.17338709677419356
0 0.2318548387096774 0.13709677419354838 0.10887096774193548 0.27419354838709675
0 0.3774193548387097 0.2768817204301075 0.16451612903225807 0.3172043010752688
0 0.38467741935483873 0.12634408602150538 0.08064516129032258 0.25268817204301075
0 0.18830645161290321 0.2728494623655914 0.09596774193548387 0.3333333333333333
0 0.31733870967741934 0.09274193548387097 0.07661290322580645 0.18548387096774194
0 0.039919354838709675 0.28830645161290325 0.07983870967741935 0.2916666666666667
0 0.10887096774193548 0.2728494623655914 0.10161290322580645 0.32526881720430106
0 0.6919354838709677 0.5423387096774194 0.3241935483870968 0.09274193548387097
0 0.2254032258064516 0.8266129032258065 0.15564516129032258 0.3467741935483871
0 0.09637096774193549 0.7943548387096774 0.1588709677419355 0.4112903225806452
0 0.4475806451612903 0.7977150537634409 0.13870967741935483 0.40456989247311825
0 0.16774193548387098 0.6821236559139785 0.054838709677419356 0.16801075268817203
0 0.3318548387096774 0.821236559139785 0.125 0.3575268817204301
0 0.8338709677419355 0.8245967741935484 0.2887096774193548 0.35080645161290325