0 0.4013671875 0.512987012987013 0.04296875 0.14805194805194805
0 0.1123046875 0.5454545454545454 0.056640625 0.13246753246753246
0 0.517578125 0.5071428571428571 0.046875 0.14675324675324675
0 0.2119140625 0.5285714285714286 0.04296875 0.13766233766233765
0 0.5947265625 0.5142857142857142 0.04296875 0.13506493506493505
0 0.43896484375 0.5155844155844156 0.0341796875 0.13246753246753246
0 0.6396484375 0.5116883116883116 0.048828125 0.13506493506493505
0 0.30517578125 0.525974025974026 0.0556640625 0.12727272727272726
0 0.74462890625 0.4993506493506494 0.0556640625 0.14935064935064934
0 0.259765625 0.5311688311688312 0.04296875 0.12727272727272726
0 0.35546875 0.5188311688311689 0.048828125 0.14155844155844155
0 0.69384765625 0.4974025974025974 0.0576171875 0.15844155844155844
0 0.78955078125 0.4954545454545455 0.0498046875 0.15714285714285714
0 0.4765625 0.5064935064935064 0.044921875 0.14545454545454545
0 0.8857421875 0.4915584415584416 0.05859375 0.16493506493506493
0 0.83984375 0.4811688311688312 0.0625 0.17272727272727273
0 0.55517578125 0.5097402597402597 0.0400390625 0.13376623376623376
0 0.25244140625 0.42597402597402595 0.0400390625 0.14805194805194805
0 0.294921875 0.39675324675324675 0.048828125 0.10779220779220779
0 0.388671875 0.38701298701298703 0.044921875 0.11428571428571428
0 0.3466796875 0.39935064935064934 0.041015625 0.1
0 0.48095703125 0.37987012987012986 0.0517578125 0.11558441558441558
0 0.53662109375 0.4142857142857143 0.0400390625 0.1012987012987013
0 0.43359375 0.39805194805194805 0.044921875 0.10779220779220779
0 0.6484375 0.36688311688311687 0.056640625 0.11818181818181818
0 0.5869140625 0.42402597402597403 0.044921875 0.13636363636363635
0 0.755859375 0.4012987012987013 0.05078125 0.12727272727272726
0 0.63720703125 0.43896103896103894 0.0576171875 0.10649350649350649
0 0.7119140625 0.4077922077922078 0.05078125 0.11168831168831168
0 0.16796875 0.5331168831168831 0.05078125 0.13896103896103895