0 0.4244851258581236 0.18261562998405104 0.08009153318077804 0.189792663476874
0 0.5543478260869565 0.20175438596491227 0.09496567505720824 0.31100478468899523
0 0.6195652173913043 0.2647527910685805 0.13386727688787187 0.2743221690590112
0 0.2654462242562929 0.2711323763955343 0.09610983981693363 0.2583732057416268
0 0.4862700228832952 0.2719298245614035 0.13501144164759726 0.24720893141945774
0 0.37528604118993136 0.2751196172248804 0.09839816933638444 0.2535885167464115
0 0.7585812356979404 0.2783094098883573 0.07093821510297482 0.2567783094098884
0 0.8586956521739131 0.4585326953748006 0.13844393592677345 0.6586921850079744
0 0.11727688787185354 0.4704944178628389 0.12242562929061784 0.6507177033492823
0 0.7254004576659039 0.6084529505582137 0.14645308924485126 0.7511961722488039
0 0.19965675057208238 0.6140350877192983 0.14302059496567507 0.733652312599681
0 0.4668192219679634 0.6172248803827751 0.13272311212814644 0.7272727272727273
0 0.5915331807780321 0.6172248803827751 0.14187643020594964 0.7400318979266348
0 0.3352402745995423 0.6220095693779905 0.14416475972540047 0.7177033492822966
0 0.2831807780320366 0.145933014354067 0.12929061784897025 0.2503987240829346
0 0.7236842105263158 0.14752791068580542 0.13157894736842105 0.24401913875598086