0 0.27183014354066987 0.3537234042553192 0.17135167464114834 0.5111702127659574
0 0.42075358851674644 0.3893617021276596 0.16447368421052633 0.4398936170212766
0 0.1312799043062201 0.3292553191489362 0.17135167464114834 0.5606382978723404
0 0.48295454545454547 0.33351063829787236 0.13845693779904306 0.5521276595744681
0 0.06848086124401914 0.31648936170212766 0.13696172248803828 0.5861702127659575
0 0.29037081339712917 0.15106382978723404 0.17135167464114834 0.2872340425531915
0 0.024222488038277513 0.8968085106382979 0.04844497607655503 0.20638297872340425
0 0.48355263157894735 0.7497340425531915 0.056818181818181816 0.23670212765957446
0 0.4533492822966507 0.6803191489361702 0.05382775119617225 0.14148936170212767
0 0.090311004784689 0.7696808510638298 0.056818181818181816 0.2712765957446808
0 0.18450956937799043 0.8819148936170212 0.07476076555023924 0.23617021276595745
0 0.166566985645933 0.7909574468085107 0.06279904306220095 0.2393617021276596
0 0.23983253588516745 0.7470744680851064 0.07177033492822966 0.2632978723404255