0 0.18977900552486188 0.14980353634577603 0.04558011049723757 0.09577603143418467
0 0.13701657458563535 0.17976424361493124 0.06160220994475138 0.12278978388998035
0 0.275414364640884 0.181237721021611 0.05552486187845304 0.13555992141453832
0 0.2287292817679558 0.181237721021611 0.05303867403314917 0.12573673870333987
0 0.32679558011049725 0.18172888015717092 0.054972375690607735 0.14292730844793713
0 0.37099447513812156 0.2038310412573674 0.044475138121546964 0.14194499017681728
0 0.47624309392265196 0.25589390962671904 0.09613259668508287 0.4056974459724951
0 0.4138121546961326 0.28339882121807464 0.07099447513812154 0.3379174852652259
0 0.08812154696132597 0.287328094302554 0.08370165745856353 0.3443025540275049
0 0.15939226519337016 0.31728880157170924 0.10414364640883977 0.28487229862475444
0 0.29447513812154696 0.3290766208251473 0.06049723756906077 0.26129666011787817
0 0.23895027624309392 0.33153241650294696 0.07513812154696133 0.25638506876227896
0 0.3519337016574586 0.3295677799607073 0.07955801104972375 0.26031434184675833
0 0.8121546961325967 0.41453831041257366 0.049723756906077346 0.09037328094302555
0 0.8723756906077348 0.0481335952848723 0.05082872928176796 0.0962671905697446
0 0.8712707182320442 0.008840864440078585 0.05414364640883978 0.01768172888015717
0 0.6814917127071823 0.02504911591355599 0.03591160220994475 0.05009823182711198
0 0.5469613259668509 0.3580550098231827 0.014364640883977901 0.10510805500982318
0 0.7164364640883978 0.1900785854616896 0.04558011049723757 0.15717092337917485
0 0.7223756906077348 0.05304518664047151 0.03591160220994475 0.10609037328094302
0 0.9511049723756906 0.3614931237721022 0.05359116022099448 0.19646365422396855
0 0.8407458563535911 0.1618369351669941 0.04558011049723757 0.17927308447937132
0 0.9812154696132597 0.01031434184675835 0.03314917127071823 0.0206286836935167
0 0.9759668508287292 0.07514734774066797 0.04585635359116022 0.15029469548133595
0 0.742817679558011 0.03487229862475442 0.03149171270718232 0.06974459724950884
0 0.7193370165745856 0.026031434184675836 0.032044198895027624 0.05206286836935167
0 0.6121546961325967 0.05795677799607073 0.03867403314917127 0.11591355599214145
0 0.6404696132596686 0.15324165029469547 0.04558011049723757 0.16699410609037327
0 0.5900552486187846 0.14464636542239687 0.04143646408839779 0.1743614931237721
0 0.5852209944751381 0.22077603143418467 0.04281767955801105 0.2087426326129666
0 0.5524861878453039 0.21905697445972494 0.02541436464088398 0.206286836935167
0 0.5607734806629834 0.4179764243614931 0.041988950276243095 0.08349705304518663
0 0.47375690607734805 0.7205304518664047 0.13204419889502764 0.5216110019646365