0 0.21536144578313254 0.3230994152046784 0.2560240963855422 0.47368421052631576
0 0.05773092369477912 0.3793859649122807 0.11546184738955824 0.3611111111111111
0 0.4252008032128514 0.2843567251461988 0.2560240963855422 0.5511695906432749
0 0.5030120481927711 0.27997076023391815 0.17269076305220885 0.5599415204678363
0 0.18724899598393574 0.19809941520467836 0.2560240963855422 0.3961988304093567
0 0.7289156626506024 0.3793859649122807 0.1566265060240964 0.3611111111111111
0 0.891566265060241 0.3472222222222222 0.178714859437751 0.42543859649122806
0 0.6350401606425703 0.34137426900584794 0.09136546184738956 0.4371345029239766
0 0.4543172690763052 0.902046783625731 0.01706827309236948 0.038011695906432746
0 0.5150602409638554 0.8925438596491229 0.010542168674698794 0.024853801169590642
0 0.5240963855421686 0.8940058479532164 0.010542168674698794 0.027046783625730993
0 0.5371485943775101 0.8903508771929824 0.015562248995983935 0.031432748538011694
0 0.9362449799196787 0.7799707602339181 0.12751004016064257 0.44005847953216376