0 0.18915343915343916 0.3813559322033898 0.09047619047619047 0.21657250470809794
0 0.021693121693121695 0.3846516007532957 0.04338624338624339 0.20998116760828625
0 0.3386243386243386 0.3968926553672316 0.06243386243386243 0.1854990583804143
0 0.05634920634920635 0.2815442561205273 0.06190476190476191 0.416195856873823
0 0.10476190476190476 0.3898305084745763 0.06878306878306878 0.19962335216572505
0 0.3566137566137566 0.2608286252354049 0.026455026455026454 0.4256120527306968
0 0.015343915343915344 0.2076271186440678 0.030687830687830688 0.2740112994350282
0 0.11534391534391535 0.2725988700564972 0.07301587301587302 0.4340866290018832
0 0.21746031746031746 0.2782485875706215 0.14179894179894179 0.4227871939736347
0 0.176984126984127 0.2274011299435028 0.07989417989417989 0.3060263653483992
0 0.3111111111111111 0.2763653483992467 0.08888888888888889 0.4265536723163842
0 0.7716931216931217 0.2033898305084746 0.08915343915343915 0.16337099811676084
0 0.4568783068783069 0.3008474576271186 0.05396825396825397 0.2678907721280603
0 0.46455026455026455 0.3290960451977401 0.06375661375661376 0.3013182674199623
0 0.6156084656084656 0.928436911487759 0.06402116402116402 0.1431261770244821
0 0.8359788359788359 0.934557438794727 0.0791005291005291 0.11581920903954802
0 0.6854497354497354 0.9378531073446328 0.07407407407407407 0.12005649717514125