0 0.539375 0.631875 0.07125 0.24125
0 0.880625 0.645625 0.08125 0.22875
0 0.465 0.63 0.0875 0.2525
0 0.954375 0.6575 0.07375 0.215
0 0.253125 0.64875 0.07125 0.2275
0 0.1875 0.646875 0.0725 0.22625
0 0.320625 0.644375 0.07125 0.23125
0 0.67625 0.635 0.0775 0.235
0 0.391875 0.64375 0.07875 0.235
0 0.605 0.641875 0.0775 0.21875
0 0.74625 0.6425 0.0825 0.23
0 0.81375 0.64375 0.07 0.225
0 0.124375 0.65 0.06375 0.2125
0 0.063125 0.65 0.07125 0.22
0 0.04875 0.913125 0.0925 0.16875
0 0.35875 0.91 0.1075 0.1725
0 0.05625 0.858125 0.0775 0.20875
0 0.355 0.853125 0.0975 0.19375