0 0.2755834829443447 0.08546325878594249 0.06642728904847396 0.17092651757188498
0 0.3384201077199282 0.13578274760383385 0.06283662477558348 0.24281150159744408
0 0.15080789946140036 0.1389776357827476 0.0807899461400359 0.268370607028754
0 0.21903052064631956 0.1389776357827476 0.07719928186714542 0.24920127795527156
0 0.07585278276481149 0.14057507987220447 0.07989228007181329 0.28115015974440893
0 0.02199281867145422 0.18370607028753994 0.04398563734290844 0.28115015974440893
0 0.30700179533213645 0.31309904153354634 0.12567324955116696 0.3738019169329074
0 0.1229802513464991 0.33626198083067094 0.08797127468581688 0.3274760383386581
0 0.20377019748653502 0.34105431309904155 0.10951526032315978 0.31789137380191695
0 0.04847396768402154 0.33785942492012777 0.09694793536804308 0.3242811501597444
0 0.7948833034111311 0.3546325878594249 0.1732495511669659 0.29073482428115016