0 0.07021604938271606 0.6146694214876033 0.125 0.5392561983471075
0 0.16049382716049382 0.5971074380165289 0.09567901234567901 0.5
0 0.25462962962962965 0.5805785123966942 0.10802469135802469 0.44214876033057854
0 0.41512345679012347 0.71900826446281 0.15123456790123457 0.384297520661157
0 0.8395061728395061 0.5134297520661157 0.1419753086419753 0.3119834710743802
0 0.3410493827160494 0.5764462809917356 0.10185185185185185 0.41735537190082644
0 0.5540123456790124 0.7200413223140496 0.14814814814814814 0.3285123966942149
0 0.6111111111111112 0.5485537190082644 0.09876543209876543 0.39462809917355374
0 0.7137345679012346 0.5361570247933884 0.1095679012345679 0.3367768595041322
0 0.6990740740740741 0.7221074380165289 0.1111111111111111 0.3037190082644628
0 0.8379629629629629 0.7541322314049587 0.15123456790123457 0.28512396694214875
0 0.5192901234567902 0.5237603305785123 0.09104938271604938 0.29132231404958675