0 0.18483146067415732 0.2902777777777778 0.20112359550561798 0.2972222222222222
0 0.06741573033707865 0.2326388888888889 0.1348314606741573 0.4125
0 0.34438202247191013 0.24722222222222223 0.149438202247191 0.38333333333333336
0 0.01348314606741573 0.12291666666666666 0.02696629213483146 0.12638888888888888
0 0.16573033707865167 0.10486111111111111 0.15842696629213482 0.20972222222222223
0 0.4044943820224719 0.12916666666666668 0.029213483146067417 0.15
0 0.3539325842696629 0.09652777777777778 0.1303370786516854 0.19305555555555556
0 0.25 0.2638888888888889 0.09550561797752809 0.35
0 0.5089887640449439 0.37916666666666665 0.17921348314606741 0.11875
0 0.28651685393258425 0.7236111111111111 0.16685393258426967 0.5527777777777778
0 0.6887640449438203 0.7375 0.4623595505617977 0.5243055555555556
0 0.8668539325842697 0.71875 0.2455056179775281 0.4625
0 0.7837078651685393 0.6090277777777777 0.1404494382022472 0.16666666666666666
0 0.7297752808988764 0.5638888888888889 0.12247191011235956 0.22708333333333333
0 0.4398876404494382 0.7402777777777778 0.04157303370786517 0.47291666666666665