0 0.49863387978142076 0.3946601941747573 0.04207650273224044 0.4300970873786408
0 0.025683060109289616 0.41893203883495145 0.05136612021857923 0.38932038834951455
0 0.11420765027322405 0.4014563106796116 0.0546448087431694 0.3796116504854369
0 0.46311475409836067 0.3941747572815534 0.058469945355191254 0.40194174757281553
0 0.346448087431694 0.4058252427184466 0.046994535519125684 0.3378640776699029
0 0.06748633879781421 0.4160194174757282 0.05191256830601093 0.3699029126213592
0 0.42131147540983604 0.4087378640776699 0.05136612021857923 0.36310679611650487
0 0.380327868852459 0.39854368932038836 0.05027322404371585 0.35631067961165047
0 0.27595628415300544 0.3990291262135922 0.046994535519125684 0.3766990291262136
0 0.30983606557377047 0.4 0.04262295081967213 0.3553398058252427
0 0.15437158469945356 0.40242718446601944 0.03879781420765027 0.3679611650485437
0 0.19562841530054645 0.2606796116504854 0.046994535519125684 0.11359223300970873
0 0.23579234972677596 0.26407766990291265 0.04426229508196721 0.11067961165048544
0 0.9088852459016393 0.3417572815533981 0.08759016393442622 0.29298058252427184
0 0.41174863387978144 0.879126213592233 0.16666666666666666 0.24174757281553397
0 0.4491803278688525 0.7849514563106796 0.060109289617486336 0.09660194174757282
0 0.35437158469945357 0.7815533980582524 0.08415300546448087 0.08980582524271845
0 0.0814207650273224 0.8558252427184466 0.13852459016393442 0.22864077669902913
0 0.13306010928961748 0.8087378640776699 0.08306010928961749 0.11116504854368932
0 0.18551912568306012 0.7980582524271844 0.09398907103825137 0.10533980582524272
0 0.7844262295081967 0.6859223300970874 0.05628415300546448 0.05339805825242718
0 0.7385245901639345 0.9048543689320389 0.05191256830601093 0.19029126213592232
0 0.8937158469945355 0.9558252427184466 0.06721311475409836 0.0883495145631068