0 0.35442457588262266 0.18700305810397552 0.0927326914259514 0.28593272171253825
0 0.2643282897753324 0.1790519877675841 0.0817285648784961 0.30168195718654434
0 0.15371389270976615 0.21162079510703363 0.07404860155891793 0.23669724770642203
0 0.04458963778083448 0.1830275229357798 0.08574048601558917 0.29388379204892967
0 0.08138468592388813 0.18073394495412845 0.10098578633654287 0.2984709480122324
0 0.21905089408528197 0.19755351681957187 0.07645575424117378 0.26483180428134556
0 0.14087574507106831 0.10152905198776759 0.03908757450710683 0.07431192660550459
0 0.6061439706556625 0.26452599388379205 0.03324163227877121 0.0746177370030581
0 0.847890875745071 0.21391437308868502 0.029344337459880788 0.07217125382262997
0 0.832416322787712 0.1761467889908257 0.027854195323246216 0.07614678899082569
0 0.7988308115543329 0.025382262996941896 0.02865657955066483 0.04541284403669725
0 0.7995185694635488 0.011009174311926606 0.030375974323704723 0.022018348623853212
0 0.6320495185694636 0.07737003058103975 0.029344337459880788 0.0437308868501529
0 0.6603622191655204 0.10443425076452599 0.02556166895919303 0.07859327217125382
0 0.661852361302155 0.061467889908256884 0.02556166895919303 0.0444954128440367
0 0.5442457588262265 0.03929663608562691 0.020861989912884 0.04694189602446483
0 0.5448188904172397 0.006574923547400612 0.016276937184777625 0.013149847094801223
0 0.6301008711600183 0.12752293577981652 0.0270518110958276 0.06651376146788991
0 0.6351444291609354 0.23211009174311928 0.023154516276937185 0.0746177370030581
0 0.5149014213663458 0.056269113149847096 0.019371847776249427 0.05672782874617737
0 0.532668500687758 0.0845565749235474 0.020861989912884 0.05840978593272171
0 0.5486015589179275 0.10886850152905199 0.023154516276937185 0.06162079510703364
0 0.7164144887666208 0.10611620795107034 0.024759284731774415 0.05917431192660551
0 0.692457588262265 0.10168195718654434 0.021664374140302613 0.06483180428134556
0 0.7408298945437872 0.037155963302752296 0.02556166895919303 0.05749235474006116
0 0.7221458046767538 0.009021406727828746 0.02109124254928932 0.018042813455657492
0 0.7206556625401193 0.03318042813455657 0.0239569005043558 0.05749235474006116
0 0.7036909674461256 0.037155963302752296 0.02246675836772123 0.05917431192660551
0 0.884571297569922 0.016666666666666666 0.017996331957817514 0.03333333333333333
0 0.5605226960110041 0.0363914373088685 0.020861989912884 0.05596330275229358
0 0.5283127005960568 0.013149847094801223 0.016964695093993582 0.026299694189602447
0 0.9880788629069235 0.09541284403669725 0.02384227418615314 0.0691131498470948
0 0.9379871618523613 0.07522935779816514 0.02556166895919303 0.054281345565749234
0 0.984181568088033 0.18944954128440367 0.03152223750573131 0.07675840978593272
0 0.9070380559376433 0.10198776758409786 0.02556166895919303 0.05596330275229358
0 0.5528427326914259 0.16972477064220184 0.030146721687299403 0.07614678899082569
0 0.7469050894085282 0.018807339449541285 0.02109124254928932 0.03761467889908257
0 0.5638468592388812 0.011773700305810398 0.018569463548830812 0.023547400611620795
0 0.9674461256304447 0.07522935779816514 0.02556166895919303 0.054281345565749234
0 0.9731774415405777 0.10290519877675841 0.027854195323246216 0.0672782874617737
0 0.8413571756075194 0.062385321100917435 0.02246675836772123 0.05917431192660551
0 0.6472948188904173 0.02522935779816514 0.023154516276937185 0.05045871559633028
0 0.9182714351215039 0.02125382262996942 0.018569463548830812 0.04250764525993884
0 0.9391334250343879 0.022782874617737002 0.023154516276937185 0.045565749235474004
0 0.6740027510316369 0.02798165137614679 0.024300779458963778 0.05596330275229358
0 0.7670793214121963 0.1761467889908257 0.030146721687299403 0.08593272171253823
0 0.7248968363136176 0.17217125382262996 0.03404401650618982 0.07293577981651377
0 0.6727418615314076 0.1908256880733945 0.03324163227877121 0.0746177370030581
0 0.4808574048601559 0.10978593272171254 0.0270518110958276 0.06483180428134556
0 0.4889958734525447 0.0845565749235474 0.027854195323246216 0.05672782874617737
0 0.15390875745071067 0.7159021406727829 0.025563961485557132 0.09072477064220186
0 0.16308115543328752 0.5912844036697248 0.014935809261806427 0.05453516819571863
0 0.2519050894085282 0.578033639143731 0.01457359009628604 0.049440366972477084
0 0.15333791838606148 0.5844036697247706 0.0144841815680881 0.03567889908256883
0 0.30691655204034846 0.6052996941896024 0.01291838606143979 0.05096941896024467
0 0.4379871618523613 0.42110091743119266 0.003897294818890417 0.05198776758409786
0 0.25247592847317746 0.4136605504587155 0.013312700596056787 0.047911314984709505
0 0.885259055479138 0.7073394495412844 0.22936726272352131 0.5616207951070337
0 0.6929160935350757 0.5677370030581039 0.055593764328289774 0.15137614678899083