0 0.43285371702637887 0.26152482269503546 0.07194244604316546 0.13652482269503546
0 0.30335731414868106 0.2801418439716312 0.0671462829736211 0.19858156028368795
0 0.2643884892086331 0.32269503546099293 0.0803357314148681 0.1950354609929078
0 0.3752997601918465 0.324468085106383 0.0671462829736211 0.1950354609929078
0 0.47961630695443647 0.3696808510638298 0.06474820143884892 0.19680851063829788
0 0.5023980815347722 0.4423758865248227 0.03357314148681055 0.2322695035460993
0 0.4304556354916067 0.42021276595744683 0.11990407673860912 0.2765957446808511
0 0.10251798561151079 0.375886524822695 0.1498800959232614 0.36524822695035464
0 0.2092326139088729 0.41134751773049644 0.1498800959232614 0.29432624113475175
0 0.3207434052757794 0.4175531914893617 0.1091127098321343 0.28191489361702127
0 0.3902877697841727 0.4946808510638298 0.14028776978417265 0.1276595744680851
0 0.8179976019184653 0.8423581560283688 0.09772182254196643 0.23835106382978724