0 0.07387580299785867 0.5361216730038023 0.14775160599571735 0.3650190114068441
0 0.458779443254818 0.41539923954372626 0.12098501070663811 0.6064638783269962
0 0.3859743040685225 0.5484790874524715 0.19164882226980728 0.3403041825095057
0 0.059421841541755886 0.3193916349809886 0.11884368308351177 0.35361216730038025
0 0.16595289079229122 0.44961977186311786 0.11563169164882227 0.5380228136882129
0 0.2430406852248394 0.41634980988593157 0.08993576017130621 0.4600760456273764
0 0.11723768736616702 0.23288973384030418 0.06531049250535331 0.16539923954372623
0 0.016595289079229122 0.25 0.033190578158458245 0.2870722433460076
0 0.33458244111349034 0.4268060836501901 0.12312633832976445 0.4543726235741445
0 0.3270877944325482 0.23859315589353614 0.1252676659528908 0.2300380228136882
0 0.6198501070663812 0.47176806083650186 0.014389721627409051 0.06577946768060841
0 0.6003640256959315 0.48178707224334605 0.009325481798715242 0.05205323193916349
0 0.8677730192719486 0.46066539923954375 0.008790149892933658 0.04992395437262356
0 0.8795182012847966 0.45802281368821296 0.005524625267665797 0.04887832699619779
0 0.8936509635974305 0.45486692015209124 0.010588865096359607 0.0552091254752851
0 0.8472483940042825 0.4527566539923954 0.0070021413276230874 0.02775665399239548
0 0.2114561027837259 0.7908745247148289 0.2114561027837259 0.13403041825095058
0 0.27890792291220556 0.9420152091254753 0.05460385438972163 0.025665399239543727
0 0.33886509635974305 0.9581749049429658 0.07548179871520343 0.04182509505703422