0 0.2022099447513812 0.21021611001964635 0.06823204419889503 0.20088408644400785
0 0.07845303867403315 0.2357563850687623 0.062154696132596686 0.17337917485265225
0 0.35828729281767957 0.35412573673870335 0.08729281767955802 0.1900785854616896
0 0.1453038674033149 0.21463654223968565 0.06160220994475138 0.18172888015717092
0 0.07734806629834254 0.3786836935166994 0.07983425414364641 0.19302554027504912
0 0.13066298342541435 0.36296660117878193 0.07486187845303867 0.17337917485265225
0 0.2610497237569061 0.20579567779960709 0.05580110497237569 0.16453831041257366
0 0.3281767955801105 0.2224950884086444 0.07541436464088398 0.24361493123772102
0 0.42900552486187843 0.34577603143418467 0.11408839779005525 0.17583497053045186
0 0.43425414364640885 0.2318271119842829 0.05580110497237569 0.20039292730844793
0 0.29806629834254145 0.3433202357563851 0.06657458563535912 0.18467583497053044
0 0.3875690607734807 0.21660117878192534 0.05303867403314917 0.15618860510805502
0 0.18922651933701656 0.35216110019646363 0.06767955801104972 0.16159135559921414
0 0.2430939226519337 0.3433202357563851 0.07044198895027624 0.18025540275049115
0 0.7580110497237569 0.3295677799607073 0.13066298342541435 0.4194499017681729
0 0.18121546961325966 0.6222986247544204 0.052486187845303865 0.13261296660117877
0 0.13080110497237568 0.7045677799607073 0.04558011049723757 0.2382121807465619
0 0.12790055248618784 0.5903732809430255 0.04585635359116022 0.10216110019646366
0 0.3378453038674033 0.5584479371316307 0.037016574585635356 0.03831041257367387
0 0.1846685082872928 0.7745579567779961 0.04834254143646409 0.2013752455795678
0 0.10441988950276243 0.9597249508840865 0.05414364640883978 0.08055009823182711
0 0.024861878453038673 0.931237721021611 0.049723756906077346 0.137524557956778
0 0.3903314917127072 0.5918467583497053 0.034806629834254144 0.10510805500982318
0 0.40497237569060773 0.6419449901768173 0.04696132596685083 0.18664047151277013
0 0.3587016574585635 0.6444007858546169 0.03729281767955801 0.17681728880157171
0 0.33038674033149174 0.7180746561886051 0.04143646408839779 0.18664047151277013
0 0.3366022099447514 0.8789292730844793 0.04834254143646409 0.22838899803536344
0 0.030662983425414365 0.7094793713163065 0.04419889502762431 0.17927308447937132
0 0.07348066298342541 0.6959724950884086 0.03867403314917127 0.19646365422396855
0 0.02292817679558011 0.5574656188605108 0.042541436464088395 0.036345776031434185
0 0.05331491712707182 0.5648330058939096 0.04033149171270718 0.05108055009823183
0 0.30883977900552484 0.5609037328094303 0.03756906077348066 0.043222003929273084
0 0.4664364640883978 0.6972003929273084 0.04005524861878453 0.19400785854616895
0 0.8312154696132596 0.8172888015717092 0.2223756906077348 0.3654223968565815
0 0.6107734806629834 0.6866404715127702 0.032320441988950274 0.13359528487229863
0 0.669060773480663 0.6881139489194499 0.017679558011049725 0.07465618860510806
0 0.6911602209944752 0.6881139489194499 0.014640883977900553 0.068762278978389
0 0.7019337016574586 0.68762278978389 0.014640883977900553 0.06728880157170923
0 0.6588397790055248 0.68762278978389 0.008839779005524863 0.05304518664047151
0 0.717403314917127 0.6969548133595285 0.01270718232044199 0.08055009823182711
0 0.7298342541436464 0.7023575638506876 0.01574585635359116 0.07907662082514735
0 0.6279005524861878 0.6836935166994106 0.011878453038674033 0.07760314341846758
0 0.6337016574585635 0.6802554027504911 0.011878453038674033 0.07023575638506876
0 0.6469613259668509 0.6787819253438114 0.010773480662983425 0.061394891944990176