0 0.07369255150554675 0.46021377672209024 0.1473851030110935 0.33847980997624705
0 0.4968304278922345 0.4679334916864608 0.1600633914421553 0.32304038004750596
0 0.5855784469096672 0.33016627078384797 0.10776545166402536 0.5985748218527316
0 0.34944532488114105 0.4673396674584323 0.16323296354992076 0.32422802850356297
0 0.241283676703645 0.2333729216152019 0.15293185419968305 0.44061757719714967
0 0.20285261489698891 0.4352731591448931 0.18225039619651348 0.38836104513064135
0 0.47979397781299526 0.26306413301662707 0.13549920760697307 0.40498812351543945
0 0.36687797147385104 0.27909738717339666 0.12678288431061807 0.3752969121140142
0 0.098256735340729 0.24287410926365796 0.1600633914421553 0.40498812351543945
0 0.8244849445324881 0.3159144893111639 0.02733755942947702 0.11520190023752969
0 0.35855784469096674 0.832541567695962 0.09786053882725831 0.16092636579572447