0 0.622681281618887 0.07432432432432433 0.03456998313659359 0.14864864864864866
0 0.030775716694772345 0.07432432432432433 0.06155143338954469 0.14864864864864866
0 0.10834738617200675 0.07432432432432433 0.09696458684654301 0.14864864864864866
0 0.18043844856661045 0.07432432432432433 0.07419898819561552 0.14864864864864866
0 0.346964586846543 0.07432432432432433 0.10033726812816189 0.14864864864864866
0 0.4734401349072513 0.07432432432432433 0.10708263069139966 0.14864864864864866
0 0.5729342327150084 0.07432432432432433 0.09865092748735245 0.14864864864864866
0 0.24283305227655985 0.07432432432432433 0.09274873524451939 0.14864864864864866
0 0.4354974704890388 0.07432432432432433 0.07841483979763912 0.14864864864864866
0 0.3081787521079258 0.07432432432432433 0.06492411467116357 0.14864864864864866
0 0.3739460370994941 0.07432432432432433 0.06829679595278246 0.14864864864864866
0 0.5535413153456998 0.06606606606606606 0.09021922428330523 0.13213213213213212
0 0.3368465430016863 0.759009009009009 0.112141652613828 0.481981981981982
0 0.8760539629005059 0.6636636636636637 0.031197301854974706 0.17867867867867868
0 0.8490725126475548 0.6524024024024024 0.03499156829679595 0.18243243243243243
0 0.8123946037099494 0.6651651651651652 0.03204047217537943 0.16066066066066065