0 0.889 0.5712143928035982 0.136 0.3238380809595202
0 0.066 0.487256371814093 0.102 0.4257871064467766
0 0.809 0.48500749625187406 0.094 0.39430284857571213
0 0.7065 0.5547226386806596 0.115 0.34182908545727136
0 0.621 0.46551724137931033 0.088 0.39430284857571213
0 0.4235 0.5517241379310345 0.119 0.3238380809595202
0 0.2735 0.5719640179910045 0.127 0.3373313343328336
0 0.1555 0.5907046476761619 0.117 0.31784107946026985
0 0.547 0.5434782608695652 0.11 0.3193403298350825
0 0.3185 0.46401799100449775 0.093 0.3853073463268366
0 0.711 0.37181409295352325 0.092 0.19490254872563717
0 0.4695 0.4512743628185907 0.077 0.39580209895052476
0 0.3915 0.4332833583208396 0.081 0.33883058470764615
0 0.241 0.3740629685157421 0.07 0.20239880059970014
0 0.538 0.37256371814092953 0.084 0.1874062968515742
0 0.1785 0.4205397301349325 0.107 0.30134932533733133