0 0.9053867403314917 0.2515527950310559 0.18888121546961326 0.4968944099378882
0 0.5842541436464088 0.2546583850931677 0.1671270718232044 0.4906832298136646
0 0.18232044198895028 0.7562111801242236 0.04730662983425414 0.16614906832298137
0 0.21719613259668508 0.9311594202898551 0.0625 0.13716356107660455
0 0.12430939226519337 0.8012422360248447 0.043162983425414365 0.14389233954451347
0 0.7524171270718232 0.8928571428571429 0.11256906077348067 0.21428571428571427
0 0.9509668508287292 0.8866459627329193 0.09806629834254144 0.2267080745341615
0 0.8577348066298343 0.8804347826086957 0.1132596685082873 0.2391304347826087
0 0.5248618784530387 0.656832298136646 0.106353591160221 0.3136645962732919
0 0.9865331491712708 0.7520703933747412 0.026933701657458564 0.2536231884057971
0 0.6101519337016574 0.5403726708074534 0.08080110497237569 0.08074534161490683
0 0.9292127071823204 0.5522774327122153 0.09185082872928177 0.10455486542443064
0 0.7372237569060773 0.7598343685300207 0.10704419889502763 0.2608695652173913
0 0.5155386740331491 0.9042443064182195 0.09185082872928177 0.1915113871635611
0 0.8332182320441989 0.7619047619047619 0.09046961325966851 0.2463768115942029
0 0.6629834254143646 0.8913043478260869 0.09806629834254144 0.21739130434782608
0 0.9299033149171271 0.765527950310559 0.07665745856353591 0.2432712215320911
0 0.6902624309392266 0.5351966873706004 0.08080110497237569 0.07039337474120083
0 0.5904696132596685 0.8954451345755694 0.09806629834254144 0.20910973084886128
0 0.5590469613259669 0.7644927536231884 0.08494475138121547 0.21428571428571427
0 0.7928176795580111 0.5279503105590062 0.0787292817679558 0.055900621118012424
0 0.6419198895027625 0.7567287784679089 0.08218232044198895 0.19047619047619047
0 0.93646408839779 0.6532091097308489 0.08149171270718232 0.2422360248447205
0 0.6180939226519337 0.6242236024844721 0.09392265193370165 0.23809523809523808
0 0.6871546961325967 0.629399585921325 0.07596685082872928 0.2587991718426501
0 0.9754834254143646 0.6138716356107661 0.04903314917127072 0.2277432712215321
0 0.8546270718232044 0.5460662525879917 0.07251381215469613 0.09213250517598344
0 0.7983425414364641 0.6159420289855072 0.06629834254143646 0.2318840579710145
0 0.851864640883978 0.6304347826086957 0.06560773480662983 0.22567287784679088
0 0.7337707182320442 0.6480331262939959 0.09737569060773481 0.22153209109730848