0 0.2140217391304348 0.3863768115942029 0.08043478260869565 0.40855072463768116
0 0.8193478260869566 0.2792753623188406 0.03 0.19231884057971013
0 0.6728260869565217 0.2246376811594203 0.01141304347826087 0.05579710144927536
0 0.6219565217391304 0.21144927536231883 0.004673913043478261 0.035942028985507246
0 0.6266304347826087 0.21347826086956523 0.004021739130434783 0.03826086956521739
0 0.6120652173913044 0.2091304347826087 0.004347826086956522 0.0263768115942029
0 0.5992391304347826 0.21072463768115943 0.003043478260869565 0.018405797101449274
0 0.21739130434782608 0.8176811594202898 0.2882608695652174 0.2827536231884058
0 0.7927173913043478 0.84 0.020869565217391306 0.07565217391304348
0 0.6916304347826087 0.7865217391304348 0.017608695652173913 0.08028985507246376
0 0.6352173913043478 0.7336231884057971 0.01847826086956522 0.05246376811594203