0 0.3953804347826087 0.31864406779661014 0.14130434782608695 0.4152542372881356
0 0.07269021739130435 0.3576271186440678 0.1453804347826087 0.5220338983050847
0 0.1922554347826087 0.3093220338983051 0.11820652173913043 0.6186440677966102
0 0.33491847826086957 0.15932203389830507 0.09646739130434782 0.31864406779661014
0 0.4422554347826087 0.11186440677966102 0.09375 0.22372881355932203
0 0.04483695652173913 0.08050847457627118 0.07065217391304347 0.16101694915254236
0 0.27309782608695654 0.2754237288135593 0.11956521739130435 0.3644067796610169
0 0.9395380434782609 0.8406779661016949 0.12092391304347826 0.31864406779661014
0 0.608016304347826 0.8847457627118644 0.20516304347826086 0.2305084745762712
0 0.7873641304347826 0.8694915254237288 0.19701086956521738 0.26101694915254237
0 0.6902173913043478 0.8076271186440678 0.12771739130434784 0.2966101694915254
0 0.5305706521739131 0.8203389830508474 0.08288043478260869 0.29152542372881357