0 0.4478723404255319 0.298936170212766 0.2404255319148936 0.4787234042553192
0 0.5478723404255319 0.7787234042553192 0.039361702127659576 0.1574468085106383
0 0.5319148936170213 0.7202127659574468 0.009574468085106383 0.027659574468085105
0 0.5085106382978724 0.8202127659574469 0.04468085106382979 0.20212765957446807
0 0.4563829787234043 0.8223404255319149 0.0425531914893617 0.24680851063829787
0 0.4085106382978723 0.7957446808510639 0.039361702127659576 0.23617021276595745
0 0.3372340425531915 0.7787234042553192 0.03829787234042553 0.15106382978723404
0 0.35638297872340424 0.7606382978723404 0.02127659574468085 0.15531914893617021
0 0.2680851063829787 0.7712765957446809 0.026595744680851064 0.13297872340425532
0 0.24468085106382978 0.752127659574468 0.02872340425531915 0.11595744680851064
0 0.28617021276595744 0.6872340425531915 0.02446808510638298 0.045744680851063826
0 0.3202127659574468 0.6851063829787234 0.015957446808510637 0.02553191489361702
0 0.3723404255319149 0.6851063829787234 0.014893617021276596 0.030851063829787233
0 0.951063829787234 0.6127659574468085 0.09787234042553192 0.14893617021276595
0 0.8563829787234043 0.6127659574468085 0.07872340425531915 0.14893617021276595
0 0.7542553191489362 0.6170212765957447 0.07872340425531915 0.1574468085106383
0 0.597872340425532 0.6212765957446809 0.059574468085106386 0.16595744680851063
0 0.6585106382978724 0.6691489361702128 0.18085106382978725 0.26170212765957446