0 0.6978438228438228 0.4362033195020747 0.06235431235431235 0.18568464730290457
0 0.5958624708624709 0.037863070539419084 0.04836829836829837 0.07572614107883817
0 0.6526806526806527 0.06535269709543569 0.05128205128205128 0.13070539419087138
0 0.6433566433566433 0.35892116182572614 0.043706293706293704 0.23858921161825727
0 0.8062354312354313 0.03163900414937759 0.043706293706293704 0.06327800829875518
0 0.49009324009324007 0.024896265560165973 0.046620046620046623 0.04979253112033195
0 0.5355477855477856 0.022302904564315353 0.04079254079254079 0.044605809128630707
0 0.798513986013986 0.1592323651452282 0.056818181818181816 0.2437759336099585
0 0.3949592074592075 0.1799792531120332 0.056818181818181816 0.274896265560166
0 0.47435897435897434 0.16701244813278007 0.0641025641025641 0.23340248962655602
0 0.5726981351981352 0.2266597510373444 0.06264568764568765 0.23858921161825727
0 0.9338578088578089 0.035269709543568464 0.050699300699300696 0.07053941908713693
0 0.20250582750582752 0.7826763485477178 0.1888111888111888 0.4341286307053942
0 0.7383449883449883 0.6976141078838174 0.06934731934731934 0.2650414937759336
0 0.587995337995338 0.6820539419087137 0.07837995337995338 0.30601659751037347
0 0.6821095571095571 0.649896265560166 0.06993006993006994 0.2411825726141079
0 0.7310606060606061 0.5689834024896265 0.04487179487179487 0.07935684647302904
0 0.6509324009324009 0.5980290456431535 0.047785547785547784 0.13796680497925312