0 0.42412751677852356 0.2651677852348993 0.22073825503355715 0.2853691275167785
0 0.6541778523489933 0.3298489932885906 0.054144295302013395 0.20414429530201336
0 0.7756879194630872 0.3272147651006711 0.06921140939597316 0.23354026845637593
0 0.32550335570469796 0.8280201342281879 0.29194630872483224 0.34395973154362414
0 0.26677852348993286 0.6283557046979866 0.20973154362416108 0.12080536912751678
0 0.47818791946308725 0.6300335570469798 0.2214765100671141 0.10654362416107382
0 0.14597315436241612 0.8364093959731543 0.29194630872483224 0.3271812080536913
0 0.5033557046979866 0.8246644295302014 0.23154362416107382 0.35067114093959734
0 0.9177852348993288 0.7692953020134228 0.1644295302013423 0.46140939597315433
0 0.8087248322147651 0.7768456375838926 0.10654362416107382 0.40268456375838924
0 0.74748322147651 0.6963087248322147 0.10067114093959731 0.34563758389261745
0 0.6828859060402684 0.6753355704697986 0.07214765100671142 0.24664429530201343