0 0.39884745762711865 0.28754527162977866 0.017220338983050858 0.11863179074446675
0 0.40873446327683616 0.2794265593561368 0.013853107344632758 0.0730482897384306
0 0.4295310734463277 0.27579476861167 0.012751412429378495 0.06913480885311873
0 0.7562146892655367 0.16096579476861167 0.18107344632768363 0.26006036217303824
0 0.3096045197740113 0.93158953722334 0.01807909604519774 0.13682092555331993
0 0.33154802259887 0.9206338028169014 0.02937288135593208 0.1346881287726357
0 0.28700564971751413 0.9300804828973843 0.01807909604519774 0.1398390342052314
0 0.27001694915254243 0.8962977867203219 0.019881355932203422 0.08501006036217304
0 0.450593220338983 0.8546277665995976 0.008152542372881391 0.05265593561368201
0 0.44329378531073443 0.8535311871227363 0.007683615819208988 0.039738430583501
0 0.6788135593220339 0.6121730382293763 0.1765536723163842 0.24899396378269617