0 0.8847368421052632 0.2710674157303371 0.1436842105263158 0.1858614232209738
0 0.8128947368421052 0.30758426966292135 0.20789473684210527 0.16900749063670412
0 0.12736842105263158 0.9222846441947565 0.04736842105263158 0.15543071161048688
0 0.1980263157894737 0.6666666666666666 0.04868421052631579 0.17322097378277154
0 0.26710526315789473 0.7895599250936329 0.05789473684210526 0.21769662921348315
0 0.325 0.7205056179775281 0.039473684210526314 0.16385767790262173
0 0.36157894736842106 0.7083333333333334 0.03684210526315789 0.18258426966292135
0 0.2847368421052632 0.5805243445692884 0.037894736842105266 0.04119850187265917
0 0.32105263157894737 0.5758426966292135 0.031578947368421054 0.031835205992509365
0 0.3497368421052632 0.5828651685393258 0.034210526315789476 0.04588014981273408
0 0.3136842105263158 0.9644194756554307 0.05894736842105263 0.07116104868913857
0 0.03618421052631579 0.673689138576779 0.04342105263157895 0.149812734082397
0 0.041842105263157896 0.5767790262172284 0.034210526315789476 0.033707865168539325
0 0.5226315789473684 0.7794943820224719 0.16631578947368422 0.43913857677902624
0 0.9423684210526316 0.7799625468164794 0.11526315789473685 0.4400749063670412
0 0.6418421052631579 0.7794943820224719 0.15210526315789474 0.43913857677902624
0 0.7602631578947369 0.7799625468164794 0.13421052631578947 0.4400749063670412
0 0.863421052631579 0.7799625468164794 0.1268421052631579 0.4400749063670412
0 0.4321052631578947 0.7799625468164794 0.10421052631578948 0.4400749063670412