0 0.3159722222222222 0.2803497942386831 0.12123842592592593 0.3837448559670782
0 0.1527777777777778 0.26337448559670784 0.08116319444444445 0.3117283950617284
0 0.4453125 0.2353395061728395 0.06495949074074074 0.15354938271604937
0 0.4500868055555556 0.3238168724279835 0.059172453703703706 0.143261316872428
0 0.39655671296296297 0.24434156378600824 0.0724826388888889 0.10596707818930041
0 0.9814814814814815 0.3582818930041152 0.037037037037037035 0.2366255144032922
0 0.9344618055555556 0.2718621399176955 0.03298611111111111 0.15432098765432098
0 0.9159432870370371 0.2147633744855967 0.02199074074074074 0.10056584362139917
0 0.9505208333333334 0.18955761316872427 0.02097800925925926 0.0470679012345679
0 0.8689236111111112 0.30632716049382713 0.04195601851851852 0.24665637860082304
0 0.7769097222222222 0.3338477366255144 0.07609953703703703 0.3323045267489712
0 0.5927372685185185 0.3212448559670782 0.07002314814814815 0.3037551440329218
0 0.6283275462962963 0.28189300411522633 0.044994212962962965 0.2013888888888889
0 0.6843171296296297 0.3153292181069959 0.041087962962962965 0.2551440329218107
0 0.7138310185185185 0.2852366255144033 0.03804976851851852 0.2551440329218107
0 0.7392939814814815 0.19727366255144033 0.02097800925925926 0.08564814814814815
0 0.8029513888888888 0.2373971193415638 0.03602430555555555 0.10905349794238683
0 0.8339120370370371 0.3230452674897119 0.04195601851851852 0.28703703703703703
0 0.8829571759259259 0.20550411522633744 0.02199074074074074 0.10905349794238683
0 0.8668981481481481 0.1527777777777778 0.019965277777777776 0.06044238683127572
0 0.56640625 0.8233024691358025 0.033275462962962965 0.3533950617283951
0 0.6294849537037037 0.849022633744856 0.06741898148148148 0.3019547325102881
0 0.6869212962962963 0.8302469135802469 0.05324074074074074 0.3395061728395062
0 0.7374131944444444 0.8333333333333334 0.055266203703703706 0.3333333333333333
0 0.9036458333333334 0.8233024691358025 0.11516203703703703 0.3533950617283951