0 0.7417417417417418 0.21621621621621623 0.21021021021021022 0.3716216216216216
0 0.08183183183183183 0.5281531531531531 0.028528528528528527 0.060810810810810814
0 0.12012012012012012 0.5236486486486487 0.024024024024024024 0.06531531531531531
0 0.7582582582582582 0.6993243243243243 0.10810810810810811 0.5427927927927928
0 0.5330330330330331 0.7004504504504504 0.07807807807807808 0.545045045045045
0 0.8348348348348348 0.704954954954955 0.12912912912912913 0.5540540540540541
0 0.3761261261261261 0.713963963963964 0.11261261261261261 0.5720720720720721
0 0.972972972972973 0.7004504504504504 0.05405405405405406 0.545045045045045
0 0.6959459459459459 0.7072072072072072 0.12462462462462462 0.5585585585585585
0 0.4767267267267267 0.7072072072072072 0.12162162162162163 0.5585585585585585
0 0.5878378378378378 0.7083333333333334 0.12162162162162163 0.5608108108108109