0 0.9401349072512648 0.37537537537537535 0.046374367622259695 0.2222222222222222
0 0.7685497470489039 0.4602102102102102 0.10413153456998314 0.23873873873873874
0 0.581787521079258 0.23273273273273273 0.03709949409780776 0.3108108108108108
0 0.5838954468802698 0.2875375375375375 0.07799325463743677 0.1448948948948949
0 0.5522765598650927 0.20195195195195195 0.024873524451939293 0.1614114114114114
0 0.7419898819561551 0.3633633633633634 0.04342327150084317 0.12387387387387387
0 0.7432546374367622 0.1906906906906907 0.011804384485666104 0.08183183183183183
0 0.709106239460371 0.18843843843843844 0.01433389544688027 0.09084084084084085
0 0.7221753794266442 0.18843843843843844 0.011804384485666104 0.08633633633633633
0 0.7327150084317032 0.18693693693693694 0.011804384485666104 0.09384384384384384
0 0.07209106239460371 0.9219219219219219 0.14418212478920742 0.1448948948948949
0 0.2643338954468803 0.8633633633633634 0.3225126475548061 0.2732732732732733
0 0.4321247892074199 0.7642642642642643 0.12225969645868466 0.15840840840840842
0 0.8461214165261383 0.795045045045045 0.3077571669477234 0.40615615615615613