0 0.988255033557047 0.23134328358208955 0.02348993288590604 0.050746268656716415
0 0.36577181208053694 0.7694029850746269 0.15268456375838926 0.46119402985074626
0 0.8087248322147651 0.7694029850746269 0.29446308724832215 0.46119402985074626
0 0.39555369127516776 0.7201492537313433 0.05662751677852349 0.16044776119402984
0 0.46476510067114096 0.6850746268656717 0.06417785234899329 0.13805970149253732
0 0.5264261744966443 0.7022388059701492 0.05956375838926174 0.08656716417910448
0 0.45721476510067116 0.8671641791044776 0.1556208053691275 0.25149253731343285
0 0.5692114093959731 0.7776119402985074 0.1417785234899329 0.14402985074626865
0 0.6753355704697986 0.7477611940298508 0.060822147651006714 0.22462686567164178
0 0.5822147651006712 0.6567164179104478 0.09144295302013423 0.1291044776119403
0 0.6661073825503355 0.6335820895522388 0.030620805369127518 0.028358208955223882