0 0.9288522012578616 0.11243016759776536 0.02830188679245283 0.19692737430167598
0 0.8038522012578616 0.046089385474860335 0.02279874213836478 0.05307262569832402
0 0.8101415094339622 0.23952513966480446 0.02161949685534591 0.14874301675977653
0 0.7602201257861635 0.21298882681564246 0.06643081761006289 0.14874301675977653
0 0.6285377358490566 0.17527932960893855 0.08333333333333333 0.11312849162011174
0 0.6387578616352201 0.10335195530726257 0.03970125786163522 0.0935754189944134
0 0.5385220125786163 0.13477653631284917 0.013364779874213837 0.0782122905027933
0 0.5530660377358491 0.4273743016759777 0.046383647798742135 0.46089385474860334
0 0.1175314465408805 0.8596368715083799 0.02122641509433962 0.05377094972067039
0 0.14583333333333334 0.8568435754189944 0.024764150943396228 0.05656424581005587
0 0.8592767295597484 0.8296089385474861 0.28144654088050314 0.33868715083798884