0 0.37583892617449666 0.3753731343283582 0.04530201342281879 0.14776119402985075
0 0.05578859060402685 0.4216417910447761 0.07802013422818792 0.05522388059701493
0 0.40939597315436244 0.36343283582089553 0.03691275167785235 0.1328358208955224
0 0.11283557046979865 0.1843283582089552 0.01929530201342282 0.08208955223880597
0 0.6254194630872483 0.25522388059701495 0.2709731543624161 0.3880597014925373
0 0.7869127516778524 0.26417910447761195 0.33179530201342283 0.3701492537313433
0 0.8276006711409396 0.11940298507462686 0.19588926174496643 0.23880597014925373
0 0.5906040268456376 0.16492537313432837 0.20134228187919462 0.3291044776119403
0 0.31333892617449666 0.7417910447761195 0.18456375838926176 0.5164179104477612
0 0.7508389261744967 0.746268656716418 0.12290268456375839 0.4746268656716418
0 0.5654362416107382 0.7455223880597015 0.14471476510067113 0.508955223880597
0 0.5335570469798657 0.6253731343283582 0.087248322147651 0.29253731343283584
0 0.6577181208053692 0.5798507462686567 0.04991610738255033 0.1328358208955224