0 0.17976031957390146 0.21671597633136094 0.01875277407900577 0.10355029585798817
0 0.22403462050599202 0.055325443786982245 0.0052152685308477584 0.029289940828402368
0 0.09276520195295163 0.12781065088757396 0.01054150022192632 0.04423076923076923
0 0.816023080337328 0.24659763313609467 0.13237905015534843 0.3695266272189349
0 0.2600976475810031 0.6908284023668639 0.042831779849090104 0.07100591715976332
0 0.2269196626719929 0.6985207100591716 0.03495339547270306 0.06997041420118343
0 0.1976253883710608 0.6883136094674556 0.02363515312916112 0.05562130177514793
0 0.9276808699511763 0.7762337278106509 0.024354194407456675 0.07988165680473373
0 0.9946737683089214 0.887130177514793 0.010652463382157125 0.08964497041420118
0 0.8442876165113182 0.6655325443786982 0.02629383044829107 0.05571893491124258
0 0.7825233022636485 0.6756420118343196 0.01370616955170888 0.05621301775147929
0 0.758115845539281 0.6746538461538462 0.015918774966710954 0.05423964497041418
0 0.7337061695517089 0.662328402366864 0.01517310252996003 0.036488165680473354
0 0.8984664891256102 0.6825443786982248 0.015581446959609419 0.05719822485207098
0 0.509542831779849 0.6948727810650888 0.01372836218375502 0.0581863905325444
0 0.4928983577452286 0.6965976331360947 0.018821571238348857 0.0626242603550296
0 0.4177762982689747 0.7346153846153847 0.01575676875277408 0.0650887573964497
0 0.4507367953839325 0.8778106508875739 0.03658455392809585 0.10453550295857986
0 0.5823990235241899 0.657396449704142 0.013621837549933445 0.03944674556213015