0 0.17384370015948963 0.20880681818181818 0.06220095693779904 0.2215909090909091
0 0.23763955342902712 0.23366477272727273 0.05422647527910686 0.171875
0 0.022727272727272728 0.19744318181818182 0.045454545454545456 0.24431818181818182
0 0.6355661881977671 0.1612215909090909 0.12679425837320574 0.09588068181818182
0 0.7523923444976076 0.15838068181818182 0.14473684210526316 0.09232954545454546
0 0.8293460925039873 0.21803977272727273 0.14274322169059012 0.10298295454545454
0 0.8365231259968102 0.18394886363636365 0.0689792663476874 0.061079545454545456
0 0.47647527910685805 0.6725852272727273 0.061004784688995214 0.421875
0 0.43381180223285487 0.6292613636363636 0.07575757575757576 0.4758522727272727
0 0.4194577352472089 0.5802556818181818 0.05263157894736842 0.3096590909090909
0 0.29505582137161085 0.6583806818181818 0.06778309409888357 0.3934659090909091
0 0.06060606060606061 0.7130681818181818 0.09688995215311005 0.5340909090909091
0 0.2117224880382775 0.6491477272727273 0.10885167464114832 0.5639204545454546
0 0.13197767145135567 0.6789772727272727 0.05303030303030303 0.39417613636363635
0 0.6945773524720893 0.7634943181818182 0.023524720893141945 0.07386363636363637
0 0.7200956937799043 0.7670454545454546 0.023524720893141945 0.07528409090909091