0 0.054245283018867926 0.5083798882681564 0.08176100628930817 0.12290502793296089
0 0.3026729559748428 0.4643854748603352 0.0880503144654088 0.21089385474860337
0 0.37342767295597484 0.20181564245810055 0.040880503144654086 0.1941340782122905
0 0.5066823899371069 0.031424581005586594 0.018081761006289308 0.06284916201117319
0 0.8148584905660378 0.36731843575418993 0.20872641509433962 0.40432960893854747
0 0.9441823899371069 0.18226256983240224 0.04245283018867924 0.15013966480446927
0 0.9284591194968553 0.11662011173184357 0.025550314465408806 0.055167597765363126
0 0.9099842767295597 0.2506983240223464 0.0880503144654088 0.24650837988826815
0 0.6080974842767296 0.4476256983240223 0.09669811320754718 0.24441340782122906
0 0.6116352201257862 0.29120111731843573 0.10377358490566038 0.24511173184357543
0 0.6776729559748428 0.21368715083798884 0.08176100628930817 0.23114525139664804
0 0.7653301886792453 0.18854748603351956 0.06485849056603774 0.1627094972067039
0 0.797562893081761 0.15293296089385475 0.030267295597484277 0.10754189944134078
0 0.8349056603773585 0.13477653631284917 0.055031446540880505 0.07332402234636871
0 0.25904088050314467 0.8058659217877095 0.2720125786163522 0.388268156424581
0 0.7319182389937107 0.8344972067039106 0.16312893081761007 0.33100558659217877
0 0.8093553459119497 0.875 0.09040880503144653 0.25