0 0.7178747940691927 0.18695014662756598 0.1070840197693575 0.16715542521994134
0 0.877677100494234 0.23607038123167157 0.1412685337726524 0.3453079178885631
0 0.42751235584843494 0.250733137829912 0.09225700164744646 0.31671554252199413
0 0.9349258649093904 0.2536656891495601 0.11573311367380561 0.31085043988269795
0 0.3043657331136738 0.7888563049853372 0.13097199341021418 0.4222873900293255
0 0.26688632619439867 0.8189149560117303 0.12191103789126853 0.3621700879765396
0 0.11367380560131796 0.8247800586510264 0.17257001647446457 0.35043988269794724
0 0.09184514003294893 0.8467741935483871 0.18369028006589785 0.3064516129032258
0 0.9419275123558485 0.8013196480938416 0.11614497528830313 0.37390029325513197
0 0.8570840197693574 0.7250733137829912 0.06260296540362438 0.12609970674486803
0 0.7854200988467874 0.7705278592375366 0.09967051070840198 0.45894428152492667
0 0.5387149917627677 0.8775659824046921 0.11696869851729819 0.24486803519061584
0 0.5168863261943987 0.8255131964809385 0.07331136738056013 0.1348973607038123
0 0.41639209225700163 0.8350439882697948 0.09308072487644152 0.16715542521994134
0 0.6742174629324547 0.843841642228739 0.08237232289950576 0.312316715542522
0 0.7182866556836903 0.7690615835777126 0.03706754530477759 0.1282991202346041