0 0.1386443661971831 0.18025078369905956 0.043133802816901406 0.2006269592476489
0 0.32350352112676056 0.19984326018808776 0.0625 0.2304075235109718
0 0.2944542253521127 0.3894984326018809 0.11179577464788733 0.2993730407523511
0 0.18045774647887325 0.17633228840125392 0.03873239436619718 0.18025078369905956
0 0.1857394366197183 0.5141065830721003 0.07746478873239436 0.050156739811912224
0 0.14348591549295775 0.43808777429467083 0.0528169014084507 0.20219435736677116
0 0.13556338028169015 0.4647335423197492 0.04753521126760563 0.14890282131661442
0 0.8956866197183099 0.3730407523510972 0.04709507042253521 0.055642633228840124
0 0.9401408450704225 0.3706896551724138 0.051056338028169015 0.054858934169279
0 0.9907570422535211 0.3652037617554859 0.018485915492957746 0.04623824451410658
0 0.1624119718309859 0.5995297805642633 0.03961267605633803 0.1206896551724138
0 0.7918133802816901 0.8126959247648903 0.12984154929577466 0.37460815047021945
0 0.6522887323943662 0.8299373040752351 0.14612676056338028 0.3401253918495298
0 0.9088908450704225 0.7836990595611285 0.1817781690140845 0.43260188087774293