0 0.41831238779174146 0.4547413793103448 0.06283662477558348 0.10775862068965517
0 0.7666068222621185 0.2672413793103448 0.43357271095152605 0.48204022988505746
0 0.3231597845601436 0.8326149425287356 0.14721723518850988 0.33477011494252873
0 0.09919210053859964 0.8441091954022989 0.1606822262118492 0.3117816091954023
0 0.0296229802513465 0.7844827586206896 0.059245960502693 0.43103448275862066
0 0.22980251346499103 0.7995689655172413 0.12567324955116696 0.40086206896551724
0 0.4241472172351885 0.8318965517241379 0.05116696588868941 0.33620689655172414
0 0.36714542190305205 0.6551724137931034 0.0466786355475763 0.1235632183908046
0 0.4228007181328546 0.6185344827586207 0.05385996409335727 0.1278735632183908
0 0.08393177737881508 0.6458333333333334 0.12657091561938957 0.22557471264367815
0 0.39587073608617596 0.8103448275862069 0.09694793536804308 0.3793103448275862
0 0.2975763016157989 0.6752873563218391 0.06912028725314183 0.15517241379310345
0 0.23473967684021543 0.6386494252873564 0.10502692998204669 0.20545977011494254
0 0.15125673249551166 0.8168103448275862 0.0763016157989228 0.36637931034482757
0 0.7908438061041293 0.8670977011494253 0.08123877917414722 0.17313218390804597
0 0.7221723518850988 0.9166666666666666 0.07944344703770198 0.16666666666666666