0 0.09260337798485731 0.40621761658031086 0.029994175888177054 0.19689119170984457
0 0.0972626674432149 0.04170984455958549 0.003931275480489225 0.04170984455958549
0 0.08386721025043681 0.38082901554404147 0.012667443214909726 0.08031088082901554
0 0.8300815375655213 0.5178756476683938 0.023587652882935354 0.08341968911917098
0 0.8348573092603379 0.4463212435233161 0.015515433896330736 0.08259585492227972
0 0.7885847408270239 0.5417098445595855 0.0314502038439138 0.035751295336787565
0 0.6948165404775771 0.5269430051813472 0.029120559114735003 0.06528497409326425
0 0.8977868375072802 0.5088082901554404 0.0221316249271986 0.10155440414507771
0 0.8782760629004077 0.5080310880829015 0.023878858474082703 0.10310880829015544
0 0.9676761793826442 0.5365284974093264 0.0320326150262085 0.0461139896373057
0 0.983401281304601 0.5411917098445596 0.026208503203261502 0.03678756476683938
0 0.9931566686080373 0.5354922279792746 0.013686662783925451 0.04818652849740933
0 0.721753057658707 0.5505181347150259 0.02242283051834595 0.018134715025906734
0 0.7449039021549214 0.5235751295336788 0.023878858474082703 0.07202072538860103
0 0.16860803727431567 0.8567357512953367 0.1824403028538148 0.2862694300518135
0 0.20559114735002912 0.6898963730569948 0.1311881188118812 0.10077720207253886
0 0.07309260337798486 0.6919689119170984 0.13861386138613863 0.08886010362694301
0 0.27984857309260336 0.8642487046632125 0.17996505532906232 0.27150259067357513
0 0.06493884682585906 0.8544041450777202 0.1298776936517181 0.2911917098445596
0 0.7829062317996506 0.8396373056994819 0.12026790914385556 0.3207253886010363
0 0.8629877693651719 0.8331606217616581 0.09886429819452533 0.33367875647668394
0 0.6898660454280722 0.8398963730569948 0.16249271986022132 0.30984455958549223
0 0.5768782760629004 0.8826424870466322 0.12856726849155503 0.23471502590673576
0 0.4819452533488643 0.8238341968911918 0.11997670355270822 0.35233160621761656
0 0.4914094350611532 0.7323834196891191 0.08474082702387886 0.08704663212435233