0 0.2770154373927959 0.0963302752293578 0.04631217838765009 0.1926605504587156
0 0.14622641509433962 0.09862385321100918 0.03687821612349914 0.17889908256880735
0 0.10677530017152659 0.10474006116207951 0.038593481989708404 0.19724770642201836
0 0.26157804459691253 0.30963302752293576 0.11149228130360206 0.3287461773700306
0 0.10548885077186965 0.39067278287461776 0.044596912521440824 0.154434250764526
0 0.12006861063464837 0.41284403669724773 0.06174957118353345 0.3119266055045872
0 0.1732418524871355 0.4701834862385321 0.07204116638078903 0.19724770642201836
0 0.9078044596912521 0.3738532110091743 0.06946826758147513 0.38990825688073394
0 0.7234133790737565 0.3830275229357798 0.1016295025728988 0.37079510703363916
0 0.8464837049742711 0.3845565749235474 0.03516295025728988 0.09785932721712538
0 0.8143224699828473 0.3845565749235474 0.022298456260720412 0.09403669724770643
0 0.4781303602058319 0.6062691131498471 0.038593481989708404 0.07492354740061162
0 0.4532590051457976 0.6345565749235474 0.026586620926243566 0.13149847094801223
0 0.8379073756432247 0.8600917431192661 0.17152658662092624 0.2798165137614679
0 0.7680102915951973 0.9067278287461774 0.16895368782161235 0.18577981651376146