0 0.12920353982300886 0.13406940063091483 0.04247787610619469 0.17665615141955837
0 0.20442477876106194 0.14826498422712933 0.023008849557522124 0.11356466876971609
0 0.2774336283185841 0.012618296529968454 0.016814159292035398 0.025236593059936908
0 0.29513274336283185 0.016561514195583597 0.018584070796460177 0.033123028391167195
0 0.3230088495575221 0.017350157728706624 0.01415929203539823 0.03470031545741325
0 0.3092920353982301 0.018138801261829655 0.01504424778761062 0.03627760252365931
0 0.33362831858407077 0.02365930599369085 0.01415929203539823 0.0473186119873817
0 0.7570796460176992 0.3107255520504732 0.4853982300884956 0.6175078864353313
0 0.047787610619469026 0.8817034700315457 0.09513274336283185 0.2358044164037855
0 0.3168141592920354 0.8225552050473186 0.20486725663716815 0.3548895899053628
0 0.7889380530973451 0.9921135646687698 0.03185840707964602 0.015772870662460567