0 0.1282760629004077 0.20518134715025907 0.006988934187536401 0.04948186528497409
0 0.10818287711124054 0.20621761658031088 0.0110658124635993 0.08367875647668394
0 0.1607454863133372 0.2411917098445596 0.0168899242865463 0.10103626943005181
0 0.18593476994758298 0.2417098445595855 0.015579499126383227 0.11398963730569948
0 0.11764705882352941 0.28471502590673575 0.0110658124635993 0.07305699481865285
0 0.20588235294117646 0.5601036269430052 0.03159580663948748 0.24818652849740933
0 0.49039021549213746 0.6556994818652849 0.041351193942923706 0.06787564766839378
0 0.4737914967967385 0.5898963730569948 0.008153756552125802 0.10414507772020726
0 0.5327577169481653 0.6089585492227979 0.028089691322073396 0.10845077720207251
0 0.6119044845661037 0.581958549222798 0.041825859056493914 0.09922797927461127
0 0.10949330227140361 0.9126943005181347 0.15171811298776935 0.17461139896373057
0 0.7438846825859057 0.9253886010362694 0.04586488060570763 0.10284974093264249