0 0.4796931407942238 0.2797427652733119 0.10740072202166065 0.2379421221864952
0 0.8536913357400722 0.11553054662379424 0.050866425992779796 0.2197588424437299
0 0.9205776173285198 0.08118971061093247 0.04151624548736462 0.16237942122186494
0 0.6674368231046931 0.06120578778135047 0.02648014440433216 0.12077170418006432
0 0.8799638989169675 0.04421221864951769 0.02527075812274368 0.08842443729903537
0 0.9851083032490975 0.1607717041800643 0.029783393501805054 0.2347266881028939
0 0.7084837545126353 0.04823151125401929 0.04332129963898917 0.09646302250803858
0 0.9020758122743683 0.0409967845659164 0.0315884476534296 0.0819935691318328
0 0.9250902527075813 0.012057877813504822 0.032490974729241874 0.024115755627009645
0 0.9869133574007221 0.10289389067524116 0.026173285198555957 0.17041800643086816
0 0.09386281588447654 0.7813504823151125 0.17328519855595667 0.43729903536977494
0 0.26624548736462095 0.8167202572347267 0.34296028880866425 0.3665594855305466
0 0.38537906137184114 0.6993569131832797 0.20171480144404333 0.6012861736334405
0 0.8005415162454874 0.7612540192926045 0.19720216606498195 0.4766881028938907
0 0.6471119133574007 0.7885852090032154 0.1552346570397112 0.4228295819935691