0 0.20053763440860214 0.32887189292543023 0.01881720430107527 0.07600382409177821
0 0.008333333333333333 0.27437858508604207 0.016397849462365593 0.06835564053537285
0 0.2967741935483871 0.125717017208413 0.012903225806451613 0.04445506692160612
0 0.2575268817204301 0.17208413001912046 0.012634408602150538 0.05640535372848948
0 0.23844086021505376 0.15726577437858508 0.01021505376344086 0.058795411089866155
0 0.2922043010752688 0.03537284894837476 0.012096774193548387 0.030592734225621414
0 0.009408602150537635 0.05353728489483748 0.011559139784946236 0.03489483747609943
0 0.38091397849462366 0.09082217973231357 0.01129032258064516 0.05688336520076482
0 0.4532258064516129 0.30927342256214146 0.012903225806451613 0.06309751434034416
0 0.22204301075268817 0.24426386233269598 0.014516129032258065 0.06405353728489484
0 0.1650537634408602 0.05783938814531549 0.012365591397849462 0.03537284894837476
0 0.43790322580645163 0.030592734225621414 0.012365591397849462 0.049235181644359464
0 0.6521505376344086 0.25239005736137665 0.3521505376344086 0.3135755258126195
0 0.3658602150537634 0.9694072657743786 0.051075268817204304 0.06118546845124283
0 0.3387096774193548 0.9110898661567878 0.04838709677419355 0.17782026768642448
0 0.28051075268817205 0.48996175908221795 0.04973118279569892 0.1338432122370937
0 0.2817204301075269 0.4445506692160612 0.05268817204301075 0.07074569789674952
0 0.008064516129032258 0.642925430210325 0.016129032258064516 0.12906309751434034
0 0.2670698924731183 0.6405353728489483 0.04973118279569892 0.17686424474187382
0 0.14919354838709678 0.9732313575525813 0.06182795698924731 0.05353728489483748
0 0.19650537634408602 0.7660133843212237 0.05913978494623656 0.2222753346080306
0 0.01424731182795699 0.7896749521988528 0.02849462365591398 0.1988527724665392
0 0.039919354838709675 0.7229923518164436 0.04435483870967742 0.23183556405353728
0 0.04260752688172043 0.59631931166348 0.04435483870967742 0.13145315487571702
0 0.13736559139784946 0.6955066921606119 0.04032258064516129 0.16730401529636713
0 0.09905913978494624 0.6835564053537285 0.038978494623655914 0.1864244741873805
0 0.17836021505376345 0.49832695984703634 0.038978494623655914 0.1505736137667304
0 0.14139784946236558 0.48661567877629064 0.03225806451612903 0.15487571701720843
0 0.11182795698924732 0.4947418738049713 0.03494623655913978 0.16730401529636713
0 0.42231182795698924 0.6238049713193117 0.03494623655913978 0.1338432122370937
0 0.4075268817204301 0.5210325047801148 0.04838709677419355 0.16730401529636713
0 0.4188172043010753 0.4483747609942639 0.02795698924731183 0.07839388145315487
0 0.3932795698924731 0.4541108986615679 0.04139784946236559 0.08986615678776291
0 0.5693548387096774 0.7958891013384322 0.21935483870967742 0.40822179732313574