0 0.34724705882352946 0.8775675675675675 0.051341176470588216 0.24486486486486492
0 0.2909176470588235 0.7887027027027027 0.049905882352941196 0.25059459459459466
0 0.6096235294117647 0.948 0.045623529411764674 0.10400000000000005
0 0.6698823529411765 0.9152432432432432 0.047764705882352834 0.1695135135135136
0 0.7694117647058824 0.918918918918919 0.042352941176470586 0.16216216216216217
0 0.7832470588235294 0.6510810810810811 0.032094117647058794 0.21459459459459468
0 0.7896705882352941 0.4430810810810811 0.03922352941176461 0.16545945945945953
0 0.16934117647058824 0.7207027027027028 0.029223529411764676 0.19983783783783776
0 0.1215764705882353 0.7952432432432432 0.03350588235294116 0.20475675675675672
0 0.09731764705882352 0.8411351351351352 0.03778823529411765 0.20475675675675672
0 0.0296 0.938972972972973 0.04063529411764706 0.12205405405405396
0 0.0884235294117647 0.8910810810810811 0.041364705882352935 0.2096756756756758
0 0.18181176470588234 0.6421081081081081 0.027105882352941202 0.1441621621621621