0 0.2898179749715586 0.19129554655870445 0.0947098976109215 0.17864372469635628
0 0.3381683731513083 0.9412955465587044 0.0540386803185438 0.11740890688259109
0 0.3097269624573379 0.8780364372469636 0.051194539249146756 0.23785425101214575
0 0.24772468714448237 0.4438259109311741 0.052901023890784986 0.06781376518218624
0 0.008248009101251423 0.6538461538461539 0.016496018202502846 0.24493927125506074
0 0.009670079635949944 0.5197368421052632 0.019340159271899887 0.13866396761133604
0 0.09641638225255973 0.65915991902834 0.04550625711035267 0.1847165991902834
0 0.05233219567690557 0.645242914979757 0.03981797497155859 0.20242914979757085
0 0.1410693970420933 0.4716599190283401 0.04664391353811149 0.12348178137651822
0 0.10409556313993173 0.46558704453441296 0.04436860068259386 0.11133603238866396
0 0.07281001137656427 0.4731781376518219 0.040955631399317405 0.12651821862348178
0 0.38139931740614336 0.43016194331983804 0.032423208191126277 0.04048582995951417
0 0.4055745164960182 0.42105263157894735 0.03299203640500569 0.022267206477732792
0 0.022468714448236633 0.9225708502024291 0.044937428896473265 0.1548582995951417
0 0.10494880546075085 0.895748987854251 0.059726962457337884 0.20850202429149797
0 0.17534129692832764 0.8324898785425101 0.05261660978384528 0.25303643724696356
0 0.49004550625711035 0.562753036437247 0.019908987485779295 0.1700404858299595
0 0.44695676905574516 0.6465080971659919 0.04692832764505119 0.17459514170040485
0 0.45534698521046646 0.42611336032388664 0.032423208191126277 0.032388663967611336
0 0.15244596131968147 0.4276315789473684 0.038680318543799774 0.0354251012145749
0 0.3260807736063709 0.5225202429149798 0.04124004550625711 0.1847165991902834
0 0.9476678043230944 0.7474696356275303 0.08987485779294653 0.34969635627530365
0 0.7477246871444824 0.75 0.07252559726962457 0.34463562753036436
0 0.5426621160409556 0.7540485829959515 0.08532423208191127 0.34210526315789475
0 0.678896473265074 0.75 0.07366325369738339 0.34463562753036436
0 0.6154721274175199 0.7474696356275303 0.07053469852104664 0.34615384615384615
0 0.8674630261660978 0.7368421052631579 0.07906712172923777 0.3603238866396761
0 0.8102957906712173 0.7545546558704453 0.06513083048919227 0.3284412955465587
0 0.7420364050056882 0.5470647773279352 0.07366325369738339 0.2241902834008097
0 0.802901023890785 0.5581983805668016 0.06939704209328783 0.2403846153846154
0 0.6089306029579067 0.5617408906882592 0.08560864618885097 0.2049595141700405
0 0.6774744027303754 0.5475708502024291 0.07053469852104664 0.21204453441295545
0 0.8722980659840728 0.548582995951417 0.08646188850967008 0.21002024291497975