0 0.12744565217391304 0.31334622823984526 0.16630434782608697 0.20019342359767892
0 0.25244565217391307 0.45357833655706 0.13940217391304346 0.07108317214700194
0 0.24347826086956523 0.17117988394584138 0.04701086956521739 0.13007736943907156
0 0.7467391304347826 0.23597678916827852 0.13668478260869565 0.1769825918762089
0 0.2737282608695652 0.851953578336557 0.019793478260869603 0.1276015473887815
0 0.3132826086956522 0.8697098646034817 0.02428260869565233 0.13357833655705986
0 0.14357608695652177 0.7931141199226306 0.016744565217391275 0.0744197292069633
0 0.12153260869565212 0.8124661508704062 0.019755434782608647 0.0615183752417794
0 0.3235489130434782 0.8054835589941973 0.014619565217391354 0.05348162475822046
0 0.2948641304347826 0.8009187620889748 0.014021739130434634 0.0411218568665377
0 0.22223913043478258 0.8146034816247582 0.023706521739130376 0.11525145067698266
0 0.7404891304347826 0.6610251450676983 0.035326086956521736 0.058027079303675046