0 0.14322033898305084 0.05584192439862543 0.07627118644067797 0.11168384879725086
0 0.22796610169491524 0.07560137457044673 0.1 0.15120274914089346
0 0.2889830508474576 0.17697594501718214 0.13050847457627118 0.3539518900343643
0 0.3177966101694915 0.03951890034364261 0.08644067796610169 0.07903780068728522
0 0.6838983050847458 0.25171821305841924 0.3305084745762712 0.39347079037800686
0 0.48898305084745763 0.6709621993127147 0.059322033898305086 0.12886597938144329
0 0.41271186440677965 0.8127147766323024 0.211864406779661 0.3745704467353952
0 0.2559322033898305 0.8307560137457045 0.14576271186440679 0.3384879725085911
0 0.21610169491525424 0.8161512027491409 0.09661016949152543 0.36769759450171824
0 0.16016949152542373 0.6683848797250859 0.20508474576271185 0.3402061855670103
0 0.03728813559322034 0.6993127147766323 0.07457627118644068 0.32989690721649484
0 0.9813559322033898 0.781786941580756 0.03728813559322034 0.41580756013745707
0 0.911864406779661 0.7680412371134021 0.11864406779661017 0.36769759450171824
0 0.735593220338983 0.8616838487972509 0.16610169491525423 0.2766323024054983
0 0.8169491525423729 0.7646048109965635 0.11186440677966102 0.3470790378006873
0 0.5915254237288136 0.8737113402061856 0.14576271186440679 0.25257731958762886
0 0.5466101694915254 0.7414089347079038 0.05593220338983051 0.3281786941580756
0 0.6211864406779661 0.7207903780068728 0.1 0.2422680412371134