0 0.24825 0.6542031249999999 0.15115625000000002 0.4007968749999999
0 0.407484375 0.7191562499999999 0.13974999999999996 0.5526562500000001
0 0.12640625 0.549484375 0.10667187499999997 0.30840625
0 0.7485937500000001 0.7186718749999998 0.16595312500000006 0.3707187499999999
0 0.7112812500000001 0.887046875 0.18896875000000007 0.21849999999999997
0 0.424359375 0.45296875 0.09248437499999995 0.228296875
0 0.283828125 0.5314375 0.08089062499999997 0.257625
0 0.16509374999999998 0.52915625 0.06637499999999999 0.27974999999999994
0 0.52525 0.44281249999999994 0.05864062499999996 0.24273437500000003
0 0.630140625 0.267125 0.020328124999999985 0.06174999999999997
0 0.657625 0.27171875 0.02190624999999997 0.06528125000000004
0 0.167578125 0.408734375 0.05639062500000001 0.09762500000000003
0 0.27803125 0.378140625 0.04623437499999996 0.14825
0 0.342984375 0.358734375 0.03775000000000004 0.12281249999999995