0 0.47327868852459015 0.29552459016393445 0.07431147540983614 0.30939344262295077
0 0.5554918032786885 0.3171803278688525 0.09622950819672138 0.34063934426229503
0 0.5655737704918032 0.06475409836065574 0.036065573770491806 0.12950819672131147
0 0.601639344262295 0.0860655737704918 0.036065573770491806 0.11639344262295082
0 0.5852459016393443 0.47704918032786886 0.06885245901639345 0.3639344262295082
0 0.6098360655737705 0.32459016393442625 0.019672131147540985 0.18688524590163935
0 0.7754098360655738 0.3434426229508197 0.05327868852459016 0.20655737704918034
0 0.8172131147540984 0.6278688524590164 0.04426229508196721 0.06229508196721312
0 0.45081967213114754 0.7508196721311475 0.11475409836065574 0.16393442622950818
0 0.38688524590163936 0.6844262295081968 0.10491803278688525 0.05081967213114754
0 0.43278688524590164 0.7139344262295082 0.21639344262295082 0.07377049180327869