0 0.1298449612403101 0.4854838709677419 0.12532299741602068 0.2870967741935484
0 0.2616279069767442 0.4798387096774194 0.11498708010335917 0.29838709677419356
0 0.03682170542635659 0.4403225806451613 0.07364341085271318 0.3193548387096774
0 0.5432816537467701 0.5266129032258065 0.13824289405684753 0.20483870967741935
0 0.27595607235142117 0.34177419354838706 0.0764728682170542 0.23566129032258068
0 0.1597545219638243 0.4227741935483871 0.0668863049095607 0.2659354838709677
0 0.06157622739018087 0.42041935483870974 0.05488372093023255 0.288774193548387
0 0.35937984496124037 0.3312903225806451 0.04848837209302322 0.2505645161290323
0 0.4461111111111111 0.14993548387096775 0.01680878552971575 0.06374193548387094
0 0.4688372093023256 0.15467741935483872 0.018113695090439252 0.06738709677419359
0 0.06363049095607236 0.2961129032258064 0.04662790697674419 0.10077419354838713
0 0.15496124031007752 0.26453225806451613 0.03822997416020669 0.15303225806451612
0 0.2086692506459948 0.2445 0.03121447028423776 0.12677419354838704
0 0.25516795865633074 0.9274193548387096 0.06847545219638243 0.14516129032258066
0 0.1020671834625323 0.9274193548387096 0.06718346253229975 0.14516129032258066
0 0.44250645994832044 0.917741935483871 0.07622739018087855 0.16451612903225807
0 0.374031007751938 0.9185483870967742 0.09431524547803617 0.1629032258064516
0 0.5051679586563308 0.925 0.08527131782945736 0.15
0 0.3107235142118863 0.9338709677419355 0.060723514211886306 0.13225806451612904
0 0.15180878552971577 0.9153225806451613 0.06589147286821706 0.1693548387096774
0 0.1996124031007752 0.917741935483871 0.06330749354005168 0.16451612903225807
0 0.044573643410852716 0.9209677419354839 0.06330749354005168 0.15806451612903225
0 0.5678294573643411 0.9362903225806452 0.07881136950904392 0.12741935483870967
0 0.0103359173126615 0.9161290322580645 0.020671834625323 0.16774193548387098