0 0.35946813388353965 0.3724770642201835 0.07966529115084824 0.24908256880733945
0 0.30135259055479136 0.3256880733944954 0.04722604309949564 0.23211009174311928
0 0.3356258596973865 0.19785932721712537 0.030375974323704723 0.1536697247706422
0 0.06063732232920679 0.37813455657492356 0.034961027051811096 0.15321100917431194
0 0.08218707015130675 0.37217125382262994 0.031751490142136636 0.1389908256880734
0 0.05903255387436956 0.27782874617737 0.038170563961485555 0.09464831804281346
0 0.37265016047684546 0.11452599388379205 0.016735442457588262 0.0845565749235474
0 0.3599266391563503 0.1 0.018340210912425492 0.07782874617737003
0 0.14320036680421822 0.6799694189602447 0.015632737276478587 0.05963302752293578
0 0.25208161393856027 0.7187064220183487 0.0179619440623568 0.07186544342507645
0 0.25112563044475006 0.7138623853211009 0.03362677670793221 0.06422018348623854
0 0.47283356258596976 0.650611620795107 0.013984410820724439 0.0437308868501529
0 0.3721160018340211 0.8173302752293579 0.023947730398899594 0.08868501529051988
0 0.3566414488766621 0.7964311926605504 0.02457588262265012 0.08052905198776757
0 0.6275790921595599 0.8299694189602447 0.2843878954607978 0.3400611620795107
0 0.8798716185236131 0.7318042813455657 0.0453920220082531 0.14388379204892968
0 0.8561439706556625 0.7261467889908257 0.039889958734525444 0.13241590214067278
0 0.9264099037138928 0.7140672782874617 0.02544704264099037 0.13883792048929663
0 0.9109353507565336 0.7140672782874617 0.023269142595139843 0.0981651376146789
0 0.5301467216872994 0.7070336391437309 0.023269142595139843 0.05091743119266055
0 0.5008023842274186 0.7178899082568807 0.026593305823016965 0.06498470948012232
0 0.48704722604309947 0.7209480122324159 0.014442916093535076 0.08914373088685015