0 0.4103010752688172 0.21185530085959886 0.039956989247311794 0.1400429799426934
0 0.37566129032258067 0.21543696275071633 0.045946236559139805 0.14434097421203437
0 0.25937096774193547 0.2434670487106017 0.05207526881720425 0.08865329512893982
0 0.3125913978494623 0.25449856733524356 0.04238709677419351 0.08206303724928371
0 0.40656451612903227 0.3882736389684814 0.07979569892473122 0.18342406876790826
0 0.5186397849462366 0.41285816618911175 0.05018279569892481 0.08073065902578799
0 0.8091397849462365 0.48567335243553006 0.01989247311827957 0.08595988538681948
0 0.7129032258064516 0.4684813753581662 0.010752688172043012 0.0494269340974212
0 0.7768817204301075 0.4885386819484241 0.01881720430107527 0.08022922636103152
0 0.7897849462365591 0.48567335243553006 0.021505376344086023 0.0830945558739255
0 0.8096774193548387 0.4885386819484241 0.01989247311827957 0.08022922636103152
0 0.8166666666666667 0.46346704871060174 0.007526881720430108 0.0336676217765043
0 0.9758064516129032 0.22277936962750716 0.00967741935483871 0.015759312320916905
0 0.5005376344086021 0.7815186246418339 0.12419354838709677 0.3022922636103152
0 0.37473118279569895 0.7822349570200573 0.0956989247311828 0.30873925501432664
0 0.06451612903225806 0.8051575931232091 0.128494623655914 0.3424068767908309