0 0.3872053872053872 0.30319148936170215 0.21548821548821548 0.3723404255319149
0 0.6734006734006734 0.34308510638297873 0.018518518518518517 0.05053191489361702
0 0.6801346801346801 0.28191489361702127 0.021885521885521887 0.07446808510638298
0 0.6212121212121212 0.3896276595744681 0.02356902356902357 0.061170212765957445
0 0.7213804713804713 0.18218085106382978 0.011784511784511785 0.06914893617021277
0 0.7861952861952862 0.1981382978723404 0.013468013468013467 0.07446808510638298
0 0.8425925925925926 0.1356382978723404 0.010101010101010102 0.07180851063829788
0 0.8552188552188552 0.16356382978723405 0.011784511784511785 0.06382978723404255
0 0.73989898989899 0.05452127659574468 0.010101010101010102 0.03723404255319149
0 0.7508417508417509 0.03590425531914894 0.013468013468013467 0.0425531914893617
0 0.7836700336700336 0.03324468085106383 0.006734006734006734 0.04521276595744681
0 0.8005050505050505 0.0425531914893617 0.008417508417508417 0.0398936170212766
0 0.8114478114478114 0.02526595744680851 0.006734006734006734 0.0425531914893617
0 0.8265993265993266 0.027925531914893616 0.013468013468013467 0.0425531914893617
0 0.7070707070707071 0.05319148936170213 0.015151515151515152 0.0425531914893617
0 0.7062289562289562 0.10106382978723404 0.015151515151515152 0.034574468085106384
0 0.6186868686868687 0.05186170212765957 0.011784511784511785 0.061170212765957445
0 0.6304713804713805 0.05319148936170213 0.018518518518518517 0.05053191489361702
0 0.6498316498316499 0.0598404255319149 0.008417508417508417 0.0425531914893617
0 0.6666666666666666 0.047872340425531915 0.010101010101010102 0.04521276595744681
0 0.7272727272727273 0.10505319148936171 0.015151515151515152 0.0398936170212766
0 0.8745791245791246 0.20212765957446807 0.011784511784511785 0.06914893617021277
0 0.936026936026936 0.28191489361702127 0.015151515151515152 0.07180851063829788
0 0.9528619528619529 0.2845744680851064 0.020202020202020204 0.07446808510638298
0 0.9865319865319865 0.48138297872340424 0.026936026936026935 0.015957446808510637
0 0.9099326599326599 0.13297872340425532 0.016835016835016835 0.05319148936170213
0 0.92003367003367 0.1502659574468085 0.018518518518518517 0.047872340425531915
0 0.882996632996633 0.14893617021276595 0.015151515151515152 0.05851063829787234
0 0.8644781144781145 0.15558510638297873 0.018518518518518517 0.06382978723404255
0 0.9015151515151515 0.0625 0.011784511784511785 0.05851063829787234
0 0.9326599326599326 0.13164893617021275 0.008417508417508417 0.05319148936170213