0 0.09189944134078212 0.2644135188866799 0.047206703910614524 0.17296222664015903
0 0.14217877094972067 0.279324055666004 0.04553072625698324 0.1848906560636183
0 0.19860335195530726 0.2962226640159046 0.055865921787709494 0.2216699801192843
0 0.21787709497206703 0.2360834990059642 0.06089385474860335 0.17296222664015903
0 0.329608938547486 0.36033797216699803 0.055865921787709494 0.19035785288270377
0 0.4533519553072626 0.3757455268389662 0.07011173184357541 0.1863817097415507
0 0.5899441340782123 0.3817097415506958 0.06815642458100558 0.1749502982107356
0 0.6192737430167597 0.29174950298210733 0.06089385474860335 0.2286282306163022
0 0.4022346368715084 0.30019880715705766 0.05810055865921788 0.18588469184890655
0 0.35446927374301673 0.2937375745526839 0.052793296089385475 0.15308151093439365
0 0.6438547486033519 0.24353876739562624 0.011731843575418994 0.09045725646123261
0 0.19231843575418994 0.8548707753479126 0.06005586592178771 0.2286282306163022
0 0.6259776536312849 0.6993041749502982 0.04748603351955307 0.2216699801192843
0 0.6005586592178771 0.5849900596421471 0.05027932960893855 0.23161033797216699
0 0.23547486033519552 0.5029821073558648 0.04860335195530726 0.06759443339960239
0 0.2446927374301676 0.7554671968190855 0.04189944134078212 0.2286282306163022
0 0.09581005586592178 0.5750497017892644 0.05418994413407821 0.2117296222664016
0 0.48268156424581005 0.5924453280318092 0.054748603351955305 0.24652087475149106
0 0.40670391061452515 0.5760437375745527 0.061452513966480445 0.21371769383697814
0 0.3124301675977654 0.628727634194831 0.06005586592178771 0.2286282306163022