0 0.7253995433789955 0.3619748858447489 0.1428082191780821 0.44084474885844754
0 0.12557077625570776 0.9212328767123288 0.0958904109589041 0.15753424657534246
0 0.2694063926940639 0.9554794520547946 0.2009132420091324 0.08904109589041095
0 0.22488584474885845 0.8732876712328768 0.05707762557077625 0.22146118721461186
0 0.06621004566210045 0.8801369863013698 0.0776255707762557 0.23972602739726026
0 0.1312785388127854 0.8253424657534246 0.07534246575342465 0.14383561643835616
0 0.2888127853881279 0.9178082191780822 0.08447488584474885 0.1643835616438356
0 0.29337899543379 0.8276255707762558 0.06164383561643835 0.14383561643835616
0 0.3949771689497717 0.932648401826484 0.0502283105022831 0.13470319634703196
0 0.4360730593607306 0.9257990867579908 0.0410958904109589 0.14840182648401826
0 0.3755707762557078 0.884703196347032 0.05251141552511415 0.23059360730593606
0 0.5559360730593608 0.8915525114155252 0.02511415525114155 0.21689497716894976
0 0.5045662100456622 0.8835616438356164 0.0821917808219178 0.2237442922374429
0 0.4406392694063927 0.8915525114155252 0.0821917808219178 0.21689497716894976