0 0.14203539823008848 0.2752365930599369 0.06283185840707965 0.2949526813880126
0 0.22123893805309736 0.22634069400630916 0.05663716814159292 0.26025236593059936
0 0.37035398230088495 0.10646687697160884 0.05752212389380531 0.21293375394321767
0 0.018141592920353982 0.0417981072555205 0.03274336283185841 0.083596214511041
0 0.1902654867256637 0.2744479495268139 0.03008849557522124 0.1608832807570978
0 0.47123893805309736 0.1529968454258675 0.10353982300884956 0.305993690851735
0 0.27256637168141595 0.8998422712933754 0.08495575221238938 0.20031545741324921
0 0.20442477876106194 0.8675078864353313 0.04424778761061947 0.08832807570977919
0 0.35176991150442477 0.6537854889589906 0.0415929203539823 0.12460567823343849
0 0.33849557522123896 0.527602523659306 0.020353982300884955 0.10883280757097792
0 0.6774336283185841 0.7665615141955836 0.08495575221238938 0.13958990536277602