0 0.72578125 0.4326388888888889 0.0546875 0.25416666666666665
0 0.275 0.8319444444444445 0.0875 0.3277777777777778
0 0.38125 0.8395833333333333 0.075 0.30972222222222223
0 0.658203125 0.39791666666666664 0.04453125 0.23194444444444445
0 0.53828125 0.2673611111111111 0.0453125 0.20694444444444443
0 0.84921875 0.18611111111111112 0.03125 0.13055555555555556
0 0.08359375 0.9208333333333333 0.071875 0.15555555555555556
0 0.8734375 0.18888888888888888 0.0265625 0.12777777777777777
0 0.68359375 0.4423611111111111 0.0296875 0.15416666666666667
0 0.899609375 0.11527777777777778 0.01796875 0.09722222222222222
0 0.916015625 0.12569444444444444 0.01953125 0.07916666666666666
0 0.77109375 0.10347222222222222 0.028125 0.05416666666666667
0 0.79609375 0.1326388888888889 0.0171875 0.034722222222222224