0 0.07666666666666666 0.2166172106824926 0.03666666666666667 0.1632047477744807
0 0.1775 0.19658753709198812 0.028333333333333332 0.09347181008902077
0 0.5366666666666666 0.33902077151335314 0.11666666666666667 0.3397626112759644
0 0.21666666666666667 0.7292284866468842 0.02 0.057863501483679525
0 0.19333333333333333 0.7470326409495549 0.021666666666666667 0.08753709198813056
0 0.24375 0.7351632047477745 0.0175 0.057863501483679525
0 0.3925 0.8464391691394659 0.165 0.30712166172106825
0 0.5554166666666667 0.8137982195845698 0.2225 0.37166172106824924
0 0.6704166666666667 0.766320474777448 0.07833333333333334 0.18694362017804153
0 0.7891666666666667 0.7292284866468842 0.05291666666666667 0.13204747774480713
0 0.79 0.6669139465875371 0.019166666666666665 0.02967359050445104