0 0.9515260323159784 0.21884984025559107 0.09694793536804308 0.1964856230031949
0 0.9636445242369839 0.09744408945686901 0.072262118491921 0.19488817891373802
0 0.6956912028725314 0.28434504792332266 0.3123877917414722 0.5686900958466453
0 0.6113105924596051 0.31150159744408945 0.08258527827648116 0.3083067092651757
0 0.08527827648114901 0.9416932907348243 0.05745062836624776 0.11661341853035144
0 0.1359964093357271 0.9321086261980831 0.03859964093357271 0.13578274760383385
0 0.19614003590664272 0.9241214057507987 0.06193895870736086 0.15175718849840256
0 0.25763016157989227 0.9321086261980831 0.05026929982046679 0.13578274760383385
0 0.30610412926391384 0.9480830670926518 0.03949730700179533 0.10383386581469649
0 0.34111310592459604 0.9384984025559105 0.03231597845601436 0.12300319488817892
0 0.7517953321364452 0.7843450479233227 0.4245960502692998 0.43130990415335463