0 0.22811993517017828 0.0223342939481268 0.03322528363047002 0.0446685878962536
0 0.011345218800648298 0.07564841498559077 0.022690437601296597 0.11671469740634005
0 0.9643435980551054 0.2881844380403458 0.015802269043760128 0.07708933717579251
0 0.9821717990275527 0.2896253602305475 0.02106969205834684 0.06051873198847262
0 0.22690437601296595 0.7564841498559077 0.06807131280388978 0.28602305475504325
0 0.007698541329011345 0.7730547550432276 0.01539708265802269 0.17435158501440923
0 0.0016207455429497568 0.6844380403458213 0.0032414910858995136 0.048270893371757925
0 0.07617504051863858 0.6887608069164265 0.012155591572123177 0.0468299711815562
0 0.08954619124797407 0.6945244956772334 0.008103727714748784 0.04106628242074928
0 0.009319286871961102 0.7168587896253602 0.01620745542949757 0.10014409221902017
0 0.41166936790923825 0.9164265129682997 0.01539708265802269 0.0569164265129683
0 0.7034035656401945 0.6419308357348703 0.13168557536466774 0.29971181556195964