0 0.7296875 0.43125 0.053125 0.2569444444444444
0 0.39765625 0.8368055555555556 0.090625 0.30972222222222223
0 0.275390625 0.8270833333333333 0.07890625 0.3375
0 0.66015625 0.39652777777777776 0.0453125 0.23472222222222222
0 0.8484375 0.1875 0.0328125 0.13055555555555556
0 0.537890625 0.26666666666666666 0.04453125 0.20555555555555555
0 0.09140625 0.9159722222222222 0.0734375 0.1625
0 0.873828125 0.1909722222222222 0.02421875 0.12916666666666668
0 0.899609375 0.11666666666666667 0.01796875 0.09722222222222222
0 0.68671875 0.43819444444444444 0.0296875 0.15416666666666667
0 0.915234375 0.12430555555555556 0.01953125 0.08472222222222223
0 0.79609375 0.1326388888888889 0.0171875 0.034722222222222224
0 0.770703125 0.10347222222222222 0.02578125 0.05694444444444444