0 0.3338963963963964 0.12140439932318105 0.010698198198198198 0.04949238578680203
0 0.3471283783783784 0.19204737732656516 0.02927927927927928 0.06472081218274112
0 0.3367117117117117 0.34517766497461927 0.03885135135135135 0.2068527918781726
0 0.3623310810810811 0.383248730964467 0.05405405405405406 0.21489001692047377
0 0.6261261261261262 0.025803722504230117 0.010135135135135136 0.043993231810490696
0 0.6351351351351351 0.02918781725888325 0.009009009009009009 0.04230118443316413
0 0.6455518018018018 0.03637901861252115 0.01295045045045045 0.06472081218274112
0 0.5701013513513513 0.03976311336717428 0.009572072072072071 0.025803722504230117
0 0.5425112612612613 0.048646362098138746 0.011824324324324325 0.030879864636209814
0 0.7291666666666666 0.2753807106598985 0.0990990990990991 0.5490693739424704
0 0.3606418918918919 0.9437394247038917 0.3037725225225225 0.11252115059221658
0 0.8755630630630631 0.7834179357021996 0.08783783783783784 0.18908629441624367