0 0.039559543230016314 0.1774891774891775 0.0367047308319739 0.1406926406926407
0 0.011827079934747145 0.18019480519480519 0.02365415986949429 0.1590909090909091
0 0.33442088091353994 0.18398268398268397 0.02936378466557912 0.14502164502164502
0 0.0032626427406199023 0.04112554112554113 0.0065252854812398045 0.030303030303030304
0 0.04037520391517129 0.021645021645021644 0.02365415986949429 0.03896103896103896
0 0.28548123980424145 0.11742424242424243 0.024469820554649267 0.048701298701298704
0 0.9510603588907015 0.1645021645021645 0.09747145187601958 0.20616883116883117
0 0.7491843393148451 0.2597402597402597 0.16924959216965743 0.288961038961039
0 0.42169657422512236 0.512987012987013 0.04241435562805873 0.08658008658008658
0 0.4367862969004894 0.716991341991342 0.05628058727569331 0.275974025974026
0 0.399673735725938 0.7678571428571429 0.07830342577487764 0.28679653679653677