0 0.10901639344262296 0.24125364431486881 0.040983606557377046 0.19096209912536444
0 0.15614754098360656 0.19169096209912537 0.030327868852459017 0.15014577259475217
0 0.4311475409836066 0.04664723032069971 0.018032786885245903 0.037900874635568516
0 0.40532786885245903 0.023323615160349854 0.023770491803278688 0.04664723032069971
0 0.5979508196721312 0.2762390670553936 0.25614754098360654 0.3454810495626822
0 0.48811475409836064 0.20408163265306123 0.036885245901639344 0.25728862973760935
0 0.6360655737704918 0.24052478134110788 0.0389344262295082 0.09839650145772595
0 0.7229508196721312 0.24854227405247814 0.08811475409836066 0.26457725947521865
0 0.7987704918032786 0.25583090379008744 0.10368852459016394 0.30029154518950435
0 0.8991803278688525 0.2565597667638484 0.14590163934426228 0.3520408163265306
0 0.8930327868852459 0.23177842565597667 0.2139344262295082 0.4336734693877551
0 0.7348360655737705 0.7244897959183674 0.530327868852459 0.5510204081632653