0 0.3948412698412698 0.5169491525423728 0.07063492063492063 0.2853107344632768
0 0.30753968253968256 0.19138418079096045 0.04523809523809524 0.2330508474576271
0 0.27380952380952384 0.24858757062146894 0.046031746031746035 0.268361581920904
0 0.05 0.04096045197740113 0.025396825396825397 0.08192090395480225
0 0.07658730158730159 0.033192090395480225 0.02142857142857143 0.06638418079096045
0 0.46785714285714286 0.23728813559322035 0.03888888888888889 0.11581920903954802
0 0.19087301587301586 0.007062146892655367 0.02142857142857143 0.014124293785310734
0 0.4880952380952381 0.11793785310734463 0.01746031746031746 0.09180790960451977
0 0.7916666666666666 0.1694915254237288 0.15793650793650793 0.3100282485875706
0 0.6345238095238095 0.413135593220339 0.2496031746031746 0.423728813559322
0 0.07658730158730159 0.8629943502824858 0.1492063492063492 0.269774011299435
0 0.1634920634920635 0.7733050847457628 0.11388888888888889 0.1094632768361582
0 0.2253968253968254 0.7563559322033898 0.0880952380952381 0.06567796610169492
0 0.32182539682539685 0.8792372881355932 0.20714285714285716 0.24152542372881355
0 0.4091269841269841 0.8333333333333334 0.07658730158730159 0.16807909604519775
0 0.4242063492063492 0.7747175141242938 0.10476190476190476 0.09887005649717515
0 0.9845238095238096 0.8531073446327684 0.030952380952380953 0.07274011299435028
0 0.9924603174603175 0.894774011299435 0.01507936507936508 0.10734463276836158