0 0.6464285714285715 0.1884765625 0.3464285714285714 0.30810546875
0 0.3098901098901099 0.87841796875 0.03956043956043956 0.2177734375
0 0.2887362637362637 0.76513671875 0.04945054945054945 0.2294921875
0 0.22884615384615384 0.3642578125 0.0510989010989011 0.029296875
0 0.08269230769230769 0.553955078125 0.04395604395604396 0.17822265625
0 0.04010989010989011 0.54052734375 0.038461538461538464 0.1953125
0 0.09010989010989011 0.38525390625 0.04285714285714286 0.0712890625
0 0.05989010989010989 0.392578125 0.03956043956043956 0.0859375
0 0.01456043956043956 0.37646484375 0.02912087912087912 0.0537109375
0 0.3208791208791209 0.42041015625 0.017582417582417582 0.1416015625
0 0.1423076923076923 0.42431640625 0.03736263736263736 0.1494140625
0 0.15054945054945054 0.3642578125 0.03736263736263736 0.029296875
0 0.1087912087912088 0.728515625 0.04945054945054945 0.2197265625
0 0.013186813186813187 0.77197265625 0.026373626373626374 0.2197265625
0 0.19395604395604396 0.85302734375 0.057692307692307696 0.263671875
0 0.4137362637362637 0.7724609375 0.16813186813186815 0.453125