0 0.2135593220338983 0.17647058823529413 0.13220338983050847 0.2647058823529412
0 0.3101694915254237 0.18592436974789917 0.07457627118644068 0.24579831932773108
0 0.373728813559322 0.17752100840336135 0.13389830508474576 0.26260504201680673
0 0.4703389830508475 0.17752100840336135 0.10677966101694915 0.26260504201680673
0 0.5406779661016949 0.18067226890756302 0.09152542372881356 0.25630252100840334
0 0.5796610169491525 0.20903361344537816 0.04067796610169491 0.19957983193277312
0 0.8211525423728814 0.22247899159663867 0.1076610169491525 0.14758403361344538
0 0.7059322033898305 0.19432773109243698 0.1576271186440678 0.22899159663865545
0 0.514406779661017 0.45588235294117646 0.05593220338983051 0.058823529411764705
0 0.15169491525423728 0.6376050420168067 0.10677966101694915 0.27521008403361347
0 0.711864406779661 0.8014705882352942 0.22372881355932203 0.39705882352941174