0 0.06555944055944056 0.27797202797202797 0.13111888111888112 0.5034965034965035
0 0.16312937062937063 0.27797202797202797 0.0766608391608392 0.4693356643356644
0 0.22814685314685315 0.27884615384615385 0.1381118881118881 0.5017482517482518
0 0.3292132867132867 0.27057692307692305 0.11027972027972036 0.48412587412587427
0 0.40034965034965037 0.28146853146853146 0.0944055944055944 0.4965034965034965
0 0.4396853146853147 0.25524475524475526 0.04020979020979021 0.34965034965034963
0 0.625 0.3732517482517482 0.19055944055944055 0.3129370629370629
0 0.7805944055944056 0.2910839160839161 0.1520979020979021 0.4772727272727273
0 0.951048951048951 0.25524475524475526 0.0979020979020979 0.3811188811188811
0 0.48513986013986016 0.31905594405594406 0.050699300699300696 0.42132867132867136
0 0.506993006993007 0.21678321678321677 0.0944055944055944 0.43356643356643354
0 0.5909090909090909 0.14160839160839161 0.09090909090909091 0.28321678321678323
0 0.8846153846153846 0.3715034965034965 0.15384615384615385 0.31643356643356646
0 0.07255244755244755 0.8479020979020979 0.1451048951048951 0.3041958041958042
0 0.17307692307692307 0.8461538461538461 0.13286713286713286 0.3076923076923077
0 0.25 0.8627622377622378 0.08041958041958042 0.2744755244755245
0 0.29895104895104896 0.8662587412587412 0.055944055944055944 0.2674825174825175
0 0.3347902097902098 0.833916083916084 0.03671328671328671 0.16433566433566432
0 0.35926573426573427 0.8120629370629371 0.02972027972027972 0.12062937062937062
0 0.7141608391608392 0.7648601398601399 0.5087412587412588 0.47027972027972026