0 0.10237068965517242 0.2557471264367816 0.1206896551724138 0.33045977011494254
0 0.23060344827586207 0.22988505747126436 0.09859913793103449 0.2835249042145594
0 0.37877155172413796 0.2289272030651341 0.09536637931034483 0.3007662835249042
0 0.509698275862069 0.19827586206896552 0.07650862068965517 0.1657088122605364
0 0.568426724137931 0.18869731800766285 0.07327586206896551 0.14655172413793102
0 0.43103448275862066 0.18486590038314177 0.04849137931034483 0.14655172413793102
0 0.01939655172413793 0.16666666666666666 0.03825431034482758 0.1331417624521073
0 0.8367456896551724 0.19827586206896552 0.18857758620689655 0.32662835249042144
0 0.9612068965517241 0.17049808429118773 0.03771551724137931 0.07758620689655173
0 0.32004310344827586 0.7001915708812261 0.2699353448275862 0.14080459770114942
0 0.9498922413793104 0.7998084291187739 0.10021551724137931 0.4003831417624521
0 0.7473060344827587 0.8122605363984674 0.13469827586206898 0.37547892720306514
0 0.8038793103448276 0.64272030651341 0.1206896551724138 0.2471264367816092
0 0.9401939655172413 0.6628352490421456 0.11961206896551724 0.28735632183908044
0 0.8469827586206896 0.8247126436781609 0.14224137931034483 0.3505747126436782