0 0.3704918032786885 0.23349514563106796 0.060655737704918035 0.24951456310679612
0 0.43224043715846994 0.20631067961165048 0.034972677595628415 0.15388349514563107
0 0.257103825136612 0.25145631067961166 0.056557377049180325 0.26990291262135924
0 0.16420765027322404 0.29854368932038833 0.07103825136612021 0.33640776699029123
0 0.13524590163934427 0.25533980582524274 0.05382513661202186 0.2558252427184466
0 0.20191256830601093 0.25145631067961166 0.057103825136612024 0.26019417475728157
0 0.296448087431694 0.24660194174757283 0.08224043715846995 0.22427184466019418
0 0.46120218579234973 0.13640776699029125 0.022950819672131147 0.09611650485436893
0 0.47654644808743163 0.11955339805825241 0.022377049180327895 0.06876699029126207
0 0.6326065573770492 0.15623300970873782 0.03205464480874321 0.18313592233009698
0 0.5685409836065572 0.18966990291262137 0.03874863387978147 0.20037864077669912
0 0.6757213114754099 0.1500291262135922 0.03204371584699459 0.12756310679611638
0 0.8202459016393442 0.11900970873786412 0.019863387978142025 0.08927184466019422
0 0.1407103825136612 0.8514563106796117 0.10464480874316939 0.14902912621359224
0 0.1396174863387978 0.875242718446602 0.06967213114754098 0.11067961165048544
0 0.37540983606557377 0.8907766990291263 0.020491803278688523 0.04951456310679612
0 0.7360655737704918 0.9398058252427185 0.08879781420765027 0.10825242718446602
0 0.7538251366120219 0.7412621359223301 0.07131147540983607 0.18155339805825244