0 0.42876106194690267 0.314410480349345 0.12123893805309735 0.38427947598253276
0 0.13805309734513274 0.3329694323144105 0.05796460176991151 0.3089519650655022
0 0.2234513274336283 0.3329694323144105 0.07787610619469026 0.32860262008733626
0 0.04469026548672567 0.29475982532751094 0.06858407079646017 0.26419213973799127
0 0.09115044247787611 0.2587336244541485 0.06460176991150443 0.21943231441048036
0 0.15442477876106195 0.2827510917030568 0.03584070796460177 0.25
0 0.6935840707964602 0.35469432314410476 0.0721061946902655 0.26176855895196505
0 0.2995575221238938 0.7543668122270742 0.1336283185840708 0.4912663755458515
0 0.4243362831858407 0.7543668122270742 0.13008849557522123 0.4912663755458515
0 0.031415929203539826 0.7543668122270742 0.06283185840707965 0.4912663755458515
0 0.1738938053097345 0.7543668122270742 0.13893805309734514 0.4912663755458515
0 0.0920353982300885 0.7543668122270742 0.12743362831858407 0.4912663755458515
0 0.7584070796460177 0.9399563318777293 0.06902654867256637 0.12008733624454149
0 0.8429203539823009 0.6255458515283843 0.06283185840707965 0.2336244541484716
0 0.7951327433628319 0.5589519650655022 0.03982300884955752 0.10043668122270742