0 0.1936813186813187 0.23583984375 0.33873626373626375 0.3681640625
0 0.2571428571428571 0.21728515625 0.23598901098901098 0.33056640625
0 0.5843406593406594 0.1083984375 0.0510989010989011 0.080078125
0 0.7508241758241758 0.3720703125 0.0521978021978022 0.095703125
0 0.778021978021978 0.3125 0.04945054945054945 0.21484375
0 0.987912087912088 0.0498046875 0.024175824175824177 0.099609375
0 0.8618131868131869 0.068359375 0.0521978021978022 0.13671875
0 0.9395604395604396 0.09765625 0.04835164835164835 0.1953125
0 0.5263736263736264 0.79638671875 0.0673076923076923 0.22314453125
0 0.004945054945054945 0.802734375 0.00989010989010989 0.119140625
0 0.7975274725274726 0.64501953125 0.3752747252747253 0.44970703125