0 0.10167464114832536 0.2556818181818182 0.11283891547049442 0.41832386363636365
0 0.830542264752791 0.3096590909090909 0.27472089314194575 0.30326704545454547
0 0.5538277511961722 0.3210227272727273 0.2687400318979266 0.2919034090909091
0 0.46411483253588515 0.22017045454545456 0.08931419457735247 0.12428977272727272
0 0.5322966507177034 0.19460227272727273 0.05940988835725678 0.060369318181818184
0 0.4270334928229665 0.12855113636363635 0.015151515151515152 0.041193181818181816
0 0.6359649122807017 0.13423295454545456 0.028708133971291867 0.040482954545454544
0 0.3455980861244019 0.7108806818181819 0.04327751196172247 0.08511363636363639
0 0.9358054226475279 0.7634943181818182 0.02631578947368421 0.08451704545454546
0 0.9720893141945773 0.7642045454545454 0.022727272727272728 0.08948863636363637
0 0.9549441786283892 0.7627840909090909 0.019138755980861243 0.09659090909090909
0 0.6060606060606061 0.7798295454545454 0.01674641148325359 0.05113636363636364
0 0.5685805422647527 0.7634943181818182 0.034688995215311005 0.08167613636363637
0 0.5972886762360446 0.7784090909090909 0.01555023923444976 0.03480113636363636