0 0.04375 0.20809248554913296 0.0875 0.4161849710982659
0 0.19609375 0.21579961464354527 0.1046875 0.43159922928709055
0 0.3390625 0.12620423892100194 0.084375 0.2524084778420039
0 0.396875 0.10789980732177264 0.065625 0.21579961464354527
0 0.253125 0.10500963391136801 0.053125 0.21001926782273603
0 0.975 0.2610789980732177 0.05 0.19845857418111754
0 0.68671875 0.7726396917148363 0.1203125 0.45472061657032753
0 0.84375 0.7996146435452793 0.10625 0.4007707129094412
0 0.49921875 0.7890173410404624 0.1265625 0.42196531791907516
0 0.759375 0.7842003853564548 0.078125 0.43159922928709055
0 0.58671875 0.7755298651252408 0.1046875 0.4489402697495183