0 0.11055555555555556 0.2727272727272727 0.22083333333333333 0.4214426877470356
0 0.2961111111111111 0.16798418972332016 0.05388888888888889 0.11363636363636363
0 0.7022222222222222 0.35375494071146246 0.10805555555555556 0.2924901185770751
0 0.8408333333333333 0.29347826086956524 0.17888888888888888 0.41304347826086957
0 0.12444444444444444 0.9491106719367589 0.05 0.10177865612648221
0 0.1852777777777778 0.5617588932806324 0.051666666666666666 0.12351778656126482
0 0.18388888888888888 0.5222332015810277 0.05444444444444444 0.044466403162055336
0 0.48444444444444446 0.7129446640316206 0.05277777777777778 0.13339920948616601
0 0.43375 0.795701581027668 0.04583333333333333 0.23962450592885376
0 0.4309722222222222 0.6647727272727273 0.04583333333333333 0.1358695652173913
0 0.48791666666666667 0.866106719367589 0.04861111111111111 0.2025691699604743
0 0.33305555555555555 0.8006422924901185 0.044444444444444446 0.18033596837944665
0 0.3761111111111111 0.7870553359683794 0.03888888888888889 0.1976284584980237
0 0.28930555555555554 0.5906620553359684 0.04583333333333333 0.17539525691699603
0 0.3227777777777778 0.5163043478260869 0.03777777777777778 0.03260869565217391
0 0.32555555555555554 0.5830039525691699 0.043333333333333335 0.16600790513833993
0 0.35597222222222225 0.5906620553359684 0.04027777777777778 0.18033596837944665
0 0.03111111111111111 0.5395256916996047 0.03222222222222222 0.07905138339920949
0 0.006666666666666667 0.7880434782608695 0.013333333333333334 0.17094861660079053
0 0.2783333333333333 0.5459486166007905 0.03777777777777778 0.09189723320158102
0 0.10875 0.6672430830039525 0.04027777777777778 0.18033596837944665
0 0.45694444444444443 0.5657114624505929 0.041666666666666664 0.13142292490118576
0 0.4088888888888889 0.5741106719367589 0.043333333333333335 0.1482213438735178
0 0.24194444444444443 0.941699604743083 0.05388888888888889 0.116600790513834
0 0.31777777777777777 0.9451581027667985 0.06111111111111111 0.10968379446640317
0 0.4113888888888889 0.9723320158102767 0.059444444444444446 0.05533596837944664
0 0.7811111111111111 0.816699604743083 0.2086111111111111 0.3433794466403162