0 0.04702970297029703 0.3032128514056225 0.09405940594059406 0.570281124497992
0 0.1551155115511551 0.2901606425702811 0.1254125412541254 0.5803212851405622
0 0.36716171617161714 0.2901606425702811 0.14686468646864687 0.5803212851405622
0 0.29042904290429045 0.22389558232931728 0.1188118811881188 0.44779116465863456
0 0.43646864686468645 0.17269076305220885 0.10726072607260725 0.3453815261044177
0 0.5074257425742574 0.13353413654618473 0.06105610561056106 0.26706827309236947
0 0.566006600660066 0.14558232931726908 0.09900990099009901 0.29116465863453816
0 0.02392739273927393 0.21184738955823293 0.04785478547854786 0.42369477911646586
0 0.8514851485148515 0.3042168674698795 0.264026402640264 0.608433734939759
0 0.894059405940594 0.7535943775100401 0.07940594059405941 0.19510040160642575
0 0.8196699669966997 0.7567871485943775 0.06193069306930689 0.1330321285140562