0 0.14105263157894737 0.2958801498127341 0.22973684210526316 0.4616104868913858
0 0.18421052631578946 0.2640449438202247 0.16 0.399812734082397
0 0.4094736842105263 0.13342696629213482 0.04105263157894737 0.09737827715355805
0 0.5815789473684211 0.35159176029962547 0.17026315789473684 0.34222846441947563
0 0.34289473684210525 0.9321161048689138 0.05631578947368421 0.13576779026217228
0 0.27789473684210525 0.8431647940074907 0.05 0.23876404494382023
0 0.11263157894736842 0.5636704119850188 0.04631578947368421 0.06741573033707865
0 0.24868421052631579 0.5716292134831461 0.05 0.08333333333333333
0 0.25684210526315787 0.6044007490636704 0.05789473684210526 0.14887640449438203
0 0.1436842105263158 0.8455056179775281 0.060526315789473685 0.2340823970037453
0 0.18236842105263157 0.9367977528089888 0.06157894736842105 0.12640449438202248
0 0.20868421052631578 0.8955992509363296 0.05421052631578947 0.20880149812734083
0 0.7102631578947368 0.6530898876404494 0.17763157894736842 0.24625468164794007