0 0.2447513812154696 0.20776031434184675 0.07790055248618785 0.07023575638506876
0 0.054696132596685085 0.24950884086444008 0.05441988950276243 0.07121807465618861
0 0.5602209944751381 0.34086444007858546 0.2143646408839779 0.2966601178781925
0 0.256353591160221 0.9616895874263262 0.05966850828729282 0.07662082514734773
0 0.30248618784530384 0.512278978388998 0.052486187845303865 0.04616895874263261
0 0.35303867403314915 0.5795677799607073 0.045303867403314914 0.1807465618860511
0 0.2993093922651934 0.6213163064833006 0.04834254143646409 0.2013752455795678
0 0.13701657458563535 0.5525540275049116 0.04419889502762431 0.12671905697445973
0 0.1542817679558011 0.6655206286836935 0.05386740331491713 0.16699410609037327
0 0.17016574585635358 0.8153241650294696 0.04696132596685083 0.22593320235756384
0 0.3687845303867403 0.7755402750491159 0.04143646408839779 0.22102161100196463
0 0.32679558011049725 0.9135559921414538 0.05359116022099448 0.17288801571709234
0 0.08314917127071823 0.5255402750491159 0.04143646408839779 0.07269155206286837
0 0.019337016574585635 0.6036345776031434 0.03867403314917127 0.2111984282907662
0 0.7345303867403314 0.5805500982318271 0.43701657458563536 0.18271119842829076