0 0.282707622298066 0.1847165991902834 0.5540386803185438 0.3694331983805668
0 0.38111490329920367 0.22672064777327935 0.10722411831626849 0.14068825910931174
0 0.27986348122866894 0.6847165991902834 0.5597269624573379 0.6305668016194332
0 0.7184300341296929 0.9418016194331984 0.06143344709897611 0.11639676113360324
0 0.7659271899886234 0.4266194331983806 0.0540386803185438 0.11437246963562753
0 0.9081342434584755 0.4326923076923077 0.042662116040955635 0.12651821862348178
0 0.8771331058020477 0.4276315789473684 0.051194539249146756 0.11639676113360324
0 0.838452787258248 0.4175101214574899 0.051194539249146756 0.09615384615384616
0 0.6062286689419796 0.5495951417004049 0.05546075085324232 0.2074898785425101
0 0.593287827076223 0.4276315789473684 0.04436860068259386 0.11639676113360324
0 0.6345278725824801 0.4048582995951417 0.03583617747440273 0.0708502024291498
0 0.7889647326507395 0.8608299595141701 0.0540386803185438 0.25809716599190285
0 0.9674345847554039 0.48380566801619435 0.04977246871444824 0.22267206477732793
0 0.9195108077360638 0.9595141700404858 0.07110352673492605 0.08097165991902834
0 0.9402730375426621 0.8836032388663968 0.06143344709897611 0.23279352226720648
0 0.820250284414107 0.49266194331983804 0.0540386803185438 0.2403846153846154
0 0.8117178612059158 0.5635121457489879 0.06257110352673492 0.2403846153846154
0 0.590443686006826 0.4493927125506073 0.040955631399317405 0.15991902834008098
0 0.8572241183162684 0.9175101214574899 0.05688282138794084 0.16497975708502025