0 0.21935483870967742 0.7619502868068834 0.059408602150537636 0.3479923518164436
0 0.2938172043010753 0.5415869980879541 0.02768817204301075 0.17351816443594648
0 0.603763440860215 0.9407265774378585 0.07526881720430108 0.11854684512428298
0 0.7462365591397849 0.8233747609942639 0.053763440860215055 0.2222753346080306
0 0.8341397849462365 0.9182600382409177 0.057526881720430106 0.16347992351816443
0 0.5977150537634408 0.4875717017208413 0.04704301075268817 0.20076481835564053
0 0.592741935483871 0.3527724665391969 0.056451612903225805 0.12619502868068833
0 0.7065860215053763 0.5054971319311663 0.04704301075268817 0.18881453154875716
0 0.7415322580645162 0.47562141491395793 0.04704301075268817 0.2198852772466539
0 0.789247311827957 0.39435946462715105 0.051075268817204304 0.12906309751434034
0 0.7400537634408603 0.3456022944550669 0.044623655913978495 0.1118546845124283
0 0.7045698924731183 0.3479923518164436 0.03494623655913978 0.11663479923518165
0 0.6741935483870968 0.3489483747609943 0.04408602150537634 0.11854684512428298
0 0.9586021505376344 0.4672562141491396 0.0456989247311828 0.19359464627151052
0 0.9344086021505377 0.380019120458891 0.03763440860215054 0.17686424474187382
0 0.8830645161290323 0.3575525812619503 0.04032258064516129 0.13575525812619502
0 0.9201612903225806 0.3513384321223709 0.03387096774193549 0.12332695984703633
0 0.9905913978494624 0.372848948374761 0.01881720430107527 0.16634799235181644
0 0.9838709677419355 0.3178776290630975 0.03225806451612903 0.05640535372848948
0 0.9524193548387097 0.31692160611854686 0.03064516129032258 0.05449330783938815
0 0.9362903225806452 0.30975143403441685 0.03064516129032258 0.040152963671128104