0 0.4622282608695652 0.9163442940038685 0.058152173913043476 0.16731141199226304
0 0.03777173913043478 0.7927949709864603 0.051630434782608696 0.21518375241779497
0 0.06494565217391304 0.6803675048355899 0.04891304347826087 0.22727272727272727
0 0.3671195652173913 0.5512572533849129 0.045108695652173916 0.06382978723404255
0 0.4201086956521739 0.5768858800773694 0.04782608695652174 0.11508704061895551
0 0.41141304347826085 0.8471953578336557 0.04076086956521739 0.22243713733075435
0 0.2684782608695652 0.5391682785299806 0.043478260869565216 0.039651837524177946
0 0.346875 0.7637814313346228 0.058423913043478264 0.22969052224371372
0 0.26059782608695653 0.7081721470019342 0.057065217391304345 0.2200193423597679
0 0.19320652173913044 0.6382978723404256 0.050543478260869565 0.2379110251450677
0 0.5396739130434782 0.6610251450676983 0.020652173913043477 0.22727272727272727
0 0.3907608695652174 0.8762088974854932 0.05434782608695652 0.24758220502901354
0 0.7809782608695652 0.8215667311411993 0.050815217391304346 0.25435203094777564