0 0.7898181818181818 0.623879781420765 0.06258181818181811 0.24311475409836064
0 0.7126181818181818 0.6086885245901639 0.048836363636363664 0.25404371584699453
0 0.6607636363636364 0.5941530054644808 0.05985454545454538 0.3350273224043715
0 0.6075636363636364 0.5773224043715848 0.024000000000000084 0.14191256830601093
0 0.4282909090909091 0.5949726775956284 0.054945454545454596 0.2913114754098361
0 0.3671272727272727 0.6216939890710382 0.05221818181818177 0.2832240437158471
0 0.49818181818181817 0.6285792349726776 0.033127272727272776 0.24032786885245905
0 0.5561090909090909 0.5967759562841529 0.030436363636363654 0.22934426229508195
0 0.5731999999999999 0.5520218579234972 0.015054545454545406 0.12775956284153003
0 0.5289090909090909 0.6099453551912568 0.025600000000000074 0.21923497267759565
0 0.4789090909090909 0.5 0.031272727272727306 0.060109289617486336
0 0.19592727272727273 0.6145901639344262 0.041127272727272735 0.24879781420765035
0 0.2661090909090909 0.5902732240437158 0.03872727272727275 0.18404371584699458
0 0.33087272727272726 0.560327868852459 0.014763636363636371 0.09169398907103826
0 0.14796363636363635 0.6119672131147541 0.04218181818181816 0.23142076502732237