0 0.402834008097166 0.30675675675675673 0.05668016194331984 0.3608108108108108
0 0.3674089068825911 0.23243243243243245 0.03744939271255061 0.18513513513513513
0 0.34615384615384615 0.17297297297297298 0.027327935222672066 0.0891891891891892
0 0.31781376518218624 0.39594594594594595 0.04757085020242915 0.5972972972972973
0 0.20040485829959515 0.422972972972973 0.057692307692307696 0.5716216216216217
0 0.1902834008097166 0.12162162162162163 0.032388663967611336 0.06351351351351352
0 0.12246963562753037 0.33378378378378376 0.03744939271255061 0.49324324324324326
0 0.011133603238866396 0.3675675675675676 0.02125506072874494 0.65
0 0.044534412955465584 0.23513513513513515 0.03643724696356275 0.3202702702702703
0 0.07894736842105263 0.11351351351351352 0.02125506072874494 0.07297297297297298
0 0.09412955465587045 0.15945945945945947 0.029352226720647773 0.16756756756756758
0 0.22975708502024292 0.15135135135135136 0.025303643724696356 0.09054054054054055
0 0.25101214574898784 0.15675675675675677 0.011133603238866396 0.06486486486486487
0 0.26214574898785425 0.35 0.0597165991902834 0.4608108108108108
0 0.44129554655870445 0.15135135135135136 0.011133603238866396 0.06756756756756757
0 0.5799595141700404 0.8648648648648649 0.2408906882591093 0.2702702702702703