0 0.2189 0.663452380952381 0.09353333333333334 0.6075595238095238
0 0.3222333333333333 0.6517261904761904 0.08553333333333332 0.6803571428571428
0 0.45563333333333333 0.3385714285714286 0.03953333333333338 0.12208333333333336
0 0.48736666666666667 0.6386904761904761 0.0901666666666667 0.7133333333333334
0 0.6472666666666667 0.47261904761904766 0.0898666666666666 0.40255952380952376
0 0.7229 0.30529761904761904 0.04430000000000007 0.12946428571428573
0 0.7513333333333333 0.6566666666666666 0.0901666666666667 0.6433333333333332
0 0.9176666666666667 0.6356547619047619 0.0846999999999999 0.7286309523809523
0 0.8305 0.4050595238095238 0.03140000000000005 0.22232142857142853
0 0.7724666666666667 0.33648809523809525 0.03873333333333335 0.12619047619047616
0 0.8005 0.3555952380952381 0.015533333333333416 0.06172619047619046