0 0.09682539682539683 0.18386243386243387 0.08015873015873017 0.2037037037037037
0 0.024603174603174603 0.18915343915343916 0.049206349206349205 0.17592592592592593
0 0.1984126984126984 0.18915343915343916 0.05317460317460317 0.1693121693121693
0 0.22777777777777777 0.18121693121693122 0.02857142857142857 0.0992063492063492
0 0.3103174603174603 0.167989417989418 0.04285714285714286 0.13227513227513227
0 0.3484126984126984 0.18915343915343916 0.04206349206349207 0.15079365079365079
0 0.4158730158730159 0.29894179894179895 0.0873015873015873 0.3505291005291005
0 0.4126984126984127 0.11772486772486772 0.023015873015873017 0.02513227513227513
0 0.4246031746031746 0.11772486772486772 0.023015873015873017 0.031746031746031744
0 0.46746031746031746 0.1164021164021164 0.04365079365079365 0.042328042328042326
0 0.4658730158730159 0.2222222222222222 0.05793650793650794 0.1746031746031746
0 0.55 0.20105820105820105 0.04523809523809524 0.16137566137566137
0 0.6079365079365079 0.0992063492063492 0.03650793650793651 0.03968253968253968
0 0.5896825396825397 0.15608465608465608 0.03253968253968254 0.10052910052910052
0 0.6317460317460317 0.1574074074074074 0.05317460317460317 0.082010582010582
0 0.6492063492063492 0.3082010582010582 0.1007936507936508 0.28174603174603174
0 0.43253968253968256 0.082010582010582 0.01507936507936508 0.03968253968253968
0 0.523015873015873 0.0873015873015873 0.016666666666666666 0.04365079365079365
0 0.5023809523809524 0.082010582010582 0.013492063492063493 0.04497354497354497
0 0.46984126984126984 0.08068783068783068 0.01746031746031746 0.027777777777777776
0 0.4873015873015873 0.082010582010582 0.009523809523809525 0.031746031746031744
0 0.7436507936507937 0.23941798941798942 0.0873015873015873 0.47883597883597884
0 0.9587301587301588 0.7275132275132276 0.08253968253968254 0.30158730158730157