0 0.2551440329218107 0.34065934065934067 0.029835390946502057 0.1510989010989011
0 0.4012345679012346 0.35302197802197804 0.03292181069958848 0.17582417582417584
0 0.4495884773662551 0.3324175824175824 0.0257201646090535 0.14148351648351648
0 0.36419753086419754 0.34203296703296704 0.026748971193415638 0.1565934065934066
0 0.32510288065843623 0.32554945054945056 0.01646090534979424 0.09478021978021978
0 0.31378600823045266 0.30357142857142855 0.0102880658436214 0.054945054945054944
0 0.5483539094650206 0.7967032967032966 0.059670781893004114 0.24725274725274726
0 0.33641975308641975 0.8118131868131868 0.09670781893004116 0.3543956043956044
0 0.2664609053497942 0.853021978021978 0.10082304526748971 0.2774725274725275
0 0.2839506172839506 0.7005494505494505 0.04938271604938271 0.13186813186813187
0 0.147119341563786 0.7184065934065934 0.026748971193415638 0.2774725274725275
0 0.6820987654320988 0.5631868131868132 0.059670781893004114 0.08241758241758242
0 0.602880658436214 0.7637362637362637 0.04938271604938271 0.4725274725274725