0 0.0925531914893617 0.3131720430107527 0.047872340425531915 0.30913978494623656
0 0.14361702127659576 0.30510752688172044 0.04468085106382979 0.3467741935483871
0 0.21382978723404256 0.1478494623655914 0.02021276595744681 0.06182795698924731
0 0.22872340425531915 0.29838709677419356 0.045744680851063826 0.3602150537634409
0 0.31063829787234043 0.2163978494623656 0.045744680851063826 0.20430107526881722
0 0.35 0.13172043010752688 0.022340425531914895 0.06586021505376344
0 0.3638297872340426 0.31048387096774194 0.045744680851063826 0.3279569892473118
0 0.44680851063829785 0.29435483870967744 0.0425531914893617 0.3682795698924731
0 0.40425531914893614 0.1814516129032258 0.015957446808510637 0.11290322580645161
0 0.37446808510638296 0.14650537634408603 0.02021276595744681 0.06451612903225806
0 0.3893617021276596 0.15725806451612903 0.007446808510638298 0.030913978494623656
0 0.6776595744680851 0.956989247311828 0.07021276595744681 0.08602150537634409
0 0.5893617021276596 0.8870967741935484 0.08936170212765958 0.22580645161290322