0 0.22156398104265404 0.43047752808988765 0.02527646129541864 0.1931179775280899
0 0.34360189573459715 0.4473314606741573 0.027251184834123223 0.22401685393258428
0 0.38388625592417064 0.4199438202247191 0.02132701421800948 0.18047752808988765
0 0.31240126382306477 0.4332865168539326 0.022511848341232227 0.199438202247191
0 0.28001579778830965 0.4122191011235955 0.014218009478672985 0.12148876404494383
0 0.2705371248025277 0.3827247191011236 0.008293838862559242 0.0702247191011236
0 0.4324644549763033 0.7605337078651685 0.03712480252764613 0.13904494382022473
0 0.24447077409162718 0.7851123595505618 0.03238546603475513 0.1601123595505618
0 0.39968404423380727 0.7549157303370787 0.026856240126382307 0.14185393258426968
0 0.4537914691943128 0.6832865168539326 0.016587677725118485 0.026685393258426966
0 0.17061611374407584 0.7830056179775281 0.02527646129541864 0.09691011235955056
0 0.47472353870458134 0.6804775280898876 0.017377567140600316 0.021067415730337078
0 0.4032385466034755 0.6762640449438202 0.02132701421800948 0.012640449438202247