0 0.8705633802816902 0.42531073446327683 0.12246478873239428 0.4857062146892655
0 0.7950352112676056 0.32401129943502827 0.07940140845070427 0.24960451977401127
0 0.7497887323943662 0.24468926553672318 0.05929577464788723 0.12028248587570617
0 0.6895422535211269 0.5450282485875706 0.10257042253521124 0.8055367231638417
0 0.43609154929577465 0.5816949152542372 0.12309859154929575 0.7691525423728813
0 0.4154929577464789 0.17457627118644067 0.07042253521126761 0.08632768361581922
0 0.26954225352112676 0.46152542372881356 0.08052816901408452 0.6644632768361582
0 0.0277112676056338 0.5086440677966102 0.054894366197183096 0.8783615819209037
0 0.10362676056338029 0.32887005649717516 0.07838028169014086 0.4308474576271187
0 0.1771830985915493 0.1649717514124294 0.04605633802816901 0.09887005649717516
0 0.20926056338028168 0.22542372881355932 0.06193661971830985 0.22570621468926555
0 0.49961267605633797 0.21581920903954804 0.05450704225352119 0.12107344632768363
0 0.5465492957746478 0.22231638418079097 0.02323943661971839 0.08802259887005649
0 0.5702816901408451 0.4820338983050847 0.12859154929577457 0.6201129943502824
0 0.9535211267605634 0.21559322033898304 0.023380281690140798 0.09135593220338983