0 0.6018666666666667 0.8125595238095238 0.04693333333333328 0.21869047619047624
0 0.6608333333333334 0.7649404761904761 0.043033333333333416 0.19898809523809527
0 0.7587666666666667 0.7657738095238096 0.029566666666666682 0.16779761904761903
0 0.7674 0.5501785714285715 0.02660000000000006 0.12255952380952383
0 0.3462 0.7091071428571428 0.041333333333333354 0.1529761904761904
0 0.2917 0.6489285714285714 0.028899999999999957 0.15172619047619054
0 0.8807666666666667 0.4777380952380953 0.025166666666666514 0.09666666666666672
0 0.8504 0.46869047619047616 0.021500000000000057 0.0983333333333334
0 0.8311000000000001 0.4627380952380952 0.0226333333333334 0.08726190476190473
0 0.8999333333333334 0.414702380952381 0.021233333333333347 0.08476190476190477
0 0.9320333333333334 0.6023214285714286 0.024966666666666696 0.14309523809523805
0 0.7744 0.4085714285714286 0.02193333333333328 0.0938095238095238
0 0.8345333333333333 0.3775595238095238 0.02103333333333334 0.0605357142857143
0 0.7693666666666666 0.3130952380952381 0.011800000000000067 0.07119047619047615
0 0.7441666666666666 0.2908928571428571 0.014333333333333372 0.0432738095238095
0 0.8280000000000001 0.30220238095238094 0.014133333333333364 0.05351190476190473
0 0.8116666666666666 0.29214285714285715 0.013666666666666742 0.053928571428571444
0 0.7466999999999999 0.24250000000000002 0.014799999999999992 0.04488095238095242
0 0.732 0.20285714285714285 0.022133333333333286 0.03541666666666669
0 0.7254333333333333 0.15172619047619046 0.011333333333333258 0.03583333333333335
0 0.7362333333333333 0.15791666666666668 0.008433333333333242 0.02351190476190478
0 0.7853333333333333 0.23363095238095238 0.01830000000000003 0.03952380952380953
0 0.8094666666666667 0.2966666666666667 0.016899999999999978 0.07119047619047623
0 0.8259000000000001 0.2944047619047619 0.022200000000000084 0.06255952380952384
0 0.0082 0.6325000000000001 0.0164 0.06964285714285708
0 0.05993333333333333 0.6480952380952381 0.02513333333333333 0.08440476190476194
0 0.0967 0.7029166666666666 0.04843333333333333 0.14886904761904757
0 0.1374 0.5974404761904762 0.017600000000000005 0.1102380952380953
0 0.1711 0.5828571428571429 0.03530000000000001 0.10988095238095243
0 0.17626666666666668 0.5391071428571428 0.025400000000000016 0.049464285714285725
0 0.11213333333333333 0.5545238095238095 0.025633333333333327 0.04500000000000001
0 0.22790000000000002 0.36934523809523806 0.027466666666666698 0.09339285714285712
0 0.15913333333333335 0.38535714285714284 0.022399999999999996 0.05148809523809527
0 0.9813333333333333 0.42250000000000004 0.022133333333333286 0.05601190476190474
0 0.9314333333333333 0.3173809523809524 0.02536666666666671 0.05601190476190474
0 0.8319 0.17720238095238094 0.01943333333333328 0.05386904761904764
0 0.8686666666666667 0.22238095238095237 0.01943333333333347 0.052261904761904766
0 0.7635000000000001 0.19053571428571428 0.02060000000000002 0.027202380952380974
0 0.7824666666666666 0.16053571428571428 0.02173333333333327 0.024761904761904742
0 0.3679 0.2592857142857143 0.018666666666666647 0.053928571428571444
0 0.35113333333333335 0.2555952380952381 0.007533333333333303 0.038333333333333316
0 0.2922666666666667 0.23898809523809522 0.016366666666666654 0.04011904761904759
0 0.25189999999999996 0.2280952380952381 0.009099999999999966 0.024345238095238114
0 0.30433333333333334 0.2194642857142857 0.01476666666666669 0.03172619047619046
0 0.30846666666666667 0.19380952380952382 0.024899999999999995 0.03380952380952383
0 0.22513333333333335 0.28458333333333335 0.02376666666666665 0.04285714285714287
0 0.9825 0.5575595238095238 0.02626666666666665 0.08809523809523816