0 0.522274325908558 0.29436325678496866 0.10082063305978899 0.17588726513569938
0 0.7848769050410317 0.2755741127348643 0.05275498241500586 0.14457202505219208
0 0.7502930832356389 0.23903966597077245 0.041617819460726846 0.0767223382045929
0 0.7160023446658851 0.24112734864300625 0.043083235638921455 0.0662839248434238
0 0.6928487690504103 0.24321503131524008 0.022274325908558032 0.05897703549060543
0 0.6104923798358733 0.2395615866388309 0.0369284876905041 0.0662839248434238
0 0.5735638921453693 0.23329853862212943 0.04630715123094959 0.06471816283924843
0 0.6521101992966002 0.2677453027139875 0.05275498241500586 0.1315240083507307
0 0.04865181711606096 0.9164926931106472 0.05275498241500586 0.16701461377870563
0 0.11283704572098475 0.5109603340292276 0.05451348182883939 0.06367432150313153
0 0.25908558030480655 0.9462421711899791 0.059788980070339975 0.10751565762004175
0 0.19621922626025792 0.8460334029227558 0.05715123094958968 0.25052192066805845
0 0.07898593200468933 0.6124739039665971 0.04835873388042204 0.19050104384133612
0 0.2672919109026964 0.7296450939457203 0.044548651817116064 0.18997912317327767
0 0.2227432590855803 0.5396659707724426 0.04806565064478312 0.12108559498956159
0 0.2608440797186401 0.5334029227557411 0.04572098475967175 0.10855949895615867
0 0.28077373974208675 0.541231732776618 0.017584994138335287 0.12421711899791232
0 0.4079718640093787 0.8470772442588727 0.23681125439624853 0.3058455114822547