0 0.4064864864864865 0.26634615384615384 0.12756756756756757 0.34615384615384615
0 0.8527027027027027 0.2875 0.18027027027027026 0.3038461538461538
0 0.8021621621621622 0.22403846153846155 0.22756756756756757 0.4307692307692308
0 0.7027027027027027 0.2875 0.1445945945945946 0.3038461538461538
0 0.5464864864864865 0.9100961538461538 0.046486486486486484 0.1798076923076923
0 0.5218918918918919 0.8158653846153846 0.04864864864864865 0.22596153846153846
0 0.17189189189189188 0.5225961538461539 0.051351351351351354 0.12980769230769232
0 0.30675675675675673 0.5192307692307693 0.04054054054054054 0.1596153846153846
0 0.2772972972972973 0.5144230769230769 0.04864864864864865 0.15
0 0.24054054054054055 0.5048076923076923 0.04864864864864865 0.13076923076923078
0 0.23675675675675675 0.6524038461538462 0.051351351351351354 0.20673076923076922
0 0.21986486486486487 0.5911057692307692 0.0445945945945946 0.17067307692307693
0 0.022972972972972974 0.6495192307692308 0.04594594594594595 0.1971153846153846
0 0.014324324324324324 0.5144230769230769 0.028648648648648647 0.15
0 0.04675675675675676 0.49278846153846156 0.03405405405405405 0.10673076923076923
0 0.34459459459459457 0.9427884615384615 0.062162162162162166 0.11442307692307692
0 0.19324324324324324 0.9115384615384615 0.051351351351351354 0.17692307692307693
0 0.2602702702702703 0.975 0.06108108108108108 0.05
0 0.43945945945945947 0.5466346153846153 0.051351351351351354 0.1778846153846154
0 0.3631081081081081 0.5875 0.0472972972972973 0.21153846153846154
0 0.7418918918918919 0.8149038461538461 0.09351351351351352 0.3701923076923077
0 0.5816216216216217 0.5663461538461538 0.023783783783783784 0.25384615384615383
0 0.8516216216216216 0.8735576923076923 0.09243243243243243 0.2528846153846154
0 0.9635135135135136 0.8317307692307693 0.07297297297297298 0.33653846153846156
0 0.6294594594594595 0.5331730769230769 0.06108108108108108 0.1875
0 0.6737837837837838 0.5163461538461539 0.047027027027027025 0.15384615384615385
0 0.7835135135135135 0.5341346153846154 0.06648648648648649 0.18942307692307692
0 0.8040540540540541 0.8264423076923076 0.08486486486486486 0.3471153846153846
0 0.9416216216216217 0.8274038461538461 0.07135135135135136 0.3451923076923077
0 0.7235135135135136 0.5629807692307692 0.06324324324324325 0.24711538461538463
0 0.8416216216216216 0.49038461538461536 0.06918918918918919 0.10192307692307692
0 0.9627027027027028 0.4932692307692308 0.032432432432432434 0.1076923076923077
0 0.8770270270270271 0.6177884615384616 0.05675675675675676 0.35673076923076924
0 0.9381837837837839 0.6014423076923077 0.06555675675675686 0.17211538461538461
0 0.9805405405405405 0.48221153846153847 0.024864864864864864 0.08557692307692308