0 0.7938218390804598 0.578125 0.05603448275862069 0.10267857142857142
0 0.5086206896551724 0.46651785714285715 0.08908045977011494 0.19196428571428573
0 0.6271551724137931 0.43080357142857145 0.05316091954022988 0.17857142857142858
0 0.6745689655172413 0.4419642857142857 0.05890804597701149 0.19196428571428573
0 0.7363505747126436 0.4486607142857143 0.04454022988505747 0.16517857142857142
0 0.8283045977011494 0.44419642857142855 0.05316091954022988 0.18303571428571427
0 0.43462643678160917 0.5658482142857143 0.010057471264367816 0.12723214285714285
0 0.3089080459770115 0.8147321428571429 0.2413793103448276 0.3705357142857143
0 0.5531609195402298 0.8147321428571429 0.13793103448275862 0.3705357142857143
0 0.8067528735632183 0.8147321428571429 0.1336206896551724 0.3705357142857143
0 0.9267241379310345 0.8147321428571429 0.13218390804597702 0.3705357142857143
0 0.6810344827586207 0.8147321428571429 0.13505747126436782 0.3705357142857143
0 0.9755747126436781 0.8102678571428571 0.04885057471264368 0.36160714285714285