0 0.11091954022988505 0.08333333333333333 0.14367816091954022 0.16666666666666666
0 0.7350574712643678 0.5615530303030303 0.09080459770114943 0.03598484848484849
0 0.501 0.33785984848484846 0.10527586206896555 0.20481060606060603
0 0.5817241379310345 0.35541666666666666 0.10267816091954021 0.25939393939393934
0 0.15517241379310345 0.7897727272727273 0.3103448275862069 0.42045454545454547
0 0.04655172413793104 0.7083333333333334 0.05862068965517241 0.20833333333333334
0 0.6942528735632184 0.7897727272727273 0.11264367816091954 0.42045454545454547
0 0.8454022988505747 0.7897727272727273 0.07241379310344828 0.42045454545454547
0 0.45229885057471264 0.7897727272727273 0.06551724137931035 0.42045454545454547
0 0.7718390804597701 0.7897727272727273 0.14367816091954022 0.42045454545454547
0 0.5028735632183908 0.7897727272727273 0.16206896551724137 0.42045454545454547
0 0.9 0.7897727272727273 0.12643678160919541 0.42045454545454547
0 0.6275862068965518 0.7897727272727273 0.13333333333333333 0.42045454545454547