0 0.06005586592178771 0.9537773359840954 0.05307262569832402 0.09244532803180915
0 0.08770949720670392 0.893141153081511 0.05027932960893855 0.21371769383697814
0 0.3097765363128492 0.614314115308151 0.04189944134078212 0.12922465208747516
0 0.3407821229050279 0.6093439363817097 0.05027932960893855 0.11928429423459244
0 0.3782122905027933 0.5994035785288271 0.05027932960893855 0.09940357852882704
0 0.2520949720670391 0.6669980119284294 0.04888268156424581 0.21868787276341947
0 0.38966480446927376 0.6754473161033797 0.03966480446927374 0.2355864811133201
0 0.39189944134078214 0.7450298210735586 0.03519553072625698 0.2355864811133201
0 0.018715083798882683 0.5934393638170974 0.037430167597765365 0.0874751491053678
0 0.16256983240223463 0.6192842942345924 0.05139664804469274 0.13916500994035785
0 0.2846368715083799 0.9577534791252486 0.06424581005586592 0.08449304174950298
0 0.7181564245810056 0.7952286282306164 0.22988826815642457 0.34393638170974156