0 0.008688870151770663 0.09015695067264573 0.011290050590219213 0.02336322869955154
0 0.038583473861720056 0.09167600896860988 0.012209106239460386 0.017432735426008983
0 0.008010118043844857 0.11154708520179372 0.016020236087689713 0.030269058295964126
0 0.12834317032040474 0.12646860986547084 0.01987352445193924 0.026479820627802696
0 0.008431703204047217 0.1429372197309417 0.016863406408094434 0.034753363228699555
0 0.2329806070826307 0.18676569506726456 0.026450252951096126 0.05290358744394619
0 0.18695193929173695 0.2327130044843049 0.0645446880269814 0.12013452914798203
0 0.7904721753794266 0.24159192825112108 0.09991568296795952 0.09585201793721973
0 0.062225969645868476 0.7794058295964126 0.04485666104553124 0.2438677130044843
0 0.10286677908937605 0.437219730941704 0.02023608768971332 0.09641255605381166
0 0.01433389544688027 0.7825112107623319 0.02866779089376054 0.24439461883408073
0 0.03506745362563236 0.7142825112107624 0.04104553119730181 0.22804932735426003
0 0.6235244519392917 0.5526233183856502 0.036483979763912294 0.1552578475336323