0 0.3919565217391304 0.1681159420289855 0.013260869565217392 0.024927536231884057
0 0.35684782608695653 0.16971014492753622 0.014347826086956521 0.01855072463768116
0 0.4143478260869565 0.17333333333333334 0.014456521739130436 0.023478260869565216
0 0.39510869565217394 0.19144927536231884 0.02358695652173913 0.03318840579710145
0 0.2514130434782609 0.20681159420289855 0.023369565217391305 0.02826086956521739
0 0.39445652173913043 0.2244927536231884 0.024130434782608696 0.03710144927536232
0 0.4375 0.2381159420289855 0.029130434782608697 0.05246376811594203
0 0.1284782608695652 0.271304347826087 0.03108695652173913 0.05652173913043478
0 0.1825 0.32028985507246377 0.0758695652173913 0.1282608695652174
0 0.4840217391304348 0.8501449275362318 0.028478260869565217 0.09913043478260869
0 0.4259782608695652 0.8708695652173913 0.029347826086956522 0.10927536231884058
0 0.4355434782608696 0.8518840579710145 0.023478260869565216 0.11130434782608696
0 0.2846739130434783 0.6652173913043479 0.024130434782608696 0.06115942028985507
0 0.3373913043478261 0.6652173913043479 0.024130434782608696 0.06811594202898551
0 0.3657608695652174 0.662463768115942 0.015869565217391305 0.057971014492753624
0 0.41880434782608694 0.6117391304347826 0.02 0.050144927536231884
0 0.11543478260869565 0.6769565217391305 0.025 0.06231884057971015
0 0.2554347826086957 0.6328985507246376 0.014130434782608696 0.034492753623188405