0 0.2835648148148148 0.22890946502057613 0.1574074074074074 0.29475308641975306
0 0.5920138888888888 0.29012345679012347 0.03587962962962963 0.4609053497942387
0 0.9777199074074074 0.1728395061728395 0.04456018518518518 0.2139917695473251
0 0.9557291666666666 0.06635802469135803 0.043402777777777776 0.13271604938271606
0 0.9849537037037037 0.05246913580246913 0.03009259259259259 0.10493827160493827
0 0.9892939814814815 0.026748971193415638 0.02141203703703704 0.053497942386831275
0 0.8117766203703703 0.29012345679012347 0.053530092592592594 0.2366255144032922
0 0.8407118055555556 0.4174382716049383 0.05931712962962963 0.25977366255144035
0 0.7233796296296297 0.543724279835391 0.07060185185185185 0.07098765432098765
0 0.6258680555555556 0.11265432098765432 0.031828703703703706 0.2109053497942387
0 0.7942708333333334 0.8307613168724279 0.0763888888888889 0.1507201646090535
0 0.8628472222222222 0.7669753086419753 0.08188657407407407 0.19290123456790123
0 0.9120370370370371 0.8266460905349794 0.05613425925925926 0.15329218106995884
0 0.9563078703703703 0.8281893004115226 0.08738425925925926 0.18621399176954734