0 0.9300265721877768 0.5494712990936556 0.0354295837023915 0.05966767371601209
0 0.9935783879539415 0.5037764350453172 0.012843224092116917 0.06646525679758308
0 0.554251550044287 0.5445619335347432 0.027900797165633304 0.06948640483383686
0 0.9422054915854738 0.3957703927492447 0.022586359610274578 0.09365558912386707
0 0.9727635075287865 0.03965256797583082 0.011071744906997343 0.0702416918429003
0 0.3983613817537644 0.1148036253776435 0.009300265721877768 0.061933534743202415
0 0.9056687333923826 0.32439577039274925 0.015057573073516387 0.07477341389728097
0 0.8308237378210807 0.290785498489426 0.015057573073516387 0.07099697885196375
0 0.8591674047829938 0.16540785498489427 0.010628875110717449 0.054380664652567974
0 0.9534986713906112 0.44448640483383683 0.01771479185119575 0.09138972809667674
0 0.6908768821966342 0.31910876132930516 0.02037201062887511 0.06268882175226587
0 0.43888396811337466 0.09705438066465256 0.010628875110717449 0.06722054380664652
0 0.9448627103631533 0.5052870090634441 0.020814880425155006 0.08610271903323263
0 0.45947741364038974 0.1283987915407855 0.009300265721877768 0.07099697885196375
0 0.7949512843224092 0.1559667673716012 0.011514614703277236 0.05664652567975831
0 0.9918069087688219 0.5453172205438066 0.016386182462356066 0.06797583081570997
0 0.6972984942426926 0.13066465256797583 0.011071744906997343 0.07250755287009064
0 0.6133746678476528 0.16200906344410876 0.0141718334809566 0.05362537764350453
0 0.3757750221434898 0.19561933534743203 0.012843224092116917 0.07250755287009064
0 0.7087023914969 0.09914652567975829 0.009521700620017715 0.04340634441087615
0 0.7296279893711249 0.15068731117824774 0.011514614703277236 0.0649546827794562
0 0.3538529672276351 0.1283987915407855 0.007971656333038087 0.06042296072507553
0 0.5975465013286094 0.16712235649546828 0.014393268379096545 0.045687311178247744
0 0.8263950398582817 0.16691842900302115 0.010628875110717449 0.0634441087613293
0 0.8405713020372011 0.30363293051359513 0.012404782993799717 0.052854984894259834
0 0.7464570416297609 0.10007552870090634 0.009300265721877768 0.06117824773413897
0 0.7759078830823738 0.2911631419939577 0.011514614703277236 0.07477341389728097
0 0.5095217006200177 0.10913897280966767 0.011071744906997343 0.05664652567975831
0 0.47785651018600533 0.08799093655589124 0.00974313551815766 0.06419939577039276
0 0.9205048715677591 0.28172205438066467 0.011957484499557131 0.07854984894259819
0 0.8135518157661648 0.17258308157099697 0.00974313551815766 0.06419939577039276
0 0.79140832595217 0.2964501510574018 0.0141718334809566 0.07175226586102719
0 0.674933569530558 0.09969788519637462 0.00974313551815766 0.045317220543806644
0 0.8996855624446413 0.30171450151057405 0.013728963684676704 0.0770392749244713
0 0.9348981399468557 0.5237915407854985 0.02037201062887511 0.07477341389728097
0 0.38928255093002656 0.11442598187311179 0.00974313551815766 0.05966767371601209
0 0.38972542072630645 0.19070996978851965 0.010628875110717449 0.07477341389728097
0 0.7189991142604074 0.28362537764350454 0.015943312666076175 0.06570996978851963
0 0.7351727192205492 0.24960725075528703 0.012400354295837024 0.06646525679758308
0 0.7125730735163862 0.24659365558912388 0.015943312666076175 0.06570996978851963
0 0.6851195748449955 0.1967522658610272 0.015943312666076175 0.05211480362537765
0 0.6995128432240921 0.2103474320241692 0.016386182462356066 0.05664652567975831
0 0.7858724534986714 0.3130664652567976 0.012843224092116917 0.08685800604229607
0 0.6693976970770593 0.24735649546827795 0.017271922054915855 0.06117824773413897
0 0.7535385296722763 0.17334592145015104 0.013286093888396812 0.05211480362537765
0 0.41651904340124 0.05891238670694864 0.00841452612931798 0.0513595166163142
0 0.9645704162976085 0.543429003021148 0.03454384410983171 0.07175226586102719
0 0.7559654561558902 0.2745619335347432 0.01550044286979628 0.06948640483383686
0 0.9805137289636847 0.5472054380664653 0.023029229406554472 0.06419939577039276
0 0.6758193091231178 0.18731117824773413 0.015057573073516387 0.04833836858006042
0 0.4530602302922941 0.060808157099697877 0.007528786536758193 0.04833836858006042
0 0.7965013286093888 0.2737915407854985 0.012843224092116917 0.0702416918429003
0 0.9798494242692648 0.04909365558912387 0.009300265721877768 0.0755287009063444
0 0.6496589902568644 0.15758308157099696 0.012134632418069127 0.023617824773413884
0 0.6637156775907883 0.1838444108761329 0.009707705934455302 0.02932024169184285
0 0.5266917626217892 0.1349093655589124 0.00917626217891931 0.028134441087613295
0 0.5397564216120461 0.1456797583081571 0.013166519043401248 0.03154078549848942
0 0.5476129317980514 0.07728851963746222 0.009853852967227635 0.03071752265861024
0 0.49889282550930025 0.07919184290030214 0.012519929140832588 0.028481873111782505
0 0.4850575730735164 0.07484894259818733 0.01096102745792737 0.03490181268882178
0 0.46690434012400356 0.07315709969788521 0.009180690876882204 0.04963746223564957
0 0.6058104517271923 0.1396525679758308 0.00949069973427805 0.03006042296072504
0 0.597400354295837 0.3411178247734139 0.01834366696191323 0.049297583081570985
0 0.6078033658104518 0.32599697885196377 0.014362267493356881 0.043240181268882176
0 0.6312976085031001 0.3110800604229607 0.016970770593445598 0.04663141993957705
0 0.6855225863596102 0.34581570996978855 0.02593445527015055 0.051570996978851945
0 0.7608237378210806 0.2332628398791541 0.016558901682905372 0.03601208459214506
0 0.7406775907883083 0.17399546827794563 0.01167847652790075 0.05947885196374622
0 0.751080602302923 0.15416163141993958 0.011244464127546646 0.054539274924471325
0 0.7368024800708591 0.10070996978851966 0.006142604074402078 0.03375377643504536
0 0.7096855624446413 0.06689577039274924 0.00811780336581042 0.03862537764350452
0 0.8495128432240922 0.28163897280966765 0.02075730735163857 0.08442598187311176
0 0.6555447298494242 0.229916918429003 0.01719663418954824 0.04291540785498485
0 0.6641718334809567 0.24406344410876132 0.020429583702391545 0.0451057401812689
0 0.59477856510186 0.1921299093655589 0.015606731620903357 0.038345921450151046
0 0.44643932683790966 0.3479833836858006 0.017236492471213494 0.04576283987915402
0 0.4624180690876883 0.36797583081571 0.022063773250664376 0.06483383685800598
0 0.00420726306465899 0.9146525679758308 0.00841452612931798 0.17069486404833836
0 0.03697962798937113 0.599320241691843 0.04118689105403012 0.04003021148036254
0 0.2754650132860939 0.6876888217522659 0.0420726306465899 0.10196374622356495
0 0.16474756421612047 0.6763595166163142 0.033215234720992026 0.14350453172205438
0 0.18910540301151463 0.6706948640483383 0.03985828166519043 0.13972809667673716
0 0.21899911426040744 0.6555891238670695 0.03985828166519043 0.13972809667673716
0 0.22232063773250665 0.7896525679758308 0.0420726306465899 0.1623867069486405
0 0.23616031886625333 0.7415030211480362 0.03653675819309123 0.13406344410876134
0 0.2575287865367582 0.9618580060422961 0.0420726306465899 0.07628398791540786
0 0.0562444641275465 0.706570996978852 0.0420726306465899 0.13972809667673716
0 0.11879982285208149 0.7386706948640483 0.0387511071744907 0.1661631419939577
0 0.437555358724535 0.8021148036253777 0.09211691762621789 0.2881419939577039
0 0.6118246235606731 0.8228851963746223 0.12599645704162976 0.3538519637462236
0 0.7677147918511957 0.8289274924471299 0.09654561558901682 0.33987915407854985
0 0.7887511071744907 0.783987915407855 0.08857395925597875 0.30702416918429004