0 0.2574685534591195 0.19972067039106145 0.08883647798742138 0.07681564245810056
0 0.8482704402515723 0.35963687150837986 0.2916666666666667 0.6606145251396648
0 0.16784591194968554 0.8687150837988827 0.06289308176100629 0.15223463687150837
0 0.1914308176100629 0.7674581005586593 0.04284591194968553 0.09008379888268156
0 0.23231132075471697 0.8163407821229051 0.08294025157232704 0.09008379888268156
0 0.05227987421383648 0.8009776536312849 0.04441823899371069 0.08310055865921788
0 0.1332547169811321 0.776536312849162 0.03891509433962264 0.0824022346368715
0 0.16391509433962265 0.74231843575419 0.03380503144654088 0.06005586592178771
0 0.10613207547169812 0.7772346368715084 0.0220125786163522 0.039804469273743016
0 0.5279088050314465 0.9329608938547486 0.10888364779874214 0.1180167597765363
0 0.3160377358490566 0.7458100558659218 0.03812893081761006 0.061452513966480445
0 0.36477987421383645 0.7667597765363129 0.02790880503144654 0.05377094972067039
0 0.33962264150943394 0.7604748603351955 0.030267295597484277 0.04748603351955307
0 0.300314465408805 0.7409217877094972 0.025550314465408806 0.04888268156424581