0 0.05565529622980251 0.18849840255591055 0.06283662477558348 0.3769968051118211
0 0.19210053859964094 0.1900958466453674 0.06283662477558348 0.3801916932907348
0 0.26148114901256736 0.21405750798722045 0.06924596050269298 0.33774760383386593
0 0.3245062836624776 0.26517571884984026 0.10323159784560143 0.3865814696485623
0 0.4784560143626571 0.2292332268370607 0.1059245960502693 0.4584664536741214
0 0.5269299820466786 0.2292332268370607 0.06463195691202872 0.4584664536741214
0 0.38061041292639136 0.2292332268370607 0.07899461400359066 0.4584664536741214
0 0.8819569120287253 0.2220447284345048 0.23608617594254938 0.44329073482428116
0 0.33662477558348297 0.6717252396166135 0.12746858168761221 0.426517571884984
0 0.018850987432675045 0.6789137380191693 0.03770197486535009 0.41533546325878595
0 0.7064631956912029 0.7292332268370607 0.29443447037701975 0.5415335463258786