0 0.35 0.17550143266475646 0.07580645161290323 0.22779369627507162
0 0.37943548387096776 0.17478510028653296 0.049193548387096775 0.22922636103151864
0 0.2254032258064516 0.16475644699140402 0.04758064516129032 0.2492836676217765
0 0.018951612903225806 0.1683381088825215 0.03790322580645161 0.24212034383954154
0 0.0939516129032258 0.167621776504298 0.05241935483870968 0.24355300859598855
0 0.14677419354838708 0.167621776504298 0.04032258064516129 0.24355300859598855
0 0.25725806451612904 0.17478510028653296 0.04838709677419355 0.22922636103151864
0 0.317741935483871 0.166189111747851 0.04032258064516129 0.24641833810888253
0 0.04879032258064516 0.15759312320916904 0.049193548387096775 0.2636103151862464
0 0.6870967741935484 0.1826647564469914 0.17580645161290323 0.2134670487106017
0 0.1219435483870968 0.5429942693409742 0.03074193548387088 0.203810888252149