0 0.4095022624434389 0.2661290322580645 0.1085972850678733 0.4838709677419355
0 0.1346153846153846 0.2903225806451613 0.10633484162895927 0.43548387096774194
0 0.12386877828054299 0.2711693548387097 0.0667420814479638 0.4737903225806452
0 0.4543552036199095 0.21810483870967742 0.04857466063348422 0.303608870967742
0 0.38044117647058817 0.7850201612903226 0.06704751131221717 0.2355040322580644
0 0.12651583710407238 0.7334879032258065 0.02436651583710403 0.08318548387096772
0 0.026730769230769225 0.7505846774193549 0.029739819004524846 0.17334677419354844
0 0.6097285067873304 0.7721774193548387 0.16063348416289594 0.45564516129032256
0 0.5989819004524887 0.7540322580645161 0.13914027149321267 0.49193548387096775
0 0.6809954751131222 0.7469758064516129 0.0746606334841629 0.4778225806451613
0 0.7319004524886877 0.7157258064516129 0.058823529411764705 0.3185483870967742
0 0.7777149321266968 0.7580645161290323 0.13687782805429866 0.4838709677419355
0 0.8110859728506787 0.8780241935483871 0.12895927601809956 0.2439516129032258
0 0.8851809954751131 0.6975806451612904 0.10067873303167421 0.3790322580645161
0 0.9536199095022625 0.7328629032258065 0.09276018099547512 0.4495967741935484
0 0.7777149321266968 0.5766129032258065 0.05995475113122172 0.13709677419354838
0 0.6606334841628959 0.5272177419354839 0.03619909502262444 0.038306451612903226