0 0.7308781869688386 0.2119257394587791 0.05004721435316336 0.10478288231592196
0 0.27136449480642116 0.591881686595343 0.023607176581680833 0.045940843297671494
0 0.3839707271010387 0.5755191944619258 0.020066100094428708 0.054436752674638135
0 0.18649669499527857 0.6003775959723097 0.0226628895184136 0.06544996853366897
0 0.008616619452313503 0.6461611076148521 0.017233238904627007 0.08464443045940843
0 0.7037299338999056 0.9196035242290749 0.0339943342776204 0.09723096286972939
0 0.6474268177525968 0.9222781623662681 0.032459867799811144 0.09911894273127753
0 0.622639282341832 0.9269981120201385 0.02927289896128423 0.1159534298300818
0 0.5555949008498584 0.9298300818124606 0.05252596789423985 0.14033983637507866
0 0.5224268177525968 0.9326620516047829 0.05087346553352219 0.13467589679043424
0 0.47839943342776203 0.9288860918816866 0.037063267233238904 0.12728130899937068