0 0.26346153846153847 0.27517578125 0.07742857142857147 0.25628906250000005
0 0.3546703296703297 0.955078125 0.0521978021978022 0.08984375
0 0.3269230769230769 0.8955078125 0.04945054945054945 0.208984375
0 0.02197802197802198 0.689453125 0.04395604395604396 0.236328125
0 0.024175824175824177 0.568359375 0.045054945054945054 0.1171875
0 0.12115384615384615 0.694580078125 0.04395604395604396 0.17822265625
0 0.07857142857142857 0.68115234375 0.038461538461538464 0.1953125
0 0.12857142857142856 0.53564453125 0.04285714285714286 0.0517578125
0 0.09835164835164835 0.54296875 0.03956043956043956 0.06640625
0 0.210989010989011 0.88818359375 0.05384615384615385 0.2236328125
0 0.3739010989010989 0.57080078125 0.046703296703296704 0.1220703125
0 0.18076923076923077 0.57470703125 0.03736263736263736 0.1298828125
0 0.14725274725274726 0.869140625 0.04945054945054945 0.2197265625
0 0.04065934065934066 0.9013671875 0.04835164835164835 0.197265625
0 0.6931318681318681 0.82666015625 0.07335164835164835 0.318359375
0 0.7384615384615385 0.80810546875 0.0771978021978022 0.31982421875