0 0.7335245901639345 0.21973760932944608 0.06900000000000005 0.2054081632653061
0 0.8204918032786885 0.37317784256559766 0.05737704918032787 0.0728862973760933
0 0.8970819672131148 0.11584548104956269 0.05959016393442618 0.15730320699708458
0 0.34795081967213115 0.6384839650145773 0.060655737704918035 0.10932944606413994
0 0.21188524590163935 0.6574344023323615 0.06721311475409836 0.10276967930029154
0 0.1430327868852459 0.6698250728862973 0.07663934426229509 0.12682215743440234
0 0.28237704918032785 0.673469387755102 0.07377049180327869 0.13848396501457727
0 0.05778688524590164 0.7230320699708455 0.06926229508196721 0.23396501457725946
0 0.5225409836065574 0.7412536443148688 0.09262295081967213 0.3075801749271137
0 0.41270491803278686 0.7427113702623906 0.04836065573770492 0.25728862973760935
0 0.4610655737704918 0.7587463556851312 0.08483606557377049 0.28717201166180756
0 0.3704918032786885 0.7645772594752187 0.09631147540983606 0.2944606413994169
0 0.289344262295082 0.7645772594752187 0.07295081967213114 0.27113702623906705
0 0.20860655737704917 0.7755102040816326 0.07377049180327869 0.2594752186588921
0 0.13852459016393442 0.7864431486880467 0.0680327868852459 0.24125364431486881
0 0.07745901639344262 0.7879008746355685 0.06557377049180328 0.24271137026239067
0 0.9368852459016394 0.8389212827988338 0.12622950819672132 0.31924198250728864
0 0.8811475409836066 0.815597667638484 0.08032786885245902 0.21209912536443148
0 0.8594262295081967 0.8870262390670554 0.06434426229508197 0.22521865889212828
0 0.8377049180327869 0.8389212827988338 0.05860655737704918 0.16253644314868804
0 0.8049180327868852 0.8367346938775511 0.04344262295081967 0.14723032069970846
0 0.7073770491803278 0.8389212827988338 0.051639344262295085 0.1924198250728863
0 0.7491803278688525 0.8170553935860059 0.0569672131147541 0.16107871720116618
0 0.6028688524590164 0.8381924198250729 0.06598360655737705 0.3236151603498542
0 0.6561475409836065 0.858600583090379 0.11065573770491803 0.282798833819242
0 0.6754098360655738 0.8381924198250729 0.06311475409836066 0.19387755102040816