0 0.14708265802269044 0.16930835734870317 0.12560777957860617 0.33861671469740634
0 0.6649108589951378 0.23414985590778098 0.23905996758508913 0.20893371757925072
0 0.12763371150729336 0.8141210374639769 0.06361426256077796 0.3681556195965418
0 0.1705834683954619 0.4884726224783862 0.050243111831442464 0.29971181556195964
0 0.15113452188006482 0.4618155619596542 0.04659643435980551 0.24567723342939482
0 0.4266612641815235 0.5561959654178674 0.046191247974068074 0.30835734870317005
0 0.006482982171799027 0.4128242074927954 0.012965964343598054 0.1484149855907781
0 0.004862236628849271 0.5 0.009319286871961102 0.11959654178674352
0 0.21961102106969205 0.7665706051873199 0.06239870340356564 0.3472622478386167
0 0.2625607779578606 0.7672910662824207 0.06645056726094004 0.361671469740634
0 0.2653970826580227 0.7853025936599424 0.06239870340356564 0.33861671469740634
0 0.293354943273906 0.8270893371757925 0.05145867098865478 0.3451008645533141
0 0.32455429497568883 0.7528818443804035 0.04862236628849271 0.3285302593659942
0 0.3209076175040519 0.8342939481268011 0.044975688816855756 0.33069164265129686
0 0.8294165316045381 0.7536023054755043 0.34076175040518636 0.49279538904899134