0 0.03855932203389831 0.04682779456193353 0.038135593220338986 0.09365558912386707
0 0.7050847457627119 0.45317220543806647 0.2673728813559322 0.4108761329305136
0 0.6512711864406779 0.21299093655589124 0.1923728813559322 0.14577039274924472
0 0.8453389830508474 0.21601208459214502 0.2033898305084746 0.12915407854984895
0 0.5567796610169492 0.4637462235649547 0.23389830508474577 0.38972809667673713
0 0.8809322033898305 0.44939577039274925 0.23813559322033898 0.41842900302114805
0 0.20466101694915254 0.8383685800604229 0.26610169491525426 0.1216012084592145
0 0.3347457627118644 0.7031722054380665 0.13389830508474576 0.0891238670694864
0 0.18008474576271186 0.7031722054380665 0.14661016949152542 0.0891238670694864
0 0.42203389830508475 0.7031722054380665 0.03559322033898305 0.0891238670694864
0 0.06949152542372881 0.7167673716012085 0.11949152542372882 0.11555891238670694
0 0.7364406779661017 0.7651057401812689 0.1521186440677966 0.18353474320241692