0 0.18850267379679145 0.0380952380952381 0.05258467023172905 0.0761904761904762
0 0.4781639928698752 0.25476190476190474 0.04367201426024955 0.11904761904761904
0 0.5320855614973262 0.24761904761904763 0.03431372549019608 0.1246031746031746
0 0.5681818181818182 0.24047619047619048 0.04188948306595366 0.16428571428571428
0 0.6056149732620321 0.23174603174603176 0.01693404634581105 0.06984126984126984
0 0.7308377896613191 0.24047619047619048 0.03832442067736185 0.14285714285714285
0 0.7736185383244206 0.25396825396825395 0.036541889483065956 0.1388888888888889
0 0.6818181818181818 0.2571428571428571 0.023172905525846704 0.11746031746031746
0 0.6417112299465241 0.24126984126984127 0.0213903743315508 0.1126984126984127
0 0.6296791443850267 0.21984126984126984 0.0106951871657754 0.0626984126984127
0 0.660427807486631 0.24841269841269842 0.017825311942959002 0.10714285714285714
0 0.6956327985739751 0.19444444444444445 0.021836007130124777 0.029365079365079365
0 0.89349376114082 0.25 0.028966131907308377 0.12222222222222222
0 0.8444741532976827 0.23809523809523808 0.027183600713012478 0.09047619047619047
0 0.7990196078431373 0.22380952380952382 0.010249554367201427 0.04523809523809524
0 0.9269162210338681 0.2492063492063492 0.029411764705882353 0.11349206349206349
0 0.14260249554367202 0.7357142857142858 0.28520499108734404 0.5253968253968254
0 0.6947415329768271 0.7142857142857143 0.6105169340463458 0.5714285714285714