0 0.18354943273905996 0.04971181556195965 0.055915721231766614 0.0994236311239193
0 0.8622366288492707 0.276657060518732 0.15640194489465153 0.3256484149855908
0 0.6422204213938412 0.22334293948126802 0.10453808752025932 0.4322766570605187
0 0.8241491085899514 0.276657060518732 0.3512965964343598 0.3256484149855908
0 0.06239870340356564 0.8278097982708934 0.07090761750405186 0.2600864553314121
0 0.28565640194489467 0.8249279538904899 0.05753646677471637 0.2788184438040346
0 0.5279578606158833 0.8227665706051873 0.12358184764991896 0.2896253602305475
0 0.29497568881685576 0.6945244956772334 0.07576985413290113 0.12175792507204611
0 0.756482982171799 0.8076368876080692 0.007293354943273906 0.027377521613832854
0 0.7536466774716369 0.7737752161383286 0.008914100486223663 0.04106628242074928
0 0.8237439222042139 0.8328530259365994 0.008914100486223663 0.029538904899135448
0 0.8500810372771475 0.8638328530259366 0.011345218800648298 0.018731988472622477
0 0.8743922204213939 0.8602305475504323 0.006077795786061589 0.048270893371757925
0 0.8646677471636953 0.8688760806916427 0.013371150729335495 0.05979827089337176
0 0.8650729335494327 0.829250720461095 0.01094003241491086 0.021613832853025938
0 0.8573743922204214 0.8011527377521613 0.012965964343598054 0.027377521613832854
0 0.8772285251215559 0.7665706051873199 0.011345218800648298 0.021613832853025938
0 0.8922204213938412 0.7687319884726225 0.008914100486223663 0.023054755043227664
0 0.839546191247974 0.7435158501440923 0.006077795786061589 0.03962536023054755
0 0.8440032414910859 0.7348703170028819 0.006888168557536467 0.03386167146974063
0 0.8711507293354943 0.7046109510086456 0.009319286871961102 0.03962536023054755
0 0.8541329011345219 0.6952449567723343 0.008914100486223663 0.03674351585014409
0 0.8857374392220422 0.6851585014409222 0.007293354943273906 0.032420749279538905
0 0.9059967585089141 0.7046109510086456 0.006077795786061589 0.027377521613832854
0 0.9047811993517018 0.6894812680115274 0.00526742301458671 0.024495677233429394
0 0.9011345218800648 0.6858789625360231 0.006077795786061589 0.025936599423631124
0 0.9039708265802269 0.8155619596541787 0.012965964343598054 0.03818443804034582
0 0.830226904376013 0.7672910662824207 0.007293354943273906 0.018731988472622477
0 0.8241491085899514 0.765850144092219 0.00526742301458671 0.032420749279538905
0 0.8083468395461912 0.8249279538904899 0.008103727714748784 0.03962536023054755
0 0.7799837925445705 0.8335734870317003 0.01539708265802269 0.03386167146974063
0 0.7370340356564019 0.7190201729106628 0.004862236628849271 0.03818443804034582
0 0.7111021069692058 0.7276657060518732 0.00526742301458671 0.04106628242074928
0 0.6884116693679092 0.6938040345821326 0.004051863857374392 0.03962536023054755
0 0.6831442463533225 0.7089337175792507 0.004862236628849271 0.035302593659942365
0 0.850486223662885 0.8984149855907781 0.01094003241491086 0.048270893371757925
0 0.8051053484602917 0.7737752161383286 0.01094003241491086 0.04106628242074928
0 0.8152350081037277 0.7680115273775217 0.006888168557536467 0.035302593659942365
0 0.8184764991896273 0.7889048991354467 0.009319286871961102 0.021613832853025938
0 0.729740680713128 0.649135446685879 0.004051863857374392 0.020172910662824207
0 0.7252836304700162 0.6390489913544669 0.00526742301458671 0.023054755043227664
0 0.7119124797406807 0.6376080691642652 0.0028363047001620746 0.024495677233429394
0 0.7054294975688817 0.6426512968299711 0.0032414910858995136 0.021613832853025938
0 0.7009724473257699 0.6325648414985591 0.0028363047001620746 0.023054755043227664
0 0.6948946515397083 0.6340057636887608 0.00526742301458671 0.023054755043227664
0 0.7427066450567261 0.6484149855907781 0.006077795786061589 0.023054755043227664
0 0.7431118314424635 0.6743515850144092 0.006077795786061589 0.018731988472622477
0 0.8334683954619124 0.654178674351585 0.004051863857374392 0.025936599423631124
0 0.826580226904376 0.6426512968299711 0.00526742301458671 0.027377521613832854
0 0.8273905996758509 0.6714697406340058 0.004862236628849271 0.03386167146974063
0 0.8209076175040518 0.6765129682997119 0.004051863857374392 0.035302593659942365
0 0.8042949756888168 0.6678674351585014 0.0032414910858995136 0.027377521613832854
0 0.8075364667747164 0.6685878962536023 0.004051863857374392 0.024495677233429394
0 0.8160453808752026 0.6772334293948127 0.004862236628849271 0.035302593659942365
0 0.81645056726094 0.6469740634005764 0.00526742301458671 0.023054755043227664
0 0.7957860615883307 0.6577809798270894 0.0032414910858995136 0.027377521613832854
0 0.7901134521880064 0.6556195965417867 0.006077795786061589 0.029538904899135448
0 0.7856564019448946 0.6512968299711815 0.004862236628849271 0.029538904899135448
0 0.7783630470016207 0.6476945244956772 0.004862236628849271 0.03386167146974063
0 0.7735008103727715 0.6484149855907781 0.007293354943273906 0.027377521613832854
0 0.7658022690437601 0.6520172910662824 0.0032414910858995136 0.023054755043227664
0 0.7589141004862237 0.6455331412103746 0.004051863857374392 0.024495677233429394
0 0.8679092382495948 0.6613832853025937 0.004862236628849271 0.027377521613832854
0 0.8622366288492707 0.6534582132564841 0.00526742301458671 0.032420749279538905
0 0.8752025931928687 0.6628242074927954 0.006888168557536467 0.025936599423631124
0 0.8743922204213939 0.9553314121037464 0.014991896272285251 0.045389048991354465
0 0.8861426256077796 0.9646974063400576 0.01094003241491086 0.035302593659942365
0 0.9088330632090762 0.579250720461095 0.004051863857374392 0.027377521613832854
0 0.8922204213938412 0.5706051873198847 0.006077795786061589 0.021613832853025938
0 0.8820907617504052 0.5597982708933718 0.006077795786061589 0.030979827089337175
0 0.8723662884927067 0.5612391930835735 0.0028363047001620746 0.023054755043227664
0 0.876418152350081 0.5626801152737753 0.004862236628849271 0.027377521613832854
0 0.7078606158833063 0.5504322766570605 0.004862236628849271 0.023054755043227664
0 0.8298217179902755 0.5489913544668588 0.006077795786061589 0.01585014409221902
0 0.7346029173419774 0.6765129682997119 0.006077795786061589 0.021613832853025938
0 0.8083468395461912 0.6455331412103746 0.004862236628849271 0.027377521613832854
0 0.8512965964343598 0.6548991354466859 0.009319286871961102 0.035302593659942365
0 0.766612641815235 0.5432276657060519 0.004051863857374392 0.024495677233429394
0 0.7293354943273906 0.5432276657060519 0.0032414910858995136 0.020172910662824207
0 0.7325769854132901 0.5410662824207493 0.004051863857374392 0.020172910662824207
0 0.6754457050243112 0.7298270893371758 0.004862236628849271 0.03818443804034582
0 0.6507293354943274 0.7737752161383286 0.006077795786061589 0.03962536023054755
0 0.6442463533225283 0.7752161383285303 0.008103727714748784 0.04106628242074928
0 0.6118314424635333 0.8378962536023055 0.011345218800648298 0.04394812680115274
0 0.6320907617504052 0.9142651296829971 0.014991896272285251 0.03674351585014409
0 0.630064829821718 0.8926512968299711 0.011345218800648298 0.025936599423631124
0 0.6564019448946515 0.9510086455331412 0.011345218800648298 0.0468299711815562
0 0.5952188006482982 0.8393371757925072 0.01053484602917342 0.03025936599423631
0 0.6612641815235009 0.6923631123919308 0.006888168557536467 0.029538904899135448
0 0.6572123176661264 0.7017291066282421 0.007293354943273906 0.025936599423631124
0 0.6722042139384117 0.7010086455331412 0.006077795786061589 0.032420749279538905
0 0.6794975688816856 0.7046109510086456 0.007293354943273906 0.035302593659942365
0 0.6649108589951378 0.6534582132564841 0.004862236628849271 0.032420749279538905
0 0.640194489465154 0.5857348703170029 0.0032414910858995136 0.029538904899135448
0 0.6539708265802269 0.5742074927953891 0.004862236628849271 0.024495677233429394
0 0.6154781199351702 0.6030259365994236 0.0028363047001620746 0.032420749279538905
0 0.6106158833063209 0.6059077809798271 0.004862236628849271 0.032420749279538905
0 0.6073743922204214 0.6109510086455331 0.0028363047001620746 0.029538904899135448
0 0.6025121555915721 0.6159942363112392 0.0032414910858995136 0.025936599423631124
0 0.5992706645056726 0.6145533141210374 0.00526742301458671 0.029538904899135448
0 0.61709886547812 0.9538904899135446 0.012965964343598054 0.030979827089337175
0 0.6572123176661264 0.9819884726224783 0.01094003241491086 0.008645533141210375
0 0.5923824959481362 0.7989913544668588 0.004862236628849271 0.04250720461095101
0 0.6523500810372771 0.6909221902017291 0.0032414910858995136 0.029538904899135448
0 0.9347649918962723 0.7579250720461095 0.008103727714748784 0.02881844380403458
0 0.9424635332252836 0.8040345821325648 0.011345218800648298 0.043227665706051875
0 0.9485413290113452 0.8134005763688761 0.008914100486223663 0.043227665706051875
0 0.9789303079416531 0.8004322766570605 0.01094003241491086 0.029538904899135448
0 0.9432739059967585 0.9481268011527377 0.014181523500810372 0.05403458213256484
0 0.9432739059967585 0.9719020172910663 0.01620745542949757 0.03314121037463977
0 0.9108589951377634 0.8487031700288185 0.01539708265802269 0.05979827089337176
0 0.9149108589951378 0.8832853025936599 0.014991896272285251 0.05259365994236311
0 0.9886547811993517 0.6498559077809798 0.006888168557536467 0.03314121037463977
0 0.9927066450567261 0.6585014409221902 0.005672609400324149 0.03962536023054755
0 0.9983792544570502 0.6721902017291066 0.0032414910858995136 0.03314121037463977
0 0.9752836304700162 0.845821325648415 0.014586709886547812 0.029538904899135448
0 0.9744732576985413 0.8328530259365994 0.01620745542949757 0.029538904899135448
0 0.9675850891410048 0.8076368876080692 0.011345218800648298 0.04106628242074928
0 0.9720421393841167 0.8040345821325648 0.005672609400324149 0.040345821325648415
0 0.9165316045380876 0.7190201729106628 0.005672609400324149 0.03170028818443804
0 0.9213938411669368 0.7175792507204611 0.007698541329011345 0.0345821325648415
0 0.9120745542949756 0.6959654178674352 0.00526742301458671 0.03602305475504323
0 0.893030794165316 0.6678674351585014 0.004862236628849271 0.024495677233429394
0 0.8865478119935171 0.6548991354466859 0.004051863857374392 0.02521613832853026
0 0.8585899513776337 0.6440922190201729 0.004862236628849271 0.026657060518731988
0 0.6211507293354943 0.9704610951008645 0.015802269043760128 0.029538904899135448