0 0.4784843492586491 0.24846041055718474 0.04477759472817125 0.21478005865102642
0 0.5165074135090609 0.2059824046920821 0.04031301482701816 0.20127565982404697
0 0.9604612850082372 0.3277126099706745 0.07907742998352553 0.2624633431085044
0 0.8612026359143328 0.32991202346041054 0.0700164744645799 0.25733137829912023
0 0.6598023064250412 0.30791788856304986 0.1400329489291598 0.3020527859237537
0 0.8912685337726524 0.25219941348973607 0.03088962108731466 0.09970674486803519
0 0.8154859967051071 0.27785923753665687 0.03171334431630972 0.10190615835777127
0 0.765650741350906 0.2653958944281525 0.009884678747940691 0.06671554252199413
0 0.7553542009884678 0.26759530791788855 0.012355848434925865 0.06451612903225806
0 0.7895387149917628 0.2697947214076246 0.018533772652388796 0.05718475073313783
0 0.48517298187808894 0.7690615835777126 0.11655683690280066 0.1942815249266862
0 0.2981878088962109 0.7646627565982405 0.1330313014827018 0.22580645161290322
0 0.09678747940691927 0.7609970674486803 0.10955518945634267 0.2126099706744868
0 0.799835255354201 0.7543988269794721 0.3999176276771005 0.48167155425219943
0 0.8797364085667215 0.6099706744868035 0.19934102141680396 0.3020527859237537
0 0.7224052718286655 0.6480938416422287 0.28500823723228996 0.3775659824046921