0 0.47183098591549294 0.8401253918495298 0.10695422535211267 0.2084639498432602
0 0.9691901408450704 0.5603448275862069 0.04753521126760563 0.16222570532915362
0 0.886443661971831 0.7390282131661442 0.03345070422535211 0.5211598746081505
0 0.7623239436619719 0.75 0.026848591549295774 0.5
0 0.7363556338028169 0.7484326018808778 0.047975352112676055 0.5031347962382445
0 0.9397007042253521 0.7554858934169278 0.04665492957746479 0.4890282131661442
0 0.858274647887324 0.7594043887147336 0.03697183098591549 0.48119122257053293
0 0.7856514084507042 0.7641065830721003 0.04005281690140845 0.47100313479623823
0 0.8213028169014085 0.7648902821316614 0.04005281690140845 0.46943573667711597
0 0.9005281690140845 0.7703761755485894 0.03697183098591549 0.4592476489028213
0 0.9762323943661971 0.7688087774294671 0.04005281690140845 0.4615987460815047
0 0.7099471830985915 0.7727272727272727 0.020246478873239437 0.45454545454545453