0 0.2817222222222222 0.32890625 0.12379166666666666 0.4172083333333333
0 0.49166666666666664 0.42864583333333334 0.10416666666666667 0.321875
0 0.85 0.4354166666666667 0.14027777777777778 0.30833333333333335
0 0.9402777777777778 0.3145833333333333 0.11944444444444445 0.55
0 0.7208333333333333 0.4348958333333333 0.14305555555555555 0.309375
0 0.6260416666666667 0.2171875 0.13402777777777777 0.38645833333333335
0 0.5923611111111111 0.40677083333333336 0.1597222222222222 0.365625
0 0.8350694444444444 0.24322916666666666 0.11875 0.35520833333333335
0 0.7361111111111112 0.25729166666666664 0.1111111111111111 0.32916666666666666
0 0.5052083333333334 0.22552083333333334 0.13125 0.35520833333333335
0 0.04583333333333333 0.7989583333333333 0.08958333333333333 0.39947916666666666
0 0.7583333333333333 0.8088541666666667 0.3607638888888889 0.3302083333333333