0 0.21313559322033898 0.22054380664652568 0.012711864406779662 0.1903323262839879
0 0.08432203389830509 0.8700906344410876 0.16864406779661018 0.2598187311178248
0 0.030084745762711865 0.8617824773413897 0.06016949152542373 0.2764350453172205
0 0.5343220338983051 0.8867069486404834 0.39872881355932205 0.22658610271903323
0 0.28728813559322036 0.783987915407855 0.08135593220338982 0.09441087613293052
0 0.3169491525423729 0.7424471299093656 0.04915254237288136 0.03474320241691843
0 0.3525423728813559 0.8262839879154078 0.16779661016949152 0.15483383685800603
0 0.9186440677966101 0.9365558912386707 0.16271186440677965 0.1268882175226586
0 0.911864406779661 0.851963746223565 0.17627118644067796 0.1540785498489426
0 0.7961864406779661 0.8036253776435045 0.15593220338983052 0.14501510574018128
0 0.6292372881355932 0.7877643504531722 0.12372881355932204 0.10196374622356495
0 0.5673728813559322 0.7651057401812689 0.0576271186440678 0.06722054380664652
0 0.4961864406779661 0.7537764350453172 0.10508474576271186 0.04607250755287009