0 0.8121783876500858 0.2392966360856269 0.2950257289879931 0.4785932721712538
0 0.32847341337907376 0.8944954128440367 0.12135506003430532 0.154434250764526
0 0.17452830188679244 0.8432721712538226 0.25085763293310465 0.31345565749235477
0 0.04588336192109777 0.7262996941896025 0.09176672384219554 0.16896024464831805
0 0.45411663807890223 0.7194189602446484 0.08619210977701544 0.16972477064220184
0 0.5150085763293311 0.6964831804281345 0.05789022298456261 0.1834862385321101
0 0.6260720411663808 0.6628440366972477 0.05360205831903945 0.13608562691131498
0 0.442967409948542 0.8463302752293578 0.1072041166380789 0.1819571865443425
0 0.532590051457976 0.849388379204893 0.10891938250428816 0.20336391437308868
0 0.557032590051458 0.7370030581039755 0.08490566037735849 0.10779816513761468
0 0.6449399656946827 0.790519877675841 0.08876500857632934 0.20336391437308868
0 0.7315608919382505 0.7775229357798165 0.09819897084048028 0.20030581039755352
0 0.5754716981132075 0.6590214067278287 0.0686106346483705 0.12996941896024464
0 0.6813893653516295 0.6521406727828746 0.06475128644939966 0.13073394495412843