0 0.5255319148936171 0.27977315689981097 0.07127659574468086 0.2830812854442344
0 0.29521276595744683 0.9404536862003781 0.0574468085106383 0.11909262759924386
0 0.3396276595744681 0.4933837429111531 0.05053191489361702 0.02835538752362949
0 0.3781914893617021 0.5581285444234405 0.023404255319148935 0.15784499054820417
0 0.33656914893617024 0.5902646502835539 0.04654255319148936 0.1937618147448015
0 0.3449468085106383 0.8931947069943289 0.0398936170212766 0.21361058601134217
0 0.16888297872340424 0.5146502835538752 0.03563829787234043 0.07088846880907372
0 0.19601063829787235 0.5524574669187146 0.0398936170212766 0.14650283553875237
0 0.10718085106382978 0.5335538752362949 0.04521276595744681 0.10869565217391304
0 0.07047872340425532 0.5344990548204159 0.040957446808510635 0.11058601134215501
0 0.2035904255319149 0.7131379962192816 0.05186170212765957 0.222117202268431
0 0.36409574468085104 0.9012287334593573 0.05159574468085106 0.19754253308128544