0 0.7113715277777778 0.30625 0.049479166666666664 0.26805555555555555
0 0.4743923611111111 0.3215277777777778 0.05642361111111111 0.25416666666666665
0 0.7630208333333334 0.30416666666666664 0.06076388888888889 0.28055555555555556
0 0.91015625 0.325 0.049479166666666664 0.25277777777777777
0 0.9557291666666666 0.3229166666666667 0.050347222222222224 0.2513888888888889
0 0.86328125 0.32013888888888886 0.049479166666666664 0.2569444444444444
0 0.6163194444444444 0.30972222222222223 0.05381944444444445 0.2611111111111111
0 0.8138020833333334 0.3194444444444444 0.0546875 0.2611111111111111
0 0.6657986111111112 0.3173611111111111 0.05381944444444445 0.24305555555555555
0 0.5677083333333334 0.31805555555555554 0.057291666666666664 0.25555555555555554
0 0.5208333333333334 0.3194444444444444 0.04861111111111111 0.25
0 0.9887152777777778 0.3263888888888889 0.022569444444444444 0.2361111111111111
0 0.2465277777777778 0.7479166666666667 0.3111979166666667 0.5041666666666667
0 0.2170138888888889 0.7013888888888888 0.14539930555555555 0.3506944444444444