0 0.09492659053833605 0.3702463768115942 0.05972267536704733 0.22739130434782606
0 0.20595432300163133 0.42681159420289855 0.11011419249592169 0.24492753623188407
0 0.07076672104404567 0.3050869565217391 0.03713703099510601 0.24204347826086955
0 0.9082381729200653 0.18695652173913044 0.03425774877650897 0.11231884057971014
0 0.8384991843393148 0.09565217391304348 0.024469820554649267 0.1398550724637681
0 0.8976345840130505 0.4391304347826087 0.04812398042414356 0.22028985507246376
0 0.6863784665579119 0.2768115942028985 0.033442088091353996 0.22246376811594204
0 0.6982055464926591 0.2036231884057971 0.03466557911908646 0.15942028985507245
0 0.7357259380097879 0.18405797101449275 0.035481239804241435 0.18333333333333332
0 0.7434747145187602 0.11231884057971014 0.0232463295269168 0.13768115942028986
0 0.7679445350734094 0.1246376811594203 0.01835236541598695 0.12391304347826088
0 0.7532626427406199 0.09710144927536232 0.013050570962479609 0.09565217391304348
0 0.7830342577487766 0.16521739130434782 0.041598694942903754 0.18405797101449275
0 0.7699836867862969 0.05579710144927536 0.015089722675367047 0.05289855072463768
0 0.9363784665579119 0.45362318840579713 0.053833605220228384 0.19130434782608696
0 0.8902936378466558 0.3210144927536232 0.03099510603588907 0.186231884057971
0 0.3299347471451876 0.9731884057971014 0.07544861337683524 0.0536231884057971
0 0.4408646003262643 0.7456521739130435 0.051794453507340944 0.18115942028985507
0 0.4873572593800979 0.7086956521739131 0.0399673735725938 0.15144927536231884
0 0.8438009787928222 0.7746376811594203 0.26508972267536707 0.45072463768115945