0 0.14733701657458562 0.29426326129666014 0.06739779005524862 0.31036345776031427
0 0.5676795580110497 0.33644400785854617 0.10856353591160221 0.2018664047151277
0 0.755524861878453 0.9744597249508841 0.052486187845303865 0.05108055009823183
0 0.7276243093922652 0.9145383104125737 0.049723756906077346 0.17092337917485265
0 0.6676795580110497 0.5279960707269156 0.05138121546961326 0.055992141453831044
0 0.3701657458563536 0.6448919449901768 0.052486187845303865 0.13261296660117877
0 0.625 0.694007858546169 0.05386740331491713 0.19646365422396855
0 0.56146408839779 0.6583988212180747 0.05386740331491713 0.21365422396856582
0 0.5082872928176796 0.6301571709233792 0.04143646408839779 0.18664047151277013
0 0.47790055248618785 0.6227897838899804 0.049723756906077346 0.18172888015717092
0 0.44060773480662985 0.6031434184675835 0.049723756906077346 0.18172888015717092
0 0.43646408839779005 0.7775049115913556 0.052486187845303865 0.2111984282907662
0 0.4191988950276243 0.7148821218074656 0.04558011049723757 0.1743614931237721
0 0.8969613259668509 0.5771119842829077 0.042541436464088395 0.15422396856581533
0 0.9370165745856354 0.5648330058939096 0.039779005524861875 0.12966601178781925
0 0.9825966850828729 0.5879174852652259 0.034806629834254144 0.16208251473477406
0 0.9848066298342542 0.949901768172888 0.03038674033149171 0.10019646365422397
0 0.9825966850828729 0.7431237721021611 0.034806629834254144 0.2013752455795678
0 0.9516574585635359 0.8045186640471512 0.03591160220994475 0.18172888015717092
0 0.9178176795580111 0.7946954813359528 0.05110497237569061 0.22102161100196463
0 0.9392265193370166 0.6583988212180747 0.04696132596685083 0.15471512770137524
0 0.7947513812154696 0.5648330058939096 0.04585635359116022 0.12966601178781925
0 0.7892265193370166 0.5206286836935167 0.04806629834254143 0.0412573673870334
0 0.8624309392265194 0.5525540275049116 0.039779005524861875 0.10510805500982318