0 0.245703125 0.2048611111111111 0.13359375 0.4097222222222222
0 0.694140625 0.20555555555555555 0.28828125 0.3854166666666667
0 0.32265625 0.8173611111111111 0.0546875 0.3625
0 0.28125 0.8055555555555556 0.0484375 0.33611111111111114
0 0.23359375 0.7944444444444444 0.0546875 0.2972222222222222
0 0.15234375 0.8791666666666667 0.0765625 0.24166666666666667
0 0.18984375 0.7916666666666666 0.0515625 0.28055555555555556
0 0.08203125 0.8881944444444444 0.075 0.22083333333333333
0 0.053125 0.7729166666666667 0.05 0.2652777777777778
0 0.014453125 0.7645833333333333 0.02890625 0.2263888888888889
0 0.018359375 0.8895833333333333 0.03671875 0.20416666666666666
0 0.099609375 0.75625 0.04609375 0.19583333333333333
0 0.67421875 0.7847222222222222 0.055078125 0.2388888888888889