0 0.5686860068259386 0.22112462006079028 0.06996587030716724 0.2188449848024316
0 0.6186006825938567 0.19224924012158054 0.04692832764505119 0.23632218844984804
0 0.7086177474402731 0.14893617021276595 0.043515358361774746 0.17477203647416414
0 0.5571672354948806 0.3860182370820669 0.09300341296928327 0.23328267477203649
0 0.632679180887372 0.3890577507598784 0.08831058020477815 0.2613981762917933
0 0.6523037542662116 0.2439209726443769 0.06868600682593856 0.13829787234042554
0 0.7239761092150171 0.3130699088145897 0.07209897610921502 0.2613981762917933
0 0.7943686006825939 0.29635258358662614 0.07977815699658702 0.25835866261398177
0 0.6676621160409556 0.14361702127659576 0.055887372013651876 0.16717325227963525
0 0.7534129692832765 0.1344984802431611 0.05247440273037542 0.16869300911854104
0 0.25 0.7735562310030395 0.5 0.4072948328267477
0 0.5686860068259386 0.7370820668693009 0.06996587030716724 0.16489361702127658
0 0.6186006825938567 0.7150455927051672 0.04692832764505119 0.17857142857142858
0 0.7086177474402731 0.682370820668693 0.043515358361774746 0.13221884498480244
0 0.5571672354948806 0.8609422492401215 0.09300341296928327 0.17553191489361702
0 0.632679180887372 0.8632218844984803 0.08831058020477815 0.19756838905775076
0 0.6523037542662116 0.7537993920972644 0.06868600682593856 0.10486322188449848
0 0.7239761092150171 0.8062310030395137 0.07209897610921502 0.19756838905775076
0 0.7943686006825939 0.7933130699088146 0.07977815699658702 0.1945288753799392
0 0.6676621160409556 0.6778115501519757 0.055887372013651876 0.12613981762917933
0 0.7534129692832765 0.6717325227963525 0.05247440273037542 0.12689969604863222