0 0.20081018518518517 0.2381687242798354 0.04918981481481482 0.2986111111111111
0 0.23799189814814814 0.020061728395061727 0.013310185185185185 0.040123456790123455
0 0.8126446759259259 0.37525720164609055 0.37471064814814814 0.22890946502057613
0 0.04586226851851852 0.7664609053497943 0.09172453703703703 0.44907407407407407
0 0.7403067129629629 0.9531893004115226 0.035590277777777776 0.09362139917695474
0 0.9140625 0.9470164609053497 0.03125 0.10596707818930041
0 0.8851273148148148 0.9539609053497943 0.02546296296296296 0.09207818930041152
0 0.8506944444444444 0.9513888888888888 0.036458333333333336 0.09722222222222222
0 0.8182870370370371 0.9542181069958847 0.03298611111111111 0.09156378600823045
0 0.7828906250000001 0.9295010288065844 0.018845486111111143 0.05843106995884781
0 0.8305729166666667 0.9304578189300411 0.02552083333333328 0.09127057613168715
0 0.7987008101851851 0.943451646090535 0.019195601851851894 0.0804783950617283