0 0.12937062937062938 0.17240663900414938 0.02923659673659678 0.16654564315352705
0 0.8237179487179487 0.5726141078838174 0.05536130536130536 0.05394190871369295
0 0.7942890442890443 0.5093360995850622 0.05244755244755245 0.18049792531120332
0 0.7310606060606061 0.06535269709543569 0.05419580419580419 0.13070539419087138
0 0.7325174825174825 0.023858921161825725 0.05710955710955711 0.04771784232365145
0 0.4172494172494173 0.2245850622406639 0.05536130536130536 0.1400414937759336
0 0.47042540792540793 0.31146265560165975 0.04807692307692308 0.25155601659751037
0 0.47333916083916083 0.17401452282157676 0.04807692307692308 0.14263485477178423
0 0.4136072261072261 0.3853734439834025 0.05099067599067599 0.21265560165975103
0 0.576048951048951 0.316649377593361 0.046620046620046623 0.18931535269709543
0 0.5308857808857809 0.30238589211618255 0.04079254079254079 0.2074688796680498
0 0.5868298368298368 0.017634854771784232 0.039627039627039624 0.035269709543568464
0 0.583916083916084 0.08765560165975103 0.045454545454545456 0.17531120331950206
0 0.5520104895104895 0.0962136929460581 0.04224941724941725 0.18931535269709543
0 0.8927738927738927 0.042012448132780086 0.0337995337995338 0.08402489626556017
0 0.4460955710955711 0.06950207468879668 0.043706293706293704 0.13900414937759337
0 0.9562937062937062 0.05653526970954357 0.03496503496503497 0.11307053941908714
0 0.9868881118881119 0.061721991701244816 0.026223776223776224 0.12344398340248963
0 0.4965034965034965 0.0783195020746888 0.045454545454545456 0.1566390041493776
0 0.6713286713286714 0.5015560165975104 0.05710955710955711 0.19605809128630705
0 0.8441142191142191 0.1532676348547718 0.049533799533799536 0.19450207468879668
0 0.9941724941724942 0.25570539419087135 0.011655011655011656 0.18153526970954356
0 0.9657634032634033 0.35814315352697096 0.05099067599067599 0.18931535269709543
0 0.6394230769230769 0.1662344398340249 0.039335664335664336 0.1841286307053942
0 0.6480186480186481 0.06535269709543569 0.039627039627039624 0.13070539419087138
0 0.6037296037296037 0.49221991701244816 0.05244755244755245 0.21473029045643152
0 0.49067599067599066 0.5155601659751037 0.05128205128205128 0.16804979253112035
0 0.08275058275058275 0.8677385892116183 0.046620046620046623 0.2645228215767635
0 0.12266899766899766 0.8729253112033195 0.049533799533799536 0.2183609958506224
0 0.6486013986013986 0.9610995850622407 0.07575757575757576 0.07780082987551867