0 0.016441821247892074 0.32957957957957956 0.03288364249578415 0.43093093093093093
0 0.4806070826306914 0.8536036036036037 0.040893760539629 0.1313813813813814
0 0.4371838111298482 0.8648648648648649 0.03920741989881956 0.1403903903903904
0 0.38870151770657674 0.8783783783783784 0.048060708263069137 0.16816816816816818
0 0.3722596964586847 0.8325825825825826 0.05227655986509275 0.1313813813813814
0 0.275716694772344 0.9264264264264265 0.048060708263069137 0.14414414414414414
0 0.16905564924114672 0.933933933933934 0.0602866779089376 0.13213213213213212
0 0.05143338954468803 0.9384384384384384 0.05860033726812816 0.12312312312312312
0 0.026138279932546374 0.8746246246246246 0.05227655986509275 0.17342342342342343
0 0.2133220910623946 0.8806306306306306 0.050168634064080946 0.14114114114114115
0 0.2542158516020236 0.8761261261261262 0.045531197301854974 0.11636636636636637
0 0.00505902192242833 0.8378378378378378 0.01011804384485666 0.06831831831831832
0 0.8372681281618887 0.8243243243243243 0.3254637436762226 0.35135135135135137