0 0.5055028248587571 0.054610169491525425 0.03749717514124288 0.08665254237288135
0 0.5587570621468927 0.05466101694915254 0.04180790960451977 0.10084745762711865
0 0.8225988700564971 0.07838983050847458 0.06949152542372881 0.05296610169491525
0 0.8573446327683616 0.10423728813559321 0.08785310734463277 0.09194915254237288
0 0.7217514124293786 0.10762711864406779 0.0903954802259887 0.0961864406779661
0 0.7166666666666667 0.1538135593220339 0.2740112994350282 0.11059322033898306
0 0.9387005649717514 0.14872881355932202 0.12231638418079097 0.1211864406779661
0 0.8129943502824859 0.14872881355932202 0.17824858757062148 0.1211864406779661
0 0.36666666666666664 0.6046610169491525 0.2937853107344633 0.7906779661016949
0 0.12994350282485875 0.6161016949152542 0.2598870056497175 0.7677966101694915
0 0.5307909604519774 0.610593220338983 0.09774011299435029 0.7788135593220339
0 0.5175141242937853 0.6563559322033898 0.12429378531073447 0.6872881355932203
0 0.8129943502824859 0.7076271186440678 0.04124293785310734 0.275
0 0.9432203389830508 0.7559322033898305 0.06384180790960452 0.34576271186440677