0 0.42162471395881007 0.07281059063136457 0.05263157894736842 0.14562118126272913
0 0.3931636155606407 0.1545315682281059 0.05863844393592677 0.25712830957230143
0 0.8392448512585813 0.3039714867617108 0.05606407322654462 0.21079429735234215
0 0.7407036613272311 0.18635437881873726 0.05577803203661327 0.2545824847250509
0 0.6187070938215103 0.3818737270875764 0.06578947368421052 0.054989816700611
0 0.5926773455377574 0.32942973523421587 0.07437070938215103 0.159877800407332
0 0.2139588100686499 0.05244399185336049 0.04805491990846682 0.10488798370672098
0 0.4971395881006865 0.34470468431771895 0.07437070938215103 0.12932790224032586
0 0.1318649885583524 0.7627291242362525 0.06149885583524028 0.4531568228105906
0 0.8606979405034325 0.7209775967413442 0.26058352402745993 0.5575356415478615
0 0.3878718535469107 0.7479633401221996 0.24971395881006864 0.5035641547861507
0 0.6458810068649885 0.7270875763747454 0.1410183066361556 0.2744399185336049