0 0.24149108589951376 0.39337175792507206 0.11507293354943274 0.45244956772334294
0 0.4708265802269044 0.10086455331412104 0.022690437601296597 0.15273775216138327
0 0.5 0.4884726224783862 0.06320907617504051 0.2622478386167147
0 0.39384116693679094 0.6837175792507204 0.028768233387358184 0.11743515850144093
0 0.2678282009724473 0.6440922190201729 0.022690437601296597 0.03170028818443804
0 0.2739059967585089 0.7593659942363112 0.02188006482982172 0.08861671469740634
0 0.2240680713128039 0.7435158501440923 0.06685575364667747 0.08861671469740634
0 0.09157212317666126 0.7211815561959655 0.08387358184764993 0.06772334293948126
0 0.10210696920583469 0.6779538904899135 0.040113452188006486 0.056195965417867436
0 0.003646677471636953 0.6959654178674352 0.007293354943273906 0.04610951008645533
0 0.019448946515397084 0.8667146974063401 0.03889789303079417 0.2665706051873199
0 0.8257698541329012 0.8141210374639769 0.23217179902755267 0.33645533141210376
0 0.6636952998379254 0.8047550432276657 0.08954619124797407 0.15706051873198848