0 0.21117747440273038 0.22872340425531915 0.041808873720136516 0.1413373860182371
0 0.7209897610921502 0.1831306990881459 0.435580204778157 0.2066869300911854
0 0.4803754266211604 0.006838905775075988 0.08191126279863481 0.013677811550151976
0 0.20776450511945393 0.526595744680851 0.03370307167235495 0.19224924012158054
0 0.24274744027303755 0.5531914893617021 0.032423208191126277 0.13145896656534956
0 0.2721843003412969 0.6033434650455927 0.035409556313993173 0.25987841945288753
0 0.2982081911262799 0.5729483282674772 0.03455631399317406 0.2317629179331307
0 0.3459897610921502 0.5440729483282675 0.07380546075085324 0.21504559270516718
0 0.41766211604095566 0.6443768996960486 0.04308873720136519 0.2887537993920973
0 0.4300341296928328 0.709726443768997 0.01877133105802048 0.3343465045592705
0 0.7879692832764505 0.7112462006079028 0.42235494880546076 0.5775075987841946