0 0.22665210267613325 0.404126213592233 0.09216275259421082 0.25097087378640776
0 0.2240578918623703 0.22063106796116505 0.02744401966138722 0.13616504854368933
0 0.658383397050792 0.40728155339805827 0.01679410158383397 0.061893203883495146
0 0.6979792463134898 0.43786407766990293 0.018569087930092845 0.05703883495145631
0 0.602812670671764 0.4254854368932039 0.0204806116876024 0.05242718446601942
0 0.5720917531403604 0.4949029126213592 0.0244401966138722 0.058009708737864076
0 0.5595303113052976 0.4211165048543689 0.016930638995084655 0.048058252427184464
0 0.554205352266521 0.4097087378640777 0.016930638995084655 0.046844660194174756
0 0.550791916985254 0.387621359223301 0.012424904423812125 0.040776699029126215
0 0.5596668487165484 0.36092233009708735 0.016657564172583288 0.048786407766990295
0 0.5353631895139268 0.3900485436893204 0.016930638995084655 0.048786407766990295
0 0.5252594210813762 0.38349514563106796 0.015701802293828507 0.05145631067961165
0 0.5215729109776078 0.36771844660194175 0.015701802293828507 0.04150485436893204
0 0.5327689787001638 0.3169902912621359 0.014063353358820316 0.0441747572815534
0 0.5166575641725832 0.26529126213592236 0.010376843255051884 0.03422330097087379
0 0.5147460404150738 0.24830097087378641 0.006417258328782086 0.017233009708737864
0 0.52198252321136 0.24344660194174758 0.009830693610049153 0.025
0 0.545193883123976 0.23106796116504855 0.009011469142545057 0.031067961165048542
0 0.5540688148552704 0.22718446601941747 0.009284543965046422 0.03762135922330097
0 0.5323593664664118 0.22475728155339805 0.005324959038776625 0.030825242718446604
0 0.5277170944838886 0.22572815533980584 0.007373020207536865 0.028640776699029126
0 0.6129164391043146 0.3087378640776699 0.01379027853631895 0.038834951456310676
0 0.6052703440742764 0.30194174757281556 0.005871108683779356 0.03640776699029126
0 0.577007099945385 0.27548543689320387 0.013517203713817587 0.040776699029126215
0 0.562807209175314 0.2558252427184466 0.008192244675040962 0.03422330097087379
0 0.576597487711633 0.23640776699029126 0.009284543965046422 0.032524271844660196
0 0.5890223921354452 0.24902912621359224 0.007646095030038231 0.025970873786407767
0 0.6055434188967778 0.2614077669902913 0.009284543965046422 0.032524271844660196
0 0.5965319497542326 0.2354368932038835 0.007646095030038231 0.035922330097087375
0 0.5917531403604588 0.23349514563106796 0.008738394320043691 0.029368932038834953
0 0.5819224467504096 0.21140776699029126 0.006417258328782086 0.02766990291262136
0 0.592981977061715 0.20679611650485438 0.009830693610049153 0.02766990291262136
0 0.6097760786455488 0.19077669902912622 0.008738394320043691 0.024271844660194174
0 0.6224740578918624 0.18155339805825244 0.008738394320043691 0.019902912621359223
0 0.6283451665756418 0.18422330097087378 0.008192244675040962 0.02257281553398058
0 0.6402239213544512 0.18276699029126214 0.0019115237575095577 0.02378640776699029
0 0.6912889131622064 0.17354368932038836 0.006690333151283452 0.022815533980582524
0 0.7015292190060076 0.1669902912621359 0.00354997269251775 0.018932038834951457
0 0.7090387766247952 0.16844660194174757 0.005051884216275259 0.02111650485436893
0 0.7089022392135446 0.1720873786407767 0.007646095030038231 0.021601941747572816
0 0.7037138175860186 0.17378640776699028 0.007236482796286183 0.018932038834951457
0 0.726788640087384 0.170873786407767 0.0102403058438012 0.02087378640776699
0 0.7304751501911524 0.1762135922330097 0.006280720917531403 0.020388349514563107
0 0.7889131622064446 0.18179611650485436 0.005051884216275259 0.01699029126213592
0 0.7953304205352266 0.18033980582524273 0.004915346805024577 0.017233009708737864
0 0.7083560895685418 0.38737864077669903 0.015428727471327144 0.03932038834951456
0 0.7262424904423812 0.38349514563106796 0.02034407427635172 0.03155339805825243
0 0.7284270890223922 0.41432038834951457 0.024713271436373568 0.03810679611650485
0 0.7527307482250136 0.2973300970873786 0.008192244675040962 0.032524271844660196
0 0.7532768978700164 0.32669902912621357 0.015292190060076462 0.029854368932038834
0 0.7726652102676134 0.3024271844660194 0.005734571272528673 0.03713592233009709
0 0.7632441288913162 0.3053398058252427 0.0070999453850355 0.040776699029126215
0 0.7614691425450574 0.2936893203883495 0.0070999453850355 0.033737864077669905
0 0.7853631895139268 0.33689320388349514 0.02034407427635172 0.024271844660194174
0 0.7782632441288914 0.34733009708737866 0.02184598580010923 0.03470873786407767
0 0.7890496996176952 0.36456310679611653 0.019524849808847625 0.02888349514563107
0 0.8022938285090114 0.3900485436893204 0.016657564172583288 0.03495145631067961
0 0.8208629164391044 0.32305825242718444 0.013244128891316221 0.02766990291262136
0 0.8170398689240852 0.30388349514563107 0.02089022392135445 0.018689320388349515
0 0.8225013653741126 0.2966019417475728 0.013517203713817587 0.019417475728155338
0 0.8278263244128892 0.2922330097087379 0.00914800655379574 0.020388349514563107
0 0.8368377935554342 0.2745145631067961 0.012971054068814856 0.0220873786407767
0 0.848989623156745 0.28252427184466017 0.018978700163844894 0.024271844660194174
0 0.8402512288367012 0.2504854368932039 0.006007646095030038 0.029368932038834953
0 0.8331512834516658 0.24830097087378641 0.009557618787547788 0.03203883495145631
0 0.7856362643364282 0.24660194174757283 0.010786455488803932 0.025970873786407767
0 0.775805570726379 0.24053398058252426 0.011605679956308028 0.02766990291262136
0 0.815401419989077 0.20339805825242718 0.006826870562534134 0.025970873786407767
0 0.8103495357728018 0.19733009708737864 0.006826870562534134 0.028640776699029126
0 0.8031130529765156 0.19927184466019418 0.005871108683779356 0.029368932038834953
0 0.8887220098306936 0.27427184466019416 0.008874931731294375 0.033737864077669905
0 0.8827143637356636 0.24514563106796117 0.011878754778809394 0.025485436893203883
0 0.8737028945931186 0.2371359223300971 0.006280720917531403 0.017233009708737864
0 0.8466684871654834 0.22572815533980584 0.005734571272528673 0.025
0 0.8406608410704534 0.229126213592233 0.006963407973784817 0.03422330097087379
0 0.835608956854178 0.5072815533980582 0.019661387220098307 0.041019417475728154
0 0.8130802839978154 0.49854368932038834 0.018842162752594212 0.05679611650485437
0 0.695794647733479 0.5046116504854369 0.012288367012561441 0.03859223300970874
0 0.7101310759148006 0.5177184466019418 0.014063353358820316 0.022815533980582524
0 0.866602949208083 0.4092233009708738 0.016930638995084655 0.04757281553398058
0 0.8612779901693064 0.3774271844660194 0.02089022392135445 0.03155339805825243
0 0.8562261059530312 0.3866504854368932 0.01624795193883124 0.05266990291262136
0 0.900600764609503 0.38470873786407767 0.013380666302566903 0.041019417475728154
0 0.9016930638995084 0.3351941747572815 0.013380666302566903 0.04757281553398058
0 0.8921354451119606 0.3366504854368932 0.005188421627525942 0.045873786407766994
0 0.8969142545057346 0.2946601941747573 0.011059530311305297 0.03203883495145631
0 0.9068814855270344 0.2970873786407767 0.007373020207536865 0.03203883495145631
0 0.9008738394320044 0.3012135922330097 0.008055707263790278 0.025485436893203883
0 0.906608410704533 0.2815533980582524 0.007236482796286183 0.0441747572815534
0 0.8827143637356636 0.2150485436893204 0.00559803386127799 0.029368932038834953
0 0.8634625887493174 0.20679611650485438 0.00354997269251775 0.03033980582524272
0 0.8671490988530858 0.19975728155339806 0.004369197160021846 0.026941747572815533
0 0.8537684325505188 0.2191747572815534 0.005871108683779356 0.02330097087378641
0 0.834789732386674 0.20558252427184465 0.007782632441288913 0.01771844660194175
0 0.8346531949754232 0.1837378640776699 0.003003823047515019 0.01116504854368932
0 0.821409066084107 0.18446601941747573 0.005324959038776625 0.022815533980582524
0 0.8078918623702894 0.1754854368932039 0.004778809393773894 0.02257281553398058
0 0.8435281267067176 0.3262135922330097 0.015292190060076462 0.029368932038834953
0 0.8290551611141452 0.1883495145631068 0.006963407973784817 0.022815533980582524
0 0.8779355543418896 0.12233009708737864 0.006144183506280721 0.02766990291262136
0 0.6321682140906608 0.0983009708737864 0.003413435281267067 0.018689320388349515
0 0.6362643364281814 0.09684466019417476 0.004232659748771164 0.019902912621359223
0 0.6530584380120152 0.09563106796116505 0.00559803386127799 0.020388349514563107
0 0.6645275805570726 0.0924757281553398 0.003959584926269798 0.02087378640776699
0 0.6724467504096122 0.09514563106796116 0.00559803386127799 0.02257281553398058
0 0.6892408519934462 0.09223300970873786 0.004778809393773894 0.020388349514563107
0 0.6986619333697434 0.08883495145631068 0.002730748225013654 0.020388349514563107
0 0.7028945931185144 0.08859223300970874 0.005051884216275259 0.02087378640776699
0 0.72200983069361 0.09223300970873786 0.007919169852539596 0.01699029126213592
0 0.5461496450027308 0.12572815533980583 0.006417258328782086 0.012864077669902912
0 0.519797924631349 0.13446601941747574 0.005871108683779356 0.025
0 0.5114691425450574 0.13567961165048545 0.004505734571272528 0.025970873786407767
0 0.8276897870016384 0.10606796116504855 0.0036865101037684327 0.02063106796116505
0 0.9989077007099946 0.20898058252427185 0.002184598580010923 0.0383495145631068
0 0.9920808301474604 0.1941747572815534 0.006553795740032769 0.04174757281553398
0 0.9860731840524304 0.1912621359223301 0.005188421627525942 0.038834951456310676
0 0.982386673948662 0.18519417475728156 0.006963407973784817 0.0383495145631068
0 0.9792463134898962 0.3859223300970874 0.01474604041507373 0.04174757281553398
0 0.9343255051884216 0.3883495145631068 0.013244128891316221 0.04830097087378641
0 0.9127525942108138 0.36966019417475726 0.010922992900054615 0.04951456310679612
0 0.9199890770071 0.37354368932038834 0.012834516657564172 0.04951456310679612
0 0.92599672310213 0.37087378640776697 0.012424904423812125 0.04344660194174757
0 0.9249044238121246 0.35436893203883496 0.007373020207536865 0.03033980582524272
0 0.9119333697433096 0.3560679611650485 0.014199890770071 0.038834951456310676
0 0.9231294374658656 0.3300970873786408 0.014609503003823047 0.04320388349514563
0 0.9115237575095576 0.27985436893203886 0.010786455488803932 0.03713592233009709
0 0.946204259967231 0.32815533980582523 0.009967231021299837 0.03300970873786408
0 0.9422446750409612 0.3572815533980582 0.014472965592572365 0.04441747572815534
0 0.9534407427635172 0.3378640776699029 0.01679410158383397 0.040776699029126215
0 0.9586291643910432 0.3233009708737864 0.011059530311305297 0.029611650485436892
0 0.9568541780447842 0.31286407766990293 0.01215182960131076 0.032766990291262135
0 0.9610868377935554 0.34878640776699027 0.010103768432550519 0.03325242718446602
0 0.9773347897323866 0.33228155339805826 0.009967231021299837 0.038834951456310676
0 0.9699617695248498 0.36140776699029126 0.02089022392135445 0.0354368932038835
0 0.9684598580010922 0.37402912621359224 0.017067176406335337 0.026941747572815533
0 0.9661387220098306 0.44733009708737864 0.01788640087383943 0.028398058252427184
0 0.948388858547242 0.48398058252427184 0.015974877116329875 0.036650485436893206
0 0.9661387220098306 0.3320388349514563 0.007373020207536865 0.03300970873786408
0 0.4990442381212452 0.2716019417475728 0.012015292190060076 0.020145631067961165
0 0.4808847624249044 0.3 0.014609503003823047 0.018689320388349515
0 0.4754232659748771 0.3640776699029126 0.01829601310759148 0.041019417475728154
0 0.463407973784817 0.37233009708737863 0.016384489350081924 0.0412621359223301
0 0.4560349535772802 0.33932038834951456 0.011332605133806663 0.03495145631067961
0 0.4556253413435281 0.404126213592233 0.011605679956308028 0.04199029126213592
0 0.454806116876024 0.4162621359223301 0.010103768432550519 0.036650485436893206
0 0.4713271436373566 0.4672330097087379 0.01870562534134353 0.04247572815533981
0 0.4621791370835609 0.17305825242718448 0.010103768432550519 0.03762135922330097
0 0.4800655379574003 0.15679611650485437 0.008465319497542327 0.03325242718446602
0 0.4859366466411797 0.15679611650485437 0.007646095030038231 0.028398058252427184
0 0.5827416712179138 0.18762135922330098 0.0032768978700163844 0.01966019417475728
0 0.5827416712179138 0.1742718446601942 0.004778809393773894 0.018932038834951457
0 0.5780993992353904 0.17985436893203882 0.003413435281267067 0.026456310679611652
0 0.6545603495357728 0.1650485436893204 0.006553795740032769 0.017475728155339806
0 0.6495084653194976 0.16310679611650486 0.004369197160021846 0.022815533980582524
0 0.6425450573457128 0.1628640776699029 0.003413435281267067 0.01966019417475728
0 0.6348989623156744 0.16432038834951457 0.004642271982523211 0.022815533980582524
0 0.6381758601856908 0.16140776699029127 0.005461496450027308 0.026941747572815533
0 0.5981703986892408 0.1703883495145631 0.004778809393773894 0.018932038834951457
0 0.25600764609503 0.7820388349514563 0.3268705625341344 0.43592233009708736
0 0.09216275259421082 0.7885922330097087 0.18418896777717095 0.4228155339805825