0 0.14788732394366197 0.39325842696629215 0.1 0.19101123595505617
0 0.9485915492957746 0.26685393258426965 0.1028169014084507 0.4438202247191011
0 0.8517605633802817 0.2640449438202247 0.11619718309859155 0.449438202247191
0 0.7489436619718309 0.08567415730337079 0.07112676056338028 0.17134831460674158
0 0.8112676056338028 0.10603932584269662 0.08028169014084507 0.21207865168539325
0 0.7591549295774648 0.27598314606741575 0.10422535211267606 0.425561797752809
0 0.5598591549295775 0.26615168539325845 0.1 0.4452247191011236
0 0.5306338028169014 0.23735955056179775 0.04154929577464789 0.4747191011235955
0 0.6524647887323943 0.27668539325842695 0.09647887323943662 0.4241573033707865
0 0.6059859154929578 0.16502808988764045 0.0823943661971831 0.3300561797752809
0 0.895774647887324 0.08918539325842696 0.07183098591549296 0.17837078651685392
0 0.6855633802816902 0.22752808988764045 0.0823943661971831 0.4550561797752809
0 0.321830985915493 0.8174157303370787 0.13802816901408452 0.3651685393258427
0 0.04401408450704225 0.7443820224719101 0.0880281690140845 0.5112359550561798
0 0.4454225352112676 0.7443820224719101 0.07394366197183098 0.5112359550561798
0 0.09612676056338028 0.8265449438202247 0.126056338028169 0.34691011235955055
0 0.3954225352112676 0.7542134831460674 0.0795774647887324 0.49157303370786515
0 0.31584507042253523 0.6144662921348315 0.0880281690140845 0.25140449438202245
0 0.24084507042253522 0.7408707865168539 0.07605633802816901 0.46769662921348315
0 0.19014084507042253 0.6811797752808989 0.059154929577464786 0.3398876404494382
0 0.272887323943662 0.547752808988764 0.04295774647887324 0.11797752808988764
0 0.35352112676056335 0.5765449438202247 0.05070422535211268 0.175561797752809
0 0.12992957746478873 0.6889044943820225 0.08098591549295775 0.3356741573033708
0 0.13485915492957745 0.5617977528089888 0.0823943661971831 0.14606741573033707
0 0.7630281690140845 0.9452247191011236 0.05845070422535211 0.10042134831460674
0 0.8116197183098591 0.6074438202247191 0.03838028169014084 0.15519662921348315
0 0.7679577464788733 0.6151685393258427 0.02640845070422535 0.15589887640449437