0 0.26026315789473686 0.27902621722846443 0.31894736842105265 0.3155430711610487
0 0.8997368421052632 0.2612359550561798 0.09236842105263159 0.19147940074906367
0 0.7492105263157894 0.25046816479400746 0.049736842105263156 0.16760299625468164
0 0.6797368421052632 0.24765917602996254 0.05947368421052632 0.15683520599250936
0 0.6811842105263158 0.8618913857677902 0.04868421052631579 0.19194756554307116
0 0.7653947368421052 0.8419943820224719 0.05394736842105263 0.19428838951310862
0 0.7982894736842105 0.8162453183520599 0.04078947368421053 0.1989700374531835
0 0.7936842105263158 0.6699438202247191 0.05 0.15917602996254682
0 0.7726315789473684 0.6348314606741573 0.034210526315789476 0.16853932584269662
0 0.7403947368421052 0.6523876404494382 0.038157894736842106 0.15215355805243447
0 0.6705263157894736 0.6170411985018727 0.04105263157894737 0.1891385767790262
0 0.845657894736842 0.7389981273408239 0.035526315789473684 0.10065543071161048
0 0.9265789473684211 0.7027153558052435 0.042105263157894736 0.15917602996254682
0 0.985 0.7551498127340824 0.03 0.17134831460674158
0 0.9785526315789473 0.7073970037453183 0.038157894736842106 0.16853932584269662
0 0.9436842105263158 0.6044007490636704 0.039473684210526314 0.15917602996254682
0 0.9828947368421053 0.602996254681648 0.034210526315789476 0.13857677902621723
0 0.9876315789473684 0.5585205992509363 0.024736842105263158 0.13764044943820225