0 0.9053509781357882 0.1091188524590164 0.040851553509781355 0.12807377049180327
0 0.6746260069044879 0.11270491803278689 0.027330264672036825 0.0932377049180328
0 0.9853279631760644 0.13934426229508196 0.029344073647871116 0.13012295081967212
0 0.6107594936708861 0.3324795081967213 0.08227848101265822 0.1885245901639344
0 0.8075373993095513 0.3985655737704918 0.08688147295742232 0.06147540983606557
0 0.8889528193325662 0.1526639344262295 0.03049482163406214 0.09989754098360656
0 0.8840621403912543 0.07223360655737705 0.032508630609896436 0.12141393442622951
0 0.9243383199079401 0.08299180327868852 0.024165707710011506 0.12141393442622951
0 0.9827387802071347 0.19620901639344263 0.03452243958573072 0.18135245901639344
0 0.7229574223245109 0.08350409836065574 0.04602991944764097 0.11116803278688525
0 0.7497123130034522 0.0584016393442623 0.037399309551208286 0.07940573770491803
0 0.4928078250863061 0.8842213114754098 0.014384349827387802 0.10655737704918032