0 0.19875 0.8093471810089021 0.0325 0.15281899109792285
0 0.7916666666666666 0.9502967359050445 0.0175 0.08456973293768547
0 0.7695833333333333 0.9317507418397626 0.01625 0.0771513353115727
0 0.7329166666666667 0.9324925816023739 0.01125 0.06528189910979229
0 0.7295833333333334 0.8486646884272997 0.01 0.04747774480712166
0 0.8875 0.9102373887240356 0.015416666666666667 0.05934718100890208
0 0.9079166666666667 0.8864985163204748 0.010833333333333334 0.0586053412462908
0 0.6870833333333334 0.8204747774480712 0.009583333333333333 0.037833827893175076
0 0.69875 0.8167655786350149 0.007916666666666667 0.037833827893175076
0 0.7058333333333333 0.814540059347181 0.008333333333333333 0.03412462908011869
0 0.68 0.7959940652818991 0.007916666666666667 0.032640949554896145
0 0.6679166666666667 0.8686943620178041 0.009166666666666667 0.055637982195845696
0 0.7270833333333333 0.7937685459940653 0.008333333333333333 0.03635014836795252
0 0.7045833333333333 0.7811572700296736 0.007916666666666667 0.02373887240356083
0 0.7291666666666666 0.7566765578635015 0.004583333333333333 0.02744807121661721
0 0.7383333333333333 0.7477744807121661 0.005416666666666667 0.017062314540059347
0 0.7070833333333333 0.7522255192878339 0.005416666666666667 0.020771513353115726
0 0.7133333333333334 0.7485163204747775 0.005 0.020771513353115726
0 0.7375 0.7292284866468842 0.005416666666666667 0.017062314540059347
0 0.7429166666666667 0.7136498516320475 0.008333333333333333 0.014094955489614243
0 0.7454166666666666 0.6936201780415431 0.004166666666666667 0.014094955489614243
0 0.74125 0.6958456973293768 0.0033333333333333335 0.008902077151335312
0 0.7229166666666667 0.7255192878338279 0.006666666666666667 0.015578635014836795
0 0.71375 0.75 0.00625 0.02744807121661721
0 0.7079166666666666 0.7492581602373887 0.008333333333333333 0.024480712166172106
0 0.995 0.8864985163204748 0.009583333333333333 0.032640949554896145
0 0.98125 0.9080118694362018 0.018333333333333333 0.057863501483679525
0 0.9658333333333333 0.8664688427299704 0.006666666666666667 0.04302670623145401
0 0.9533333333333334 0.8612759643916914 0.013333333333333334 0.04302670623145401
0 0.95125 0.844213649851632 0.009583333333333333 0.019287833827893175
0 0.9754166666666667 0.8501483679525222 0.009583333333333333 0.017804154302670624
0 0.9320833333333334 0.7781899109792285 0.010416666666666666 0.03635014836795252
0 0.9579166666666666 0.7841246290801187 0.008333333333333333 0.020029673590504452
0 0.6516666666666666 0.7967359050445104 0.0033333333333333335 0.020771513353115726
0 0.6683333333333333 0.7581602373887241 0.009583333333333333 0.021513353115727003
0 0.7054166666666667 0.7040059347181009 0.007083333333333333 0.020771513353115726
0 0.6916666666666667 0.7210682492581603 0.007083333333333333 0.020029673590504452
0 0.73125 0.7084569732937686 0.007916666666666667 0.010385756676557863
0 0.7241666666666666 0.6973293768545994 0.008333333333333333 0.009643916913946587
0 0.8795833333333334 0.7351632047477745 0.007083333333333333 0.020771513353115726
0 0.8858333333333334 0.7344213649851632 0.002916666666666667 0.01483679525222552
0 0.9079166666666667 0.7277448071216617 0.00625 0.015578635014836795
0 0.9229166666666667 0.723293768545994 0.0033333333333333335 0.009643916913946587
0 0.9033333333333333 0.7203264094955489 0.005416666666666667 0.012611275964391691
0 0.9016666666666666 0.7099406528189911 0.009166666666666667 0.013353115727002967
0 0.9329166666666666 0.7455489614243324 0.00875 0.016320474777448073
0 0.6525 0.8508902077151336 0.005 0.034866468842729974