0 0.45 0.11987381703470032 0.03274336283185841 0.06703470031545741
0 0.5314159292035399 0.18690851735015773 0.0827433628318584 0.16640378548895898
0 0.6893805309734513 0.15694006309148265 0.08053097345132744 0.1474763406940063
0 0.7380530973451327 0.15851735015772872 0.032300884955752215 0.05441640378548896
0 0.9845132743362832 0.10962145110410094 0.02566371681415929 0.06466876971608833
0 0.9150442477876106 0.10015772870662461 0.02566371681415929 0.061514195583596214
0 0.8628318584070797 0.09227129337539432 0.016814159292035398 0.031545741324921134
0 0.8008849557522124 0.083596214511041 0.026106194690265486 0.02365930599369085
0 0.7584070796460177 0.09384858044164038 0.024336283185840708 0.026025236593059938
0 0.7827433628318584 0.09936908517350158 0.021238938053097345 0.033123028391167195
0 0.8194690265486726 0.08517350157728706 0.016371681415929203 0.012618296529968454
0 0.1261061946902655 0.6884858044164038 0.17964601769911503 0.6230283911671924
0 0.5331858407079646 0.43769716088328076 0.022123893805309734 0.09621451104100946
0 0.5247787610619469 0.39037854889589907 0.01592920353982301 0.04258675078864353