0 0.33740212071778136 0.3870280612244898 0.1098613376835237 0.2026275510204082
0 0.5795269168026101 0.35331632653061223 0.299347471451876 0.40625
0 0.8772430668841762 0.32908163265306123 0.24551386623164764 0.3788265306122449
0 0.6904567699836868 0.3482142857142857 0.1203099510603589 0.34438775510204084
0 0.7161500815660685 0.19579081632653061 0.11460032626427406 0.22512755102040816
0 0.8735725938009788 0.17028061224489796 0.04526916802610114 0.1996173469387755
0 0.8584828711256117 0.18494897959183673 0.07259380097879282 0.20280612244897958
0 0.6439641109298532 0.2582908163265306 0.041598694942903754 0.10331632653061225
0 0.44127243066884175 0.22767857142857142 0.022838499184339316 0.05994897959183673
0 0.7830342577487766 0.25 0.03099510603588907 0.10522959183673469
0 0.8331973898858075 0.29081632653061223 0.04526916802610114 0.09630102040816327
0 0.14722675367047308 0.7965561224489796 0.27854812398042417 0.14285714285714285
0 0.50163132137031 0.7391581632653061 0.06035889070146819 0.1798469387755102