0 0.5758293838862559 0.22274633123689727 0.18009478672985782 0.19234800838574423
0 0.8669036334913112 0.9884696016771488 0.026066350710900472 0.023060796645702306
0 0.9897314375987362 0.9612159329140462 0.020537124802527645 0.0440251572327044
0 0.7705371248025277 0.990041928721174 0.022906793048973143 0.019916142557651992
0 0.7872511848341232 0.9710796645702306 0.01894154818325436 0.04430817610062891
0 0.8245892575039493 0.9372536687631027 0.01894944707740917 0.03097484276729555
0 0.813823064770932 0.9315303983228512 0.015355450236966868 0.0414570230607966
0 0.8210031595576618 0.9019916142557652 0.013206951026856262 0.03668763102725367
0 0.7879699842022118 0.9165199161425577 0.010323854660347501 0.042882599580712756
0 0.7669747235387046 0.8912683438155136 0.018578199052132687 0.026677148846960215
0 0.7265797788309637 0.9362997903563941 0.0160584518167456 0.0328721174004193
0 0.7212006319115324 0.9756079664570231 0.02036334913112162 0.02858490566037734
0 0.7037914691943128 0.870020964360587 0.007898894154818325 0.025157232704402517
0 0.7037914691943128 0.8815513626834381 0.007898894154818325 0.027253668763102725
0 0.7168878357030016 0.8683962264150944 0.010513428120063149 0.03526205450733751
0 0.7190442338072669 0.8512473794549266 0.011026856240126412 0.0295387840670859
0 0.7066587677725118 0.8502935010482181 0.012306477093206893 0.04002096436058695
0 0.7763033175355449 0.8369496855345913 0.014447077409162689 0.032400419287211706
0 0.793175355450237 0.829329140461216 0.015876777251184762 0.038113207547169826
0 0.801611374407583 0.8915094339622641 0.011769352290679377 0.03954926624737947
0 0.7940758293838862 0.8683962264150944 0.012480252764612919 0.032400419287211706
0 0.8759241706161138 0.7571488469601676 0.010347551342811935 0.03191823899371074
0 0.8014375987361769 0.754287211740042 0.009249605055292287 0.041457023060796655
0 0.8980015797788309 0.7597693920335429 0.009992101105845254 0.037159329140461266
0 0.9066192733017377 0.7566666666666667 0.010710900473933607 0.0328721174004193
0 0.914518167456556 0.7492872117400419 0.00856240126382318 0.030492662473794584
0 0.9175671406003159 0.7445178197064989 0.010355450236966745 0.03526205450733751
0 0.9839810426540284 0.775733752620545 0.0110900473933649 0.03668763102725367
0 0.9897314375987362 0.7547693920335429 0.005347551342811992 0.02620545073375262
0 0.7515323854660348 0.7519077568134171 0.007804107424960592 0.02429769392033544
0 0.7628436018957346 0.75 0.009067930489731452 0.017631027253668757
0 0.7712796208530807 0.7509538784067086 0.00996050552922583 0.02049266247379456
0 0.7780963665086889 0.7361844863731656 0.008530805687203756 0.025251572327044
0 0.8123854660347551 0.7202201257861636 0.005308056872037936 0.024779874213836463
0 0.8813112164296999 0.6304088050314465 0.008191153238546517 0.02620545073375262
0 0.8980015797788309 0.630649895178197 0.006406003159557583 0.020964360587002098
0 0.9084123222748814 0.6311215932914046 0.004968404423380698 0.024779874213836463
0 0.9233175355450237 0.6325471698113208 0.003894154818325305 0.02287211740041928
0 0.9177488151658767 0.6304088050314465 0.006516587677725118 0.02429769392033544
0 0.9511374407582938 0.6337421383647799 0.010726698262243407 0.023343815513626815
0 0.9786018957345972 0.6344549266247379 0.009652448657188015 0.023825995807127902
0 0.99152448657188 0.7974109014675053 0.012527646129541964 0.02191823899371066
0 0.7130647709320695 0.790670859538784 0.010260663507109012 0.03280922431865824
0 0.7120300157977882 0.7868029350104822 0.014462875197472311 0.03600628930817613
0 0.7072274881516588 0.759916142557652 0.004763033175355429 0.027798742138364762
0 0.711176935229068 0.7530712788259959 0.005797788309636586 0.02871069182389936
0 0.7276619273301738 0.7512578616352201 0.004502369668246482 0.031446540880503145
0 0.7305766192733018 0.7389517819706499 0.008965244865718728 0.027798742138364762
0 0.7456872037914691 0.7371278825995807 0.011026856240126412 0.01686582809224316
0 0.751350710900474 0.725503144654088 0.00793048973143757 0.0200524109014675
0 0.9984202211690363 0.7290356394129979 0.00315955766192733 0.0220125786163522
0 0.9950394944707741 0.7282389937106918 0.009012638230647595 0.0291719077568134
0 0.9792417061611375 0.7175262054507338 0.012448657187993673 0.020513626834381543
0 0.7028120063191153 0.7429454926624738 0.003917851500789918 0.012903563941299793