0 0.4571678321678322 0.23967551622418878 0.10664335664335664 0.084070796460177
0 0.5148601398601399 0.2853982300884956 0.11582167832167832 0.11283185840707964
0 0.7548076923076923 0.28761061946902655 0.09222027972027973 0.32448377581120946
0 0.8675699300699301 0.24188790560471976 0.1271853146853147 0.25442477876106195
0 0.9077797202797203 0.2809734513274336 0.1381118881118881 0.3274336283185841
0 0.9309440559440559 0.2809734513274336 0.1381118881118881 0.33775811209439527
0 0.6446678321678322 0.2809734513274336 0.11101398601398602 0.33775811209439527
0 0.9838286713286714 0.11356932153392331 0.02666083916083916 0.06563421828908554
0 0.19973776223776224 0.8591445427728613 0.09702797202797203 0.28171091445427726
0 0.8138111888111889 0.7249262536873157 0.3723776223776224 0.5501474926253688
0 0.7019230769230769 0.5530973451327433 0.22552447552447552 0.20648967551622419