0 0.35864864864864865 0.26346153846153847 0.025405405405405406 0.09615384615384616
0 0.23108108108108108 0.20576923076923076 0.023243243243243242 0.06538461538461539
0 0.31675675675675674 0.19230769230769232 0.00972972972972973 0.05384615384615385
0 0.3232432432432432 0.20336538461538461 0.008648648648648649 0.03173076923076923
0 0.9789189189189189 0.15913461538461537 0.04216216216216216 0.31826923076923075
0 0.9202702702702703 0.09567307692307692 0.05459459459459459 0.19134615384615383
0 0.6827027027027027 0.27163461538461536 0.08513513513513514 0.21778846153846154
0 0.6754054054054054 0.1778846153846154 0.07081081081081081 0.12307692307692308
0 0.7581081081081081 0.2 0.12243243243243243 0.17596153846153847
0 0.894054054054054 0.41875 0.07135135135135136 0.10096153846153846
0 0.36567567567567566 0.8245192307692307 0.1764864864864865 0.35096153846153844
0 0.23837837837837839 0.8413461538461539 0.16864864864864865 0.31682692307692306
0 0.7762162162162162 0.6418269230769231 0.09324324324324325 0.24951923076923077
0 0.918918918918919 0.8038461538461539 0.05756756756756757 0.16009615384615383