0 0.28811149032992034 0.23937246963562753 0.06996587030716724 0.30870445344129555
0 0.03811149032992037 0.8188259109311741 0.07622298065984073 0.3618421052631579
0 0.13168373151308305 0.8162955465587044 0.10523321956769056 0.3674089068825911
0 0.22610921501706485 0.805668016194332 0.0949943117178612 0.3881578947368421
0 0.2895335608646189 0.7950404858299596 0.23037542662116042 0.40941295546558704
0 0.426905574516496 0.812246963562753 0.08816837315130831 0.37550607287449395
0 0.5344141069397043 0.7793522267206477 0.15841865756541523 0.4407894736842105
0 0.6251422070534699 0.75 0.06911262798634812 0.5
0 0.714448236632537 0.6417004048582996 0.008248009101251423 0.034919028340080975
0 0.7121729237770194 0.6513157894736842 0.011092150170648464 0.021761133603238867
0 0.7753128555176336 0.8243927125506073 0.1612627986348123 0.3507085020242915