0 0.24029451137884872 0.32079119571683523 0.04484605087014726 0.25981558596073767
0 0.7194332887103971 0.2587745389649018 0.02922802320392682 0.10172516359309934
0 0.7790049085229808 0.28004164187983344 0.030120481927710843 0.11213563355145746
0 0.7691878625613565 0.26055919095776325 0.024096385542168676 0.11421772754312909
0 0.9240294511378849 0.06900654372397383 0.024765729585006693 0.06276026174895895
0 0.8699241410084784 0.06900654372397383 0.024765729585006693 0.06989886972040452
0 0.8408076751450245 0.06618084473527662 0.016287371709058456 0.0594883997620464
0 0.786256135653726 0.019928613920285543 0.020526550647032574 0.03985722784057109
0 0.5281124497991968 0.016508030933967875 0.013833110218652387 0.03301606186793575
0 0.9540383757251227 0.03584176085663296 0.014502454261490405 0.03539559785841761
0 0.2640562248995984 0.7975907198096371 0.4492414100847836 0.4046698393813206