0 0.2925445705024311 0.3134005763688761 0.08103727714748785 0.3645533141210375
0 0.3873581847649919 0.3069164265129683 0.07617504051863858 0.3659942363112392
0 0.7346029173419774 0.2730547550432277 0.17179902755267423 0.5367435158501441
0 0.8188816855753647 0.3919308357348703 0.08022690437601297 0.31412103746397696
0 0.2025931928687196 0.8530259365994236 0.008914100486223663 0.027377521613832854
0 0.1993517017828201 0.8198847262247838 0.01053484602917342 0.040345821325648415
0 0.28322528363047 0.8782420749279539 0.01053484602917342 0.02881844380403458
0 0.3148298217179903 0.9085014409221902 0.013776337115072933 0.018731988472622477
0 0.3440032414910859 0.9048991354466859 0.007293354943273906 0.04755043227665706
0 0.33225283630470015 0.9135446685878963 0.01620745542949757 0.059077809798270896
0 0.3326580226904376 0.8746397694524496 0.012965964343598054 0.021613832853025938
0 0.32374392220421394 0.8472622478386167 0.01539708265802269 0.027377521613832854
0 0.3472447325769854 0.8126801152737753 0.013776337115072933 0.021613832853025938
0 0.36507293354943277 0.8148414985590778 0.01053484602917342 0.023054755043227664
0 0.30226904376012964 0.7903458213256485 0.007293354943273906 0.03890489913544669
0 0.30753646677471635 0.781700288184438 0.008103727714748784 0.03314121037463977
0 0.3399513776337115 0.7514409221902018 0.011345218800648298 0.03890489913544669
0 0.31969205834683956 0.7420749279538905 0.01053484602917342 0.03602305475504323
0 0.3573743922204214 0.7327089337175793 0.008914100486223663 0.03170028818443804
0 0.38168557536466774 0.7514409221902018 0.007293354943273906 0.027377521613832854
0 0.3804700162074554 0.7370317002881844 0.006482982171799027 0.024495677233429394
0 0.3760129659643436 0.7334293948126801 0.007293354943273906 0.025936599423631124
0 0.37925445705024313 0.8609510086455331 0.01539708265802269 0.037463976945244955
0 0.2909238249594814 0.8134005763688761 0.008914100486223663 0.018731988472622477
0 0.28363047001620745 0.8119596541786743 0.006482982171799027 0.03170028818443804
0 0.26499189627228525 0.8703170028818443 0.009724473257698542 0.03890489913544669
0 0.23095623987034036 0.8789625360230547 0.018638573743922204 0.03314121037463977
0 0.17949756888168558 0.765850144092219 0.005672609400324149 0.037463976945244955
0 0.14829821717990274 0.7744956772334294 0.006482982171799027 0.040345821325648415
0 0.12115072933549433 0.7406340057636888 0.004862236628849271 0.03890489913544669
0 0.11507293354943274 0.7557636887608069 0.005672609400324149 0.0345821325648415
0 0.31523500810372773 0.9430835734870316 0.012965964343598054 0.04755043227665706
0 0.26094003241491087 0.8198847262247838 0.012965964343598054 0.040345821325648415
0 0.273095623987034 0.8141210374639769 0.008103727714748784 0.0345821325648415
0 0.276742301458671 0.8350144092219021 0.011345218800648298 0.021613832853025938
0 0.1705834683954619 0.696685878962536 0.004862236628849271 0.020172910662824207
0 0.16531604538087522 0.6865994236311239 0.006482982171799027 0.023054755043227664
0 0.14951377633711507 0.6851585014409222 0.0032414910858995136 0.024495677233429394
0 0.14141004862236628 0.6902017291066282 0.004051863857374392 0.021613832853025938
0 0.13614262560777957 0.680835734870317 0.0032414910858995136 0.023054755043227664
0 0.12884927066450566 0.6822766570605188 0.006482982171799027 0.023054755043227664
0 0.18638573743922204 0.6959654178674352 0.007293354943273906 0.023054755043227664
0 0.1867909238249595 0.7219020172910663 0.007293354943273906 0.018731988472622477
0 0.29497568881685576 0.7017291066282421 0.004862236628849271 0.025936599423631124
0 0.28646677471636955 0.6902017291066282 0.006482982171799027 0.027377521613832854
0 0.28768233387358183 0.7190201729106628 0.005672609400324149 0.03314121037463977
0 0.2799837925445705 0.7240634005763689 0.004862236628849271 0.0345821325648415
0 0.25972447325769854 0.7154178674351584 0.004051863857374392 0.027377521613832854
0 0.2637763371150729 0.7161383285302594 0.004862236628849271 0.024495677233429394
0 0.2739059967585089 0.7247838616714697 0.005672609400324149 0.0345821325648415
0 0.2747163695299838 0.6945244956772334 0.006482982171799027 0.023054755043227664
0 0.24959481361426256 0.7053314121037464 0.004051863857374392 0.027377521613832854
0 0.24311183144246354 0.7031700288184438 0.007293354943273906 0.02881844380403458
0 0.23743922204213938 0.6988472622478387 0.005672609400324149 0.02881844380403458
0 0.22893030794165317 0.6952449567723343 0.005672609400324149 0.03314121037463977
0 0.223257698541329 0.6959654178674352 0.008914100486223663 0.027377521613832854
0 0.21393841166936792 0.6995677233429395 0.004051863857374392 0.023054755043227664
0 0.20583468395461912 0.6930835734870316 0.004862236628849271 0.024495677233429394
0 0.33630470016207453 0.7089337175792507 0.005672609400324149 0.027377521613832854
0 0.3294165316045381 0.7010086455331412 0.006482982171799027 0.03170028818443804
0 0.3448136142625608 0.7103746397694525 0.008103727714748784 0.025936599423631124
0 0.34359805510534847 0.9884726224783862 0.017828200972447326 0.023054755043227664
0 0.3581847649918963 0.9956772334293948 0.012965964343598054 0.008645533141210375
0 0.3853322528363047 0.6282420749279539 0.004862236628849271 0.027377521613832854
0 0.36507293354943277 0.6195965417867435 0.007293354943273906 0.021613832853025938
0 0.35291734197730956 0.6087896253602305 0.007293354943273906 0.03025936599423631
0 0.34157212317666125 0.6102305475504323 0.0032414910858995136 0.023054755043227664
0 0.3464343598055105 0.611671469740634 0.005672609400324149 0.027377521613832854
0 0.14424635332252836 0.5994236311239193 0.005672609400324149 0.023054755043227664
0 0.29051863857374394 0.5979827089337176 0.007293354943273906 0.01585014409221902
0 0.1766612641815235 0.7240634005763689 0.007293354943273906 0.021613832853025938
0 0.2645867098865478 0.6930835734870316 0.005672609400324149 0.027377521613832854
0 0.31645056726094 0.702449567723343 0.011345218800648298 0.0345821325648415
0 0.21474878444084278 0.5922190201729106 0.004862236628849271 0.024495677233429394
0 0.17017828200972449 0.5922190201729106 0.004051863857374392 0.020172910662824207
0 0.17423014586709887 0.590057636887608 0.004862236628849271 0.020172910662824207
0 0.10575364667747164 0.776657060518732 0.005672609400324149 0.037463976945244955
0 0.07617504051863858 0.8198847262247838 0.007293354943273906 0.03890489913544669
0 0.06807131280388978 0.8213256484149856 0.009724473257698542 0.040345821325648415
0 0.02957860615883306 0.8832853025936599 0.013776337115072933 0.043227665706051875
0 0.053889789303079416 0.9589337175792507 0.017828200972447326 0.03602305475504323
0 0.05145867098865478 0.9373198847262247 0.013776337115072933 0.025936599423631124
0 0.08306320907617504 0.9855907780979827 0.013776337115072933 0.02881844380403458
0 0.007698541329011345 0.8854466858789626 0.01539708265802269 0.03025936599423631
0 0.0887358184764992 0.739193083573487 0.008103727714748784 0.02881844380403458
0 0.08387358184764993 0.7485590778097982 0.008914100486223663 0.025936599423631124
0 0.10170178282009724 0.7478386167146974 0.007293354943273906 0.03170028818443804
0 0.11061588330632091 0.7514409221902018 0.008914100486223663 0.0345821325648415
0 0.09278768233387358 0.7010086455331412 0.005672609400324149 0.03170028818443804
0 0.06320907617504051 0.6340057636887608 0.004051863857374392 0.02881844380403458
0 0.07982171799027553 0.6231988472622478 0.005672609400324149 0.024495677233429394
0 0.033630470016207455 0.6512968299711815 0.0032414910858995136 0.03170028818443804
0 0.027957860615883307 0.654178674351585 0.005672609400324149 0.03170028818443804
0 0.023905996758508914 0.659221902017291 0.0032414910858995136 0.02881844380403458
0 0.018233387358184763 0.6642651296829971 0.004051863857374392 0.025936599423631124
0 0.014586709886547812 0.6628242074927954 0.006482982171799027 0.02881844380403458
0 0.03525121555915721 0.9913544668587896 0.01539708265802269 0.01729106628242075
0 0.004457050243111832 0.8451008645533141 0.008914100486223663 0.04178674351585014
0 0.07779578606158834 0.7384726224783862 0.004051863857374392 0.02881844380403458
0 0.4162074554294976 0.8045821325648415 0.009943273905996744 0.028126801152737725
0 0.4253727714748784 0.8500432276657062 0.01361426256077792 0.04288184438040345
0 0.43251215559157213 0.8591354466858789 0.010915721231766635 0.04253602305475502
0 0.46555915721231766 0.845821325648415 0.007293354943273906 0.02881844380403458
0 0.42625607779578606 0.9827089337175793 0.01620745542949757 0.0345821325648415
0 0.3876580226904376 0.8941210374639769 0.018419773095624002 0.05900576368876087
0 0.3924797406807131 0.9277521613832853 0.018038897893030786 0.05214697406340066
0 0.46231766612641817 0.8904899135446686 0.013776337115072933 0.02881844380403458
0 0.4615072933549433 0.877521613832853 0.01539708265802269 0.02881844380403458
0 0.4554700162074554 0.8530259365994236 0.013589951377633696 0.04082132564841504
0 0.46076985413290117 0.8497838616714697 0.007001620745543031 0.04010086455331418
0 0.3942868719611021 0.7655475504322766 0.006661264181523523 0.03134005763688761
0 0.4003970826580227 0.7647118155619597 0.009424635332252832 0.03397694524495675
0 0.3889222042139384 0.7430979827089338 0.00645056726093997 0.03541786743515848
0 0.36633711507293354 0.7156628242074927 0.00583468395461907 0.024495677233429394
0 0.3586952998379254 0.7022766570605187 0.004910858995137719 0.025100864553314145
0 0.324902755267423 0.69164265129683 0.00563209076175035 0.02618155619596544
0 0.5388978930307942 0.8494236311239193 0.1393841166936791 0.3011527377521614