0 0.13091397849462366 0.4574569789674952 0.0478494623655914 0.22466539196940727
0 0.6231182795698925 0.245697896749522 0.1064516129032258 0.29063097514340347
0 0.24596774193548387 0.8025812619502868 0.1435483870967742 0.39435946462715105
0 0.4198924731182796 0.7973231357552581 0.13306451612903225 0.29349904397705545
0 0.3279569892473118 0.7237093690248566 0.08360215053763441 0.21510516252390058
0 0.26263440860215054 0.6037284894837476 0.04704301075268817 0.06787762906309751
0 0.19543010752688172 0.7380497131931166 0.06827956989247312 0.33413001912045887
0 0.4852150537634409 0.7060229445506692 0.056451612903225805 0.21749521988527726
0 0.5526881720430108 0.6520076481835564 0.03413978494623656 0.09273422562141491
0 0.5056451612903226 0.8503824091778203 0.07419354838709677 0.0497131931166348
0 0.5314516129032258 0.8580305927342257 0.07688172043010753 0.19024856596558318
0 0.8526881720430107 0.9287762906309751 0.064247311827957 0.09082217973231357
0 0.8432795698924731 0.754302103250478 0.0521505376344086 0.06835564053537285
0 0.7564516129032258 0.6682600382409177 0.04516129032258064 0.04445506692160612
0 0.671505376344086 0.7060229445506692 0.041666666666666664 0.05975143403441682
0 0.9819892473118279 0.7045889101338432 0.03602150537634408 0.05927342256214149