0 0.34296875 0.29907407407407405 0.0234375 0.1388888888888889
0 0.37265625 0.2574074074074074 0.0171875 0.1037037037037037
0 0.8260416666666667 0.24583333333333332 0.16458333333333333 0.19722222222222222
0 0.65625 0.2949074074074074 0.19088541666666667 0.28379629629629627
0 0.20494791666666667 0.7458333333333333 0.36953125 0.5050925925925925
0 0.434375 0.7384259259259259 0.25078125 0.5175925925925926
0 0.90546875 0.7185185185185186 0.1875 0.3300925925925926
0 0.7671875 0.8041666666666667 0.18932291666666667 0.38842592592592595
0 0.6388020833333333 0.7393518518518518 0.15572916666666667 0.5189814814814815
0 0.97578125 0.7425925925925926 0.0484375 0.19305555555555556
0 0.8104166666666667 0.7162037037037037 0.057291666666666664 0.15694444444444444