0 0.5331858407079646 0.29652996845425866 0.07345132743362832 0.334384858044164
0 0.4451327433628319 0.39589905362776023 0.13451327433628318 0.3470031545741325
0 0.7079646017699115 0.20425867507886436 0.03274336283185841 0.15694006309148265
0 0.7513274336283186 0.3383280757097792 0.045575221238938056 0.37302839116719244
0 0.7991150442477876 0.34069400630914826 0.04292035398230089 0.38485804416403785
0 0.8694690265486725 0.3194006309148265 0.06592920353982301 0.3383280757097792
0 0.9389380530973451 0.16482649842271294 0.061504424778761065 0.10173501577287067
0 0.6915929203539823 0.19085173501577288 0.018584070796460177 0.07413249211356467
0 0.6867256637168142 0.1916403785488959 0.024336283185840708 0.07255520504731862
0 0.8190265486725664 0.33280757097791797 0.03185840707964602 0.3414826498422713
0 0.4814159292035398 0.8430599369085173 0.21858407079646017 0.3107255520504732
0 0.3088495575221239 0.7176656151419558 0.16858407079646018 0.20977917981072555