0 0.5478158205430933 0.47794117647058826 0.08382526564344746 0.24369747899159663
0 0.7948642266824085 0.3282563025210084 0.410271546635183 0.5430672268907563
0 0.24911452184179456 0.7158613445378151 0.06493506493506493 0.23214285714285715
0 0.2972255017709563 0.6896008403361344 0.06434474616292798 0.1796218487394958
0 0.17591499409681227 0.7195378151260504 0.05667060212514758 0.23949579831932774
0 0.6097992916174735 0.8566176470588235 0.04014167650531287 0.2862394957983193
0 0.6655844155844156 0.854516806722689 0.06818181818181818 0.29044117647058826
0 0.7266824085005903 0.8455882352941176 0.06139315230224321 0.3082983193277311
0 0.7677095631641087 0.8366596638655462 0.14905548996458087 0.32615546218487396
0 0.8568476977567887 0.8513655462184874 0.05696576151121606 0.2972689075630252
0 0.9262101534828807 0.8235294117647058 0.10271546635182999 0.35294117647058826
0 0.981404958677686 0.7998949579831933 0.0371900826446281 0.40021008403361347