0 0.22581521739130433 0.2393617021276596 0.05190217391304348 0.06141199226305609
0 0.31168478260869564 0.2437137330754352 0.13179347826086957 0.10638297872340426
0 0.7663043478260869 0.3176982591876209 0.2926630434782609 0.44390715667311414
0 0.422 0.7919052224371372 0.07164673913043475 0.2781721470019342
0 0.653804347826087 0.9424564796905223 0.058695652173913045 0.11508704061895551
0 0.7489130434782608 0.5875241779497099 0.04456521739130435 0.09574468085106383
0 0.6959239130434782 0.6131528046421664 0.04728260869565217 0.1470019342359768
0 0.7046195652173913 0.8941005802707931 0.04076086956521739 0.21179883945841393
0 0.5524456521739131 0.5817214700193424 0.04076086956521739 0.08413926499032882
0 0.8472826086956522 0.5754352030947776 0.043478260869565216 0.07156673114119923
0 0.8054347826086956 0.5730174081237911 0.03804347826086957 0.06673114119922631
0 0.769429347826087 0.8160058027079303 0.058423913043478264 0.22969052224371372
0 0.8557065217391304 0.7603965183752418 0.057065217391304345 0.2200193423597679
0 0.9229619565217392 0.6890715667311412 0.050271739130434784 0.24177949709864605
0 0.5601902173913044 0.7132495164410058 0.05298913043478261 0.22727272727272727
0 0.725 0.902321083172147 0.05434782608695652 0.195357833655706