0 0.5882619047619048 0.4218125 0.08379365079365074 0.11362499999999998
0 0.7468253968253968 0.63125 0.014285714285714285 0.0375
0 0.7238095238095238 0.63375 0.031746031746031744 0.0325
0 0.7246031746031746 0.6025 0.025396825396825397 0.0375
0 0.7071428571428572 0.555 0.03015873015873016 0.0475
0 0.7531746031746032 0.495 0.026984126984126985 0.0375
0 0.7880952380952381 0.49875 0.020634920634920634 0.04
0 0.6761904761904762 0.44125 0.012698412698412698 0.0575
0 0.7388888888888889 0.38875 0.022222222222222223 0.0675
0 0.6992063492063492 0.3725 0.020634920634920634 0.0625
0 0.773015873015873 0.35625 0.01746031746031746 0.055
0 0.8206349206349206 0.38875 0.014285714285714285 0.0475
0 0.8182539682539682 0.36375 0.012698412698412698 0.0425
0 0.8095238095238095 0.3575 0.014285714285714285 0.045
0 0.8158730158730159 0.57875 0.03015873015873016 0.065
0 0.7317460317460317 0.315 0.011111111111111112 0.0475
0 0.7182539682539683 0.30125 0.012698412698412698 0.055
0 0.7484126984126984 0.3175 0.015873015873015872 0.045
0 0.8277777777777777 0.175 0.009523809523809525 0.0475
0 0.7880952380952381 0.16 0.014285714285714285 0.0375
0 0.7642857142857142 0.14125 0.014285714285714285 0.0525
0 0.7420634920634921 0.14375 0.006349206349206349 0.04
0 0.7515873015873016 0.14625 0.011111111111111112 0.0475
0 0.6928571428571428 0.30375 0.022222222222222223 0.06
0 0.8882539682539683 0.48095 0.01947619047619045 0.048799999999999955
0 0.9062063492063491 0.559825 0.026666666666666596 0.07439999999999998
0 0.9201904761904762 0.5756 0.021380952380952424 0.07379999999999995
0 0.9888888888888889 0.5525 0.022222222222222223 0.05
0 0.8317460317460318 0.6175 0.03492063492063492 0.065
0 0.9825396825396825 0.6275 0.03492063492063492 0.045
0 0.9809523809523809 0.6075 0.0380952380952381 0.05
0 0.9651587301587301 0.565 0.02661904761904759 0.0708250000000001
0 0.9755396825396826 0.559375 0.013714285714285873 0.06957500000000011
0 0.8453174603174602 0.41322499999999995 0.01304761904761909 0.054375
0 0.8572857142857143 0.411775 0.018460317460317455 0.05894999999999996
0 0.8348095238095239 0.374275 0.012634920634920513 0.06144999999999996
0 0.7905714285714286 0.326675 0.011428571428571321 0.0425
0 0.7756031746031746 0.30345 0.009619047619047532 0.04355000000000004
0 0.7094126984126984 0.285 0.011031746031745924 0.04542500000000004
0 0.16825396825396827 0.875 0.23809523809523808 0.25
0 0.834920634920635 0.825 0.33015873015873015 0.35