0 0.39493996569468265 0.21941896024464833 0.01972555746140652 0.0963302752293578
0 0.1951114922813036 0.8547400611620795 0.362778730703259 0.290519877675841
0 0.26972555746140653 0.8019877675840978 0.4772727272727273 0.3952599388379205
0 0.39193825042881647 0.6987767584097859 0.217409948542024 0.14296636085626913
0 0.7521440823327615 0.8769113149847095 0.0823327615780446 0.24617737003058104
0 0.9622641509433962 0.8967889908256881 0.07547169811320754 0.20642201834862386
0 0.984228130360206 0.6303822629969419 0.030317324185248733 0.13701834862385318
0 0.8009948542024014 0.817599388379205 0.03128644939965696 0.14603975535168195
0 0.9571269296740995 0.6299082568807339 0.04955403087478557 0.1311467889908257
0 0.9901372212692967 0.6513761467889908 0.01972555746140652 0.07339449541284404
0 0.8820754716981132 0.5626911314984709 0.026586620926243566 0.0856269113149847
0 0.817041166380789 0.5797706422018349 0.030497427101200736 0.10617737003058103
0 0.7834476843910806 0.6077981651376146 0.02906518010291594 0.07900611620795109
0 0.7579588336192109 0.6171406727828747 0.02668096054888509 0.08409785932721713