0 0.18288745387453875 0.2887453874538745 0.0352859778597786 0.12084870848708487
0 0.28955258302583026 0.1057810578105781 0.012338560885608855 0.04873923739237392
0 0.29474169741697415 0.06073185731857319 0.006342250922509225 0.023985239852398525
0 0.9031365313653137 0.2686039360393604 0.06595940959409594 0.2699876998769988
0 0.8643911439114391 0.24031365313653136 0.05973247232472325 0.23908364083640837
0 0.6743542435424354 0.21463714637146372 0.10262915129151291 0.15421279212792127
0 0.5717250922509225 0.31426814268142683 0.1172739852398524 0.27121771217712176
0 0.5324031365313653 0.24292742927429276 0.044972324723247234 0.13883763837638377
0 0.7879381918819188 0.18696186961869618 0.06388376383763837 0.0990159901599016
0 0.4245848708487085 0.8554735547355473 0.031826568265682656 0.1039360393603936
0 0.3828413284132841 0.8666974169741697 0.021217712177121772 0.1100861008610086
0 0.369580258302583 0.8542435424354243 0.0426660516605166 0.0519680196801968
0 0.4316190036900369 0.6875768757687577 0.021217712177121772 0.07810578105781057
0 0.40544280442804426 0.6869618696186962 0.029289667896678966 0.08148831488314884
0 0.1345710332103321 0.6551353013530136 0.019603321033210334 0.07687576875768758
0 0.09294280442804428 0.5641143911439115 0.021217712177121772 0.05565805658056581
0 0.017181734317343173 0.621309963099631 0.034363468634686346 0.08517835178351783
0 0.1708948339483395 0.5770295202952029 0.023062730627306273 0.03905289052890529
0 0.32080258302583026 0.5622693726937269 0.015913284132841328 0.05688806888068881
0 0.017066420664206643 0.5445879458794588 0.014990774907749077 0.06611316113161132
0 0.6615544280442804 0.7927429274292743 0.03736162361623616 0.22186346863468634