0 0.028609154929577465 0.26332288401253917 0.05721830985915493 0.27899686520376177
0 0.0721830985915493 0.3456112852664577 0.03697183098591549 0.1614420062695925
0 0.7425176056338029 0.3401253918495298 0.11883802816901408 0.45768025078369906
0 0.6342429577464789 0.322884012539185 0.11883802816901408 0.49137931034482757
0 0.5409330985915493 0.7272727272727273 0.016725352112676055 0.15047021943573669
0 0.5308098591549296 0.725705329153605 0.02244718309859155 0.15282131661442006
0 0.5127640845070423 0.731974921630094 0.023327464788732395 0.14106583072100312
0 0.48811619718309857 0.7225705329153606 0.03829225352112676 0.15830721003134796
0 0.4669894366197183 0.7695924764890282 0.03829225352112676 0.06426332288401254
0 0.4639084507042254 0.7053291536050157 0.01716549295774648 0.07601880877742946
0 0.45422535211267606 0.6873040752351097 0.009683098591549295 0.0219435736677116
0 0.44278169014084506 0.7366771159874608 0.019806338028169015 0.12774294670846395
0 0.43309859154929575 0.7335423197492164 0.02464788732394366 0.13166144200626959
0 0.41813380281690143 0.7202194357366771 0.014964788732394365 0.09090909090909091
0 0.40580985915492956 0.70141065830721 0.014964788732394365 0.050940438871473356
0 0.3921654929577465 0.6967084639498433 0.01716549295774648 0.028996865203761754
0 0.2746478873239437 0.6528213166144201 0.04709507042253521 0.047021943573667714
0 0.7367957746478874 0.8840125391849529 0.23767605633802816 0.23197492163009403
0 0.832306338028169 0.7695924764890282 0.20774647887323944 0.3957680250783699