0 0.14248704663212436 0.38461538461538464 0.05872193436960276 0.23076923076923078
0 0.24438687392055267 0.2561538461538462 0.039723661485319514 0.1646153846153846
0 0.1303972366148532 0.05692307692307692 0.013816925734024179 0.07076923076923076
0 0.9360967184801382 0.4976923076923077 0.07599309153713299 0.2630769230769231
0 0.3389464594127807 0.8446153846153847 0.038860103626943004 0.11
0 0.02849740932642487 0.8992307692307693 0.055267702936096716 0.20153846153846153
0 0.07599309153713299 0.833076923076923 0.03281519861830743 0.05153846153846154
0 0.08592400690846287 0.9069230769230769 0.0651986183074266 0.18615384615384614
0 0.13989637305699482 0.8938461538461538 0.11701208981001728 0.21153846153846154
0 0.25734024179620035 0.8838461538461538 0.15025906735751296 0.2323076923076923
0 0.3626943005181347 0.8892307692307693 0.09326424870466321 0.22153846153846155
0 0.9158031088082902 0.8723076923076923 0.07167530224525043 0.20076923076923076
0 0.8691709844559585 0.8615384615384616 0.049654576856649396 0.1930769230769231
0 0.8177892918825561 0.8630769230769231 0.06390328151986183 0.1976923076923077
0 0.7616580310880829 0.8607692307692307 0.05872193436960276 0.18846153846153846