0 0.7425864909390445 0.19794721407624633 0.05683690280065898 0.13269794721407624
0 0.19604612850082373 0.8585043988269795 0.01070840197693575 0.05571847507331378
0 0.171334431630972 0.8240469208211144 0.005766062602965404 0.04032258064516129
0 0.12397034596375618 0.8717008797653959 0.013179571663920923 0.054252199413489736
0 0.09472817133443164 0.8460410557184751 0.015650741350906095 0.051319648093841645
0 0.07784184514003295 0.8973607038123167 0.011532125205930808 0.06451612903225806
0 0.06219110378912685 0.8944281524926686 0.018121911037891267 0.05571847507331378
0 0.05065897858319605 0.8980938416422287 0.015650741350906095 0.054252199413489736
0 0.06836902800658978 0.9853372434017595 0.013179571663920923 0.025659824046920823
0 0.21087314662273476 0.9736070381231672 0.02059308072487644 0.04325513196480939
0 0.29448105436573313 0.9736070381231672 0.0214168039538715 0.04985337243401759
0 0.3471993410214168 0.9420821114369502 0.016474464579901153 0.04838709677419355
0 0.32742998352553543 0.9560117302052786 0.01400329489291598 0.051319648093841645
0 0.3846787479406919 0.8951612903225806 0.01729818780889621 0.041788856304985335
0 0.38097199341021415 0.9105571847507331 0.014827018121911038 0.04325513196480939
0 0.44233937397034595 0.9149560117302052 0.016474464579901153 0.051319648093841645
0 0.43739703459637563 0.7851906158357771 0.009884678747940691 0.041788856304985335
0 0.37932454695222406 0.8321114369501467 0.018121911037891267 0.0344574780058651
0 0.33237232289950575 0.8834310850439883 0.018121911037891267 0.04985337243401759
0 0.25329489291598023 0.9252199413489736 0.011532125205930808 0.04985337243401759
0 0.24217462932454695 0.9178885630498533 0.012355848434925865 0.05865102639296188
0 0.23187808896210874 0.8812316715542522 0.008237232289950576 0.04472140762463343
0 0.23187808896210874 0.8526392961876833 0.01070840197693575 0.04325513196480939
0 0.21952224052718286 0.8482404692082112 0.009884678747940691 0.04838709677419355
0 0.2784184514003295 0.8504398826979472 0.012355848434925865 0.032991202346041054
0 0.29777594728171336 0.8944281524926686 0.01400329489291598 0.030058651026392963
0 0.31013179571663924 0.8834310850439883 0.01729818780889621 0.022727272727272728
0 0.33278418451400327 0.8453079178885631 0.009060955518945634 0.02126099706744868
0 0.32042833607907745 0.8203812316715543 0.014827018121911038 0.02126099706744868
0 0.3212520593080725 0.7778592375366569 0.01400329489291598 0.045454545454545456
0 0.35337726523887975 0.7536656891495601 0.01400329489291598 0.018328445747800588
0 0.3113673805601318 0.750733137829912 0.009060955518945634 0.030058651026392963
0 0.31054365733113676 0.7353372434017595 0.007413509060955519 0.02126099706744868
0 0.3183690280065898 0.7148093841642229 0.009884678747940691 0.0344574780058651
0 0.3397858319604613 0.7272727272727273 0.007413509060955519 0.032991202346041054
0 0.35790774299835254 0.7258064516129032 0.007413509060955519 0.030058651026392963
0 0.3673805601317957 0.7214076246334311 0.007413509060955519 0.027126099706744868
0 0.37932454695222406 0.7199413489736071 0.007413509060955519 0.028592375366568914
0 0.41474464579901155 0.7412023460410557 0.009884678747940691 0.028592375366568914
0 0.49794069192751234 0.6737536656891495 0.004118616144975288 0.028592375366568914
0 0.48311367380560133 0.6671554252199413 0.006589785831960461 0.032991202346041054
0 0.4757001647446458 0.657624633431085 0.008237232289950576 0.028592375366568914
0 0.4028006589785832 0.6077712609970675 0.004118616144975288 0.027126099706744868
0 0.3875617792421746 0.5975073313782991 0.006589785831960461 0.022727272727272728
0 0.3669686985172982 0.5879765395894428 0.0032948929159802307 0.02126099706744868
0 0.38138385502471167 0.5982404692082112 0.004942339373970346 0.030058651026392963
0 0.4287479406919275 0.8284457478005866 0.015650741350906095 0.04032258064516129
0 0.4233937397034596 0.8203812316715543 0.014827018121911038 0.04838709677419355
0 0.08401976935749589 0.7111436950146628 0.007413509060955519 0.03152492668621701
0 0.06507413509060955 0.7118768328445748 0.006589785831960461 0.025659824046920823
0 0.058072487644151564 0.7595307917888563 0.004118616144975288 0.03152492668621701
0 0.02800658978583196 0.8387096774193549 0.009884678747940691 0.04325513196480939
0 0.014415156507413509 0.8555718475073314 0.007413509060955519 0.025659824046920823
0 0.035831960461285006 0.8313782991202346 0.018945634266886325 0.051319648093841645
0 0.14085667215815487 0.6840175953079178 0.01070840197693575 0.032991202346041054
0 0.24958813838550248 0.5637829912023461 0.005766062602965404 0.02126099706744868
0 0.26153212520593083 0.6906158357771262 0.004942339373970346 0.032991202346041054
0 0.25329489291598023 0.6891495601173021 0.009884678747940691 0.032991202346041054
0 0.3904448105436573 0.7470674486803519 0.009060955518945634 0.027126099706744868
0 0.3912685337726524 0.7140762463343109 0.007413509060955519 0.038856304985337244
0 0.1569192751235585 0.8035190615835777 0.013179571663920923 0.03592375366568915
0 0.292833607907743 0.5718475073313783 0.005766062602965404 0.019794721407624633
0 0.3270181219110379 0.5791788856304986 0.005766062602965404 0.024193548387096774
0 0.32042833607907745 0.5777126099706745 0.005766062602965404 0.025659824046920823
0 0.34060955518945635 0.5828445747800587 0.004118616144975288 0.028592375366568914
0 0.3439044481054366 0.5835777126099707 0.005766062602965404 0.02126099706744868
0 0.3257825370675453 0.6964809384164223 0.005766062602965404 0.027126099706744868
0 0.3439044481054366 0.6950146627565983 0.004942339373970346 0.025659824046920823
0 0.3797364085667216 0.7045454545454546 0.004942339373970346 0.019794721407624633
0 0.27388797364085665 0.8049853372434017 0.01400329489291598 0.022727272727272728
0 0.2883031301482702 0.7859237536656891 0.012355848434925865 0.025659824046920823
0 0.30065897858319607 0.7587976539589443 0.007413509060955519 0.032991202346041054
0 0.20098846787479407 0.6759530791788856 0.007413509060955519 0.030058651026392963
0 0.18904448105436572 0.6832844574780058 0.005766062602965404 0.03152492668621701
0 0.17915980230642503 0.6884164222873901 0.004942339373970346 0.028592375366568914
0 0.1873970345963756 0.6451612903225806 0.004942339373970346 0.027126099706744868
0 0.4468698517298188 0.9560117302052786 0.016474464579901153 0.0344574780058651
0 0.01729818780889621 0.9648093841642229 0.030477759472817133 0.06158357771260997
0 0.004118616144975288 0.8049853372434017 0.008237232289950576 0.0344574780058651
0 0.34514003294892914 0.780791788856305 0.01400329489291598 0.019794721407624633
0 0.3163097199341021 0.6869501466275659 0.006589785831960461 0.027126099706744868
0 0.32207578253706753 0.6627565982404692 0.0032948929159802307 0.025659824046920823
0 0.3270181219110379 0.6642228739002932 0.004942339373970346 0.024193548387096774
0 0.33237232289950575 0.6656891495601173 0.004942339373970346 0.027126099706744868
0 0.3373146622734761 0.6686217008797654 0.004942339373970346 0.028592375366568914
0 0.16762767710049423 0.6928152492668622 0.0032948929159802307 0.022727272727272728
0 0.17174629324546953 0.6906158357771262 0.005766062602965404 0.030058651026392963
0 0.19975288303130148 0.7741935483870968 0.008237232289950576 0.022727272727272728
0 0.164332784184514 0.7375366568914956 0.006589785831960461 0.032991202346041054
0 0.3237232289950577 0.9406158357771262 0.018121911037891267 0.0469208211143695
0 0.31342668863261947 0.658357771260997 0.005766062602965404 0.018328445747800588
0 0.3163097199341021 0.6634897360703812 0.004942339373970346 0.018328445747800588
0 0.30724876441515653 0.656891495601173 0.004942339373970346 0.019794721407624633
0 0.23187808896210874 0.6642228739002932 0.005766062602965404 0.02126099706744868
0 0.22240527182866557 0.6708211143695014 0.006589785831960461 0.018328445747800588
0 0.214168039538715 0.6620234604105572 0.007413509060955519 0.022727272727272728
0 0.19645799011532125 0.6495601173020528 0.004118616144975288 0.028592375366568914
0 0.20387149917627678 0.656891495601173 0.0032948929159802307 0.025659824046920823
0 0.18410214168039538 0.6869501466275659 0.004118616144975288 0.024193548387096774
0 0.2228171334431631 0.5667155425219942 0.002471169686985173 0.015395894428152493
0 0.21993410214168038 0.5652492668621701 0.004118616144975288 0.02126099706744868
0 0.214168039538715 0.5645161290322581 0.007413509060955519 0.022727272727272728
0 0.278830313014827 0.5689149560117303 0.0032948929159802307 0.022727272727272728
0 0.2833607907742998 0.5696480938416423 0.0016474464579901153 0.022727272727272728
0 0.28665568369028005 0.5703812316715543 0.0032948929159802307 0.01686217008797654
0 0.46499176276771004 0.8599706744868035 0.018121911037891267 0.024193548387096774
0 0.4616968698517298 0.8482404692082112 0.023887973640856673 0.025659824046920823
0 0.4056836902800659 0.7302052785923754 0.007413509060955519 0.0373900293255132
0 0.44069192751235586 0.9750733137829912 0.018121911037891267 0.022727272727272728
0 0.42668863261943984 0.9846041055718475 0.016474464579901153 0.024193548387096774
0 0.35502471169686983 0.6686217008797654 0.005766062602965404 0.028592375366568914
0 0.3467874794069193 0.6744868035190615 0.004118616144975288 0.024193548387096774
0 0.34102141680395387 0.6722873900293255 0.005766062602965404 0.024193548387096774
0 0.34349258649093906 0.655425219941349 0.004118616144975288 0.015395894428152493
0 0.34761120263591433 0.6605571847507331 0.004118616144975288 0.01466275659824047
0 0.3513179571663921 0.6598240469208211 0.008237232289950576 0.02126099706744868
0 0.349670510708402 0.6781524926686217 0.0032948929159802307 0.028592375366568914
0 0.36120263591433277 0.591642228739003 0.004942339373970346 0.02126099706744868
0 0.12232289950576607 0.6964809384164223 0.004118616144975288 0.030058651026392963
0 0.1272652388797364 0.6898826979472141 0.005766062602965404 0.032991202346041054
0 0.08072487644151564 0.7419354838709677 0.008237232289950576 0.028592375366568914
0 0.07248764415156507 0.7441348973607038 0.008237232289950576 0.030058651026392963
0 0.06260296540362438 0.7434017595307918 0.009060955518945634 0.032991202346041054
0 0.08072487644151564 0.7602639296187683 0.009060955518945634 0.0373900293255132
0 0.09678747940691927 0.8108504398826979 0.006589785831960461 0.03152492668621701
0 0.10214168039538715 0.782258064516129 0.012355848434925865 0.045454545454545456
0 0.09266886326194398 0.780791788856305 0.006589785831960461 0.038856304985337244
0 0.09514003294892916 0.7734604105571847 0.005766062602965404 0.0344574780058651
0 0.0457166392092257 0.7690615835777126 0.006589785831960461 0.028592375366568914
0 0.04942339373970346 0.7617302052785924 0.004942339373970346 0.03592375366568915
0 0.04242174629324547 0.7565982404692082 0.008237232289950576 0.028592375366568914
0 0.0037067545304777594 0.8533724340175953 0.007413509060955519 0.024193548387096774
0 0.004118616144975288 0.841642228739003 0.008237232289950576 0.030058651026392963
0 0.004942339373970346 0.6378299120234604 0.005766062602965404 0.0344574780058651
0 0.013179571663920923 0.6304985337243402 0.004118616144975288 0.028592375366568914
0 0.019769357495881382 0.6268328445747801 0.005766062602965404 0.03152492668621701
0 0.01771004942339374 0.6312316715542522 0.004942339373970346 0.028592375366568914
0 0.07207578253706755 0.593841642228739 0.007413509060955519 0.024193548387096774
0 0.1013179571663921 0.5806451612903226 0.007413509060955519 0.027126099706744868
0 0.128500823723229 0.658357771260997 0.004942339373970346 0.022727272727272728
0 0.07248764415156507 0.6972140762463344 0.006589785831960461 0.025659824046920823
0 0.13632619439868204 0.7294721407624634 0.005766062602965404 0.019794721407624633
0 0.06177924217462932 0.6891495601173021 0.004942339373970346 0.027126099706744868
0 0.2598846787479407 0.8394428152492669 0.018945634266886325 0.015395894428152493
0 0.2504118616144975 0.658357771260997 0.004942339373970346 0.02126099706744868
0 0.2557660626029654 0.6480938416422287 0.005766062602965404 0.01686217008797654
0 0.7376441515650741 0.7800586510263929 0.1301482701812191 0.3980938416422287
0 0.8999176276771005 0.7719941348973607 0.1902800658978583 0.45527859237536655