0 0.5237704918032787 0.09475218658892129 0.04262295081967213 0.18950437317784258
0 0.44016393442622953 0.10568513119533528 0.04590163934426229 0.21137026239067055
0 0.48770491803278687 0.09912536443148688 0.04590163934426229 0.19825072886297376
0 0.2819672131147541 0.31559766763848396 0.06393442622950819 0.2521865889212828
0 0.32131147540983607 0.32871720116618075 0.05737704918032787 0.15306122448979592
0 0.05983606557377049 0.6173469387755102 0.01639344262295082 0.07142857142857142
0 0.028278688524590163 0.6465014577259475 0.01721311475409836 0.07434402332361516
0 0.04139344262295082 0.6567055393586005 0.013934426229508197 0.05393586005830904
0 0.04795081967213115 0.8243440233236151 0.04180327868852459 0.1880466472303207
0 0.10204918032786885 0.8505830903790087 0.027049180327868853 0.13848396501457727
0 0.7991803278688525 0.8330903790087464 0.03934426229508197 0.1793002915451895