0 0.09265734265734266 0.018691588785046728 0.027972027972027972 0.037383177570093455
0 0.37106643356643354 0.3115264797507788 0.0777972027972028 0.19626168224299065
0 0.6289335664335665 0.22975077881619937 0.04938811188811189 0.06542056074766354
0 0.9838286713286714 0.6573208722741433 0.032342657342657344 0.16510903426791276
0 0.8863636363636364 0.5926791277258567 0.09003496503496504 0.2601246105919003
0 0.652534965034965 0.5163551401869159 0.0673076923076923 0.21339563862928349
0 0.5874125874125874 0.5568535825545171 0.09265734265734266 0.2383177570093458
0 0.5017482517482518 0.5623052959501558 0.051573426573426576 0.14330218068535824
0 0.42132867132867136 0.5755451713395638 0.022290209790209792 0.1557632398753894
0 0.46416083916083917 0.573208722741433 0.10839160839160839 0.17834890965732086
0 0.6673951048951049 0.7048286604361371 0.5065559440559441 0.5903426791277259