0 0.29505582137161085 0.030539772727272728 0.017543859649122806 0.061079545454545456
0 0.30980861244019137 0.041193181818181816 0.013556618819776715 0.04261363636363636
0 0.8385167464114832 0.26917613636363635 0.15311004784688995 0.21448863636363635
0 0.6866028708133971 0.2521306818181818 0.0474481658692185 0.08096590909090909
0 0.7759170653907496 0.24928977272727273 0.03588516746411483 0.09375
0 0.9118819776714514 0.2549715909090909 0.04505582137161084 0.10369318181818182
0 0.9748803827751196 0.24786931818181818 0.050239234449760764 0.07173295454545454
0 0.9342105263157895 0.2521306818181818 0.0386762360446571 0.1015625
0 0.7065390749601276 0.24644886363636365 0.02073365231259968 0.05894886363636364
0 0.16427432216905902 0.9360795454545454 0.07974481658692185 0.1278409090909091
0 0.017942583732057416 0.9190340909090909 0.035486443381180226 0.09730113636363637
0 0.06738437001594896 0.9019886363636364 0.03907496012759171 0.061079545454545456
0 0.8046251993620415 0.7088068181818182 0.05382775119617225 0.16832386363636365