0 0.13517915309446255 0.3789359391965255 0.04071661237785016 0.1463083604777416
0 0.25814332247557004 0.09337676438653637 0.008346905537459284 0.03854505971769816
0 0.2502035830618892 0.09473398479913138 0.00753257328990228 0.03718783930510315
0 0.6492263843648208 0.19543973941368079 0.056799674267100975 0.2185124864277959
0 0.7911237785016286 0.2290988056460369 0.06575732899022801 0.10776330076004344
0 0.8485342019543974 0.16856677524429967 0.046620521172638436 0.21036916395222585
0 0.8167752442996743 0.18593919652551574 0.03745928338762215 0.13762214983713356
0 0.8127035830618893 0.13545059717698155 0.04092019543973941 0.1281216069489685
0 0.7212947882736156 0.1476655808903366 0.03298045602605863 0.10912052117263844
0 0.9370928338762216 0.14223669923995658 0.041938110749185666 0.09039087947882736
0 0.9755700325732899 0.16775244299674266 0.048859934853420196 0.2304560260586319
0 0.7644543973941368 0.1273072747014115 0.051099348534201956 0.13897937024972856
0 0.5981270358306189 0.15092290988056462 0.04539902280130293 0.14006514657980457
0 0.5800081433224755 0.14359391965255158 0.018118892508143324 0.08224755700325732
0 0.6146172638436482 0.10640608034744843 0.014657980456026058 0.03230184581976113
0 0.6349755700325733 0.10179153094462541 0.03745928338762215 0.05808903365906623
0 0.7371742671009772 0.20684039087947884 0.07145765472312704 0.13355048859934854
0 0.5203583061889251 0.8982084690553745 0.12133550488599348 0.20358306188925082