0 0.251127649977447 0.3014131088394468 0.018380694632386108 0.141461214672279
0 0.12110960757780785 0.607937462417318 0.02999548940009021 0.21903187011425135
0 0.14851150202976995 0.6363499699338545 0.033040144339197115 0.2248947684906795
0 0.22507893549842128 0.6710763680096211 0.03146143437077131 0.2549609140108238
0 0.8326567433468651 0.5184906794948888 0.027289129454217412 0.18054720384846662
0 0.9113667117726658 0.5141310883944679 0.020635994587280108 0.22038484666265784
0 0.9859043752819125 0.5097714972940469 0.02266576454668471 0.07636800962116656
0 0.6246053225078936 0.5111244738424534 0.014433919711321606 0.13334335538184006
0 0.7129003157419936 0.480006013229104 0.01973387460532251 0.12131689717378231
0 0.6424221921515562 0.4672279013830427 0.012516914749661705 0.07260974143114853
0 0.4856788452864231 0.5285628382441371 0.02774018944519621 0.11800962116656645
0 0.41711772665764546 0.8998797354179194 0.08547586829048263 0.10102224894768491
0 0.2515787099684258 0.9019843656043295 0.2458276950834461 0.19603126879134095
0 0.6866260712674785 0.9882742032471438 0.019170049616599006 0.02345159350571257
0 0.6459179070816419 0.9252856283824413 0.02074875958502481 0.054419723391461214
0 0.5712674785746504 0.969783523752255 0.03473161930536761 0.06043295249549008
0 0.7221470455570591 0.937913409500902 0.02255299954894001 0.03818400481058328
0 0.8687415426251691 0.9234816596512327 0.015561569688768605 0.05562236921226699
0 0.5717185385656293 0.9061936259771497 0.014659449706811005 0.06464221286831029