0 0.2520259319286872 0.08861671469740634 0.017828200972447326 0.06484149855907781
0 0.23703403565640194 0.10230547550432277 0.012155591572123177 0.043227665706051875
0 0.8132090761750406 0.2442363112391931 0.01985413290113452 0.03602305475504323
0 0.23298217179902755 0.729106628242075 0.3942463533225284 0.5417867435158501
0 0.5470016207455429 0.5749279538904899 0.014181523500810372 0.10158501440922191
0 0.5842787682333873 0.6023054755043228 0.0733387358184765 0.15994236311239193
0 0.6280388978930308 0.6073487031700289 0.04659643435980551 0.16642651296829972
0 0.6993517017828201 0.6476945244956772 0.040113452188006486 0.22478386167146974
0 0.7649918962722853 0.6729106628242075 0.11102106969205834 0.19236311239193082
0 0.5782009724473258 0.7082132564841499 0.060777957860615885 0.21109510086455333
0 0.9201782820097245 0.792507204610951 0.14019448946515398 0.414985590778098
0 0.5684764991896273 0.8097982708933718 0.05713128038897893 0.3804034582132565