0 0.3252212389380531 0.40536277602523657 0.10353982300884956 0.14826498422712933
0 0.8792035398230088 0.07097791798107256 0.018584070796460177 0.08201892744479496
0 0.0420353982300885 0.7665615141955836 0.084070796460177 0.4668769716088328
0 0.14557522123893804 0.7547318611987381 0.09955752212389381 0.4794952681388013
0 0.1986725663716814 0.7476340694006309 0.07300884955752213 0.39037854889589907
0 0.26194690265486725 0.7563091482649842 0.0920353982300885 0.48738170347003157
0 0.3088495575221239 0.7271293375394322 0.06371681415929203 0.4794952681388013
0 0.4079646017699115 0.7429022082018928 0.0831858407079646 0.5141955835962145
0 0.35575221238938054 0.7397476340694006 0.15442477876106195 0.5205047318611987
0 0.5938053097345133 0.9305993690851735 0.0752212389380531 0.138801261829653
0 0.46106194690265484 0.9116719242902208 0.023008849557522124 0.10410094637223975
0 0.5030973451327434 0.8927444794952681 0.03672566371681416 0.06466876971608833