0 0.5376016260162602 0.18342391304347827 0.25 0.36684782608695654
0 0.3485772357723577 0.5733695652173914 0.022357723577235773 0.03260869565217391
0 0.7865853658536586 0.5489130434782609 0.14634146341463414 0.29891304347826086
0 0.4410569105691057 0.563858695652174 0.11382113821138211 0.28532608695652173
0 0.9542682926829268 0.501358695652174 0.042682926829268296 0.15489130434782608
0 0.9227642276422764 0.48233695652173914 0.036585365853658534 0.16576086956521738
0 0.8780487804878049 0.485054347826087 0.044715447154471545 0.17119565217391305
0 0.8302845528455285 0.4986413043478261 0.042682926829268296 0.10597826086956522
0 0.698170731707317 0.501358695652174 0.03048780487804878 0.16032608695652173
0 0.676829268292683 0.5258152173913043 0.024390243902439025 0.11141304347826086
0 0.5304878048780488 0.49320652173913043 0.044715447154471545 0.14402173913043478