0 0.0032660332541567696 0.24365750528541227 0.006532066508313539 0.01427061310782241
0 0.014548693586698337 0.24682875264270612 0.015736342042755345 0.012156448202959831
0 0.04423990498812352 0.24682875264270612 0.017814726840855107 0.01638477801268499
0 0.09204275534441805 0.24735729386892177 0.009501187648456057 0.009513742071881607
0 0.05017814726840855 0.24788583509513742 0.01157957244655582 0.017970401691331923
0 0.22980997624703087 0.25317124735729385 0.015439429928741092 0.034355179704016914
0 0.11460807600950118 0.2547568710359408 0.013064133016627079 0.028012684989429177
0 0.10510688836104513 0.2568710359408034 0.015142517814726841 0.023255813953488372
0 0.288895486935867 0.25634249471458775 0.01989311163895487 0.06712473572938689
0 0.07779097387173396 0.2568710359408034 0.010095011876484561 0.012156448202959831
0 0.24762470308788598 0.25898520084566595 0.018705463182897862 0.05972515856236787
0 0.09649643705463183 0.26215644820295986 0.013954869358669833 0.026427061310782242
0 0.08699524940617577 0.26479915433403806 0.0086104513064133 0.024312896405919663
0 0.07957244655581948 0.27061310782241016 0.014251781472684086 0.02061310782241015
0 0.8117577197149644 0.5348837209302325 0.06413301662707839 0.10993657505285412
0 0.7615795724465558 0.031183932346723044 0.05641330166270784 0.06236786469344609
0 0.707541567695962 0.10359408033826638 0.04928741092636579 0.20718816067653276
0 0.7655878859857482 0.15486257928118394 0.05195961995249406 0.2167019027484144
0 0.7556413301662708 0.4820295983086681 0.04453681710213777 0.2156448202959831
0 0.5904097387173397 0.37420718816067655 0.06086698337292162 0.24841437632135308
0 0.5265736342042755 0.20243128964059195 0.057897862232779096 0.2536997885835095
0 0.9884204275534442 0.056025369978858354 0.02315914489311164 0.11205073995771671
0 0.9524940617577197 0.05496828752642706 0.040380047505938245 0.10993657505285412
0 0.9219121140142518 0.09725158562367865 0.04453681710213777 0.1945031712473573
0 0.9288895486935868 0.26717758985200846 0.05195961995249406 0.24577167019027485
0 0.5997624703087886 0.09038054968287526 0.047505938242280284 0.18076109936575052
0 0.6460807600950119 0.08773784355179703 0.04156769596199525 0.17547568710359407
0 0.7223871733966746 0.4952431289640592 0.045724465558194774 0.18921775898520085
0 0.6854216152019003 0.4045983086680761 0.06383610451306414 0.2510570824524313
0 0.15498812351543942 0.8329809725158562 0.23634204275534443 0.33403805496828753