0 0.06657303370786517 0.196 0.01601123595505618 0.0765
0 0.13848314606741574 0.206 0.025842696629213482 0.1105
0 0.07359550561797752 0.229 0.02247191011235955 0.125
0 0.5362359550561798 0.554 0.05337078651685393 0.092
0 0.5640449438202247 0.493 0.05056179775280899 0.214
0 0.625561797752809 0.054 0.052247191011235955 0.108
0 0.6241573033707866 0.014 0.0550561797752809 0.028
0 0.9280898876404494 0.1985 0.05337078651685393 0.135
0 0.7876404494382022 0.1835 0.042134831460674156 0.19
0 0.8185393258426966 0.176 0.05056179775280899 0.185
0 0.8564606741573034 0.156 0.05056179775280899 0.185
0 0.7441011235955056 0.0315 0.03651685393258427 0.063
0 0.7730337078651686 0.028 0.043820224719101124 0.056
0 0.8101123595505618 0.0355 0.05056179775280899 0.071
0 0.5019662921348315 0.0465 0.04887640449438202 0.093
0 0.9053370786516854 0.5555 0.05337078651685393 0.089
0 0.65 0.2235 0.05337078651685393 0.185
0 0.7293539325842696 0.266 0.04915730337078652 0.22
0 0.7558988764044944 0.573 0.060112359550561795 0.054
0 0.8747191011235955 0.27475 0.05337078651685393 0.2375
0 0.8831460674157303 0.34475 0.06179775280898876 0.2375
0 0.4905898876404494 0.15725 0.046348314606741575 0.1575
0 0.42457865168539327 0.11975 0.04073033707865169 0.1625
0 0.3775280898876405 0.17725 0.0449438202247191 0.1975
0 0.37191011235955057 0.07975 0.03932584269662921 0.1175
0 0.33890449438202247 0.161 0.037921348314606744 0.175
0 0.32134831460674157 0.1185 0.03651685393258427 0.18
0 0.34311797752808987 0.40475 0.04073033707865169 0.2225
0 0.3030898876404494 0.416 0.0449438202247191 0.195
0 0.2893258426966292 0.362 0.019101123595505618 0.212
0 0.300561797752809 0.2695 0.04157303370786517 0.143
0 0.2401685393258427 0.8765 0.05898876404494382 0.247
0 0.020224719101123594 0.874 0.04044943820224719 0.252
0 0.038623595505617975 0.74675 0.05196629213483146 0.2425
0 0.1943820224719101 0.6375 0.05730337078651685 0.075
0 0.7286516853932584 0.9 0.5424157303370787 0.2