0 0.3738888888888889 0.17687747035573123 0.025833333333333333 0.05237154150197629
0 0.6202777777777778 0.2885375494071146 0.05277777777777778 0.2015810276679842
0 0.6480555555555556 0.183300395256917 0.05 0.23221343873517786
0 0.9794444444444445 0.2900197628458498 0.04111111111111111 0.19861660079051383
0 0.4305555555555556 0.10869565217391304 0.021111111111111112 0.21739130434782608
0 0.795 0.06175889328063241 0.06111111111111111 0.12351778656126482
0 0.9844444444444445 0.06818181818181818 0.03111111111111111 0.13636363636363635
0 0.9569444444444445 0.04199604743083004 0.04611111111111111 0.08399209486166008
0 0.8980555555555556 0.350296442687747 0.06944444444444445 0.07806324110671936
0 0.9147222222222222 0.3073122529644269 0.058333333333333334 0.16403162055335968
0 0.8466666666666667 0.2811264822134387 0.06666666666666667 0.21640316205533597
0 0.16472222222222221 0.5958498023715415 0.024166666666666666 0.14476284584980237
0 0.20694444444444443 0.6032608695652174 0.026111111111111113 0.12055335968379446
0 0.2325 0.5978260869565217 0.01611111111111111 0.12401185770750989
0 0.04611111111111111 0.633399209486166 0.058333333333333334 0.3349802371541502
0 0.36916666666666664 0.5854743083003953 0.016944444444444446 0.08893280632411067
0 0.34194444444444444 0.5810276679841897 0.01611111111111111 0.09090909090909091
0 0.3061111111111111 0.6630434782608695 0.08083333333333333 0.3557312252964427
0 0.18138888888888888 0.5978260869565217 0.01972222222222222 0.13784584980237155
0 0.6508333333333334 0.7193675889328063 0.3213888888888889 0.5612648221343873
0 0.8041666666666667 0.5741106719367589 0.05527777777777778 0.1190711462450593
0 0.7155555555555555 0.5587944664031621 0.04805555555555555 0.04496047430830039