0 0.7871052631578948 0.5074906367041199 0.05 0.1441947565543071
0 0.8134210526315789 0.4311797752808989 0.04736842105263158 0.2200374531835206
0 0.8705263157894737 0.030430711610486893 0.04842105263157895 0.060861423220973786
0 0.8838157894736842 0.14325842696629212 0.04868421052631579 0.17322097378277154
0 0.6086842105263158 0.35720973782771537 0.017368421052631578 0.21254681647940074
0 0.9528947368421052 0.26615168539325845 0.05789473684210526 0.21769662921348315
0 0.9955263157894737 0.19709737827715357 0.008947368421052631 0.16385767790262173
0 0.9705263157894737 0.03885767790262172 0.037894736842105266 0.07771535580524344
0 0.7318421052631578 0.12687265917602997 0.034210526315789476 0.13108614232209737
0 0.7463157894736843 0.05383895131086142 0.04736842105263158 0.10767790262172285
0 0.6686842105263158 0.08707865168539326 0.034210526315789476 0.1544943820224719
0 0.6047368421052631 0.13389513108614232 0.009473684210526316 0.149812734082397
0 0.6285526315789474 0.1409176029962547 0.04078947368421053 0.17790262172284643
0 0.62 0.06367041198501873 0.034210526315789476 0.11235955056179775
0 0.6113157894736843 0.05056179775280899 0.022631578947368423 0.10112359550561797
0 0.985 0.5004681647940075 0.03 0.15823970037453183