0 0.7423728813559322 0.2625754527162978 0.3963276836158192 0.3797786720321932
0 0.23418079096045197 0.817907444668008 0.46836158192090394 0.3641851106639839
0 0.7836158192090396 0.9572434607645876 0.05084745762711865 0.08551307847082495
0 0.48615819209039546 0.8098591549295775 0.012994350282485875 0.24346076458752516
0 0.48757062146892655 0.6825955734406438 0.015819209039548022 0.12575452716297786
0 0.8820621468926554 0.7308853118712274 0.046610169491525424 0.16096579476861167
0 0.8754237288135593 0.6322937625754527 0.03672316384180791 0.025150905432595575
0 0.6418079096045197 0.9029175050301811 0.05536723163841808 0.19416498993963782
0 0.7548022598870057 0.7067404426559356 0.04632768361581921 0.17404426559356137
0 0.5720338983050848 0.8151408450704225 0.04519774011299435 0.1836016096579477
0 0.5282485875706214 0.8013078470824949 0.03954802259887006 0.2012072434607646
0 0.6163841807909605 0.6549295774647887 0.04632768361581921 0.07042253521126761
0 0.5796610169491525 0.6488933601609658 0.04406779661016949 0.05835010060362173
0 0.5485875706214689 0.6564386317907445 0.04067796610169491 0.07344064386317907
0 0.9596045197740113 0.6991951710261569 0.04689265536723164 0.158953722334004
0 0.9949152542372881 0.6966800804828974 0.010169491525423728 0.15392354124748492