0 0.7890052356020942 0.14990689013035383 0.11151832460732984 0.08705772811918064
0 0.23010471204188482 0.6831936685288641 0.049738219895287955 0.20716945996275604
0 0.256282722513089 0.5749534450651769 0.04712041884816754 0.21880819366852886
0 0.3261780104712042 0.35195530726256985 0.048167539267015703 0.0446927374301676
0 0.4408376963350785 0.7029795158286778 0.060209424083769635 0.23277467411545624
0 0.4942408376963351 0.7746741154562383 0.031413612565445025 0.25139664804469275
0 0.008376963350785341 0.3729050279329609 0.016753926701570682 0.08659217877094973
0 0.0193717277486911 0.3952513966480447 0.0387434554973822 0.06983240223463687
0 0.04096858638743456 0.5016294227188082 0.04057591623036649 0.2118249534450652
0 0.014921465968586388 0.5069832402234636 0.029842931937172777 0.1908752327746741
0 0.3947643979057592 0.4241154562383613 0.05759162303664921 0.18901303538175046
0 0.4526178010471204 0.37662942271880817 0.03926701570680628 0.09404096834264432
0 0.4897905759162304 0.3752327746741155 0.03821989528795811 0.09124767225325885
0 0.48455497382198953 0.8375232774674115 0.050785340314136125 0.2839851024208566
0 0.07225130890052356 0.35195530726256985 0.040837696335078534 0.0446927374301676
0 0.7204188481675393 0.7216014897579144 0.42094240837696334 0.5567970204841713