0 0.28258426966292133 0.06010452961672474 0.09775280898876404 0.12020905923344948
0 0.9662921348314607 0.13414634146341464 0.06741573033707865 0.2682926829268293
0 0.5842696629213483 0.13414634146341464 0.12134831460674157 0.2682926829268293
0 0.6943820224719102 0.13414634146341464 0.10112359550561797 0.2682926829268293
0 0.8853932584269663 0.13414634146341464 0.11235955056179775 0.2682926829268293
0 0.39831460674157304 0.13414634146341464 0.07752808988764046 0.2682926829268293
0 0.7825842696629214 0.13414634146341464 0.09550561797752809 0.2682926829268293
0 0.48314606741573035 0.13414634146341464 0.09887640449438202 0.2682926829268293
0 0.8353932584269663 0.13414634146341464 0.07528089887640449 0.2682926829268293
0 0.43651685393258427 0.13414634146341464 0.06404494382022471 0.2682926829268293
0 0.6932584269662921 0.037456445993031356 0.1258426966292135 0.07491289198606271
0 0.5280898876404494 0.13414634146341464 0.0651685393258427 0.2682926829268293
0 0.5275280898876404 0.0313588850174216 0.06853932584269663 0.0627177700348432
0 0.2803370786516854 0.6803135888501742 0.15842696629213482 0.6393728222996515
0 0.10393258426966293 0.7038327526132404 0.20786516853932585 0.5923344947735192
0 0.6089887640449438 0.573170731707317 0.05730337078651685 0.3702090592334495
0 0.7342696629213483 0.5479094076655052 0.06629213483146068 0.4416376306620209
0 0.6561797752808989 0.4895470383275261 0.058426966292134834 0.37369337979094075
0 0.6162921348314607 0.38414634146341464 0.03707865168539326 0.1367595818815331
0 0.6814606741573034 0.4294425087108014 0.03876404494382023 0.21080139372822299