0 0.1729200652528548 0.04565217391304348 0.03262642740619902 0.09130434782608696
0 0.2277487765089723 0.1264710144927536 0.0077977161500815215 0.01815942028985503
0 0.1659257748776509 0.13615217391304346 0.033564437194127224 0.04621739130434781
0 0.3637846655791191 0.13695652173913042 0.011419249592169658 0.10869565217391304
0 0.30424143556280586 0.14130434782608695 0.03425774877650897 0.15507246376811595
0 0.8747960848287113 0.06956521739130435 0.028548123980424143 0.1391304347826087
0 0.25244698205546495 0.24420289855072463 0.013866231647634585 0.050724637681159424
0 0.39845024469820556 0.6057971014492753 0.05791190864600326 0.2855072463768116
0 0.4946982055464927 0.5971014492753624 0.12153344208809136 0.31666666666666665
0 0.7565252854812398 0.6739130434782609 0.15701468189233278 0.5869565217391305
0 0.8568515497553018 0.7152173913043478 0.11215334420880914 0.5695652173913044
0 0.7883360522022839 0.5471014492753623 0.07504078303425775 0.23333333333333334
0 0.8201468189233279 0.6876811594202898 0.06973898858075041 0.4449275362318841
0 0.9314845024469821 0.731159420289855 0.0799347471451876 0.5376811594202898
0 0.9559543230016313 0.731159420289855 0.08319738988580751 0.5376811594202898
0 0.6827079934747146 0.6181159420289855 0.07504078303425775 0.2572463768115942