0 0.97010550996483 0.13987473903966596 0.059788980070339975 0.2797494780793319
0 0.7529308323563892 0.1383089770354906 0.09085580304806565 0.2766179540709812
0 0.10184642438452521 0.7244258872651357 0.05128956623681125 0.21920668058455114
0 0.09642438452520516 0.5579331941544885 0.0615474794841735 0.17640918580375783
0 0.011137162954279016 0.4989561586638831 0.022274325908558032 0.05845511482254697
0 0.22054513481828839 0.7439979123173278 0.05128956623681125 0.20615866388308976
0 0.25864595545134816 0.7113778705636743 0.05128956623681125 0.24008350730688935
0 0.3106682297772567 0.622651356993737 0.05568581477139507 0.1409185803757829
0 0.25703399765533413 0.5501043841336117 0.04865181711606096 0.16075156576200417
0 0.21834701055099648 0.552713987473904 0.038100820633059786 0.16597077244258873
0 0.18522860492379836 0.5537578288100209 0.04806565064478312 0.16805845511482254
0 0.49531066822977726 0.7022442588726514 0.049824150058616644 0.21137787056367432
0 0.46893317702227433 0.6069937369519833 0.041031652989449004 0.1931106471816284
0 0.41295427901524034 0.5631524008350731 0.043962485345838215 0.18684759916492694
0 0.4533997655334115 0.5563674321503131 0.0369284876905041 0.1732776617954071
0 0.5348769050410317 0.587160751565762 0.029894490035169988 0.2056367432150313
0 0.5240328253223916 0.5198329853862212 0.03634232121922626 0.10020876826722339
0 0.488862837045721 0.5187891440501043 0.03399765533411489 0.09812108559498957
0 0.4712778429073857 0.5109603340292276 0.03399765533411489 0.0824634655532359
0 0.42819460726846426 0.48068893528183715 0.043962485345838215 0.021920668058455117
0 0.6308616647127784 0.7797494780793319 0.05422039859320047 0.24008350730688935
0 0.6014067995310668 0.8883089770354906 0.059788980070339975 0.22338204592901878
0 0.9237983587338804 0.5777661795407099 0.059788980070339975 0.2160751565762004
0 0.9604337631887456 0.5647181628392485 0.045134818288393906 0.18997912317327767
0 0.7977725674091442 0.5683716075156576 0.06330597889800703 0.19728601252609604
0 0.9724501758499414 0.8950939457202505 0.05509964830011723 0.20981210855949894