0 0.7787307032590052 0.8463302752293578 0.008576329331046312 0.06422018348623854
0 0.7590051457975986 0.8065749235474006 0.0047169811320754715 0.045871559633027525
0 0.7216981132075472 0.8623853211009175 0.010291595197255575 0.06269113149847094
0 0.6985420240137221 0.8325688073394495 0.012435677530017153 0.05963302752293578
0 0.684819897084048 0.8922018348623854 0.009005145797598629 0.07415902140672782
0 0.6723842195540308 0.8876146788990825 0.014579759862778732 0.06422018348623854
0 0.6633790737564322 0.8929663608562691 0.012435677530017153 0.06269113149847094
0 0.6775300171526587 0.9892966360856269 0.010291595197255575 0.021406727828746176
0 0.7903087478559176 0.9770642201834863 0.016295025728987993 0.045871559633027525
0 0.8567753001715266 0.9747706422018348 0.017152658662092625 0.05045871559633028
0 0.8987993138936535 0.9434250764525994 0.013293310463121783 0.05581039755351682
0 0.8829331046312179 0.959480122324159 0.011149228130360206 0.05963302752293578
0 0.9279588336192109 0.8891437308868502 0.0137221269296741 0.0481651376146789
0 0.9249571183533448 0.9067278287461774 0.011578044596912522 0.04969418960244648
0 0.9738421955403087 0.9113149847094801 0.013293310463121783 0.05963302752293578
0 0.9699828473413379 0.7622324159021406 0.007718696397941681 0.0481651376146789
0 0.9236706689536878 0.8157492354740061 0.014579759862778732 0.039755351681957186
0 0.8867924528301887 0.8753822629969419 0.014579759862778732 0.0581039755351682
0 0.8241852487135506 0.9235474006116208 0.009005145797598629 0.0581039755351682
0 0.815180102915952 0.9151376146788991 0.00986277873070326 0.06804281345565749
0 0.807032590051458 0.8730886850152905 0.006432246998284734 0.05122324159021407
0 0.807032590051458 0.8402140672782875 0.008576329331046312 0.04969418960244648
0 0.7971698113207547 0.8348623853211009 0.007718696397941681 0.05581039755351682
0 0.8439108061749572 0.8371559633027523 0.00986277873070326 0.0382262996941896
0 0.8593481989708405 0.8876146788990825 0.011149228130360206 0.034403669724770644
0 0.8692109777015438 0.8753822629969419 0.0137221269296741 0.026758409785932722
0 0.8872212692967409 0.8318042813455657 0.007289879931389366 0.024464831804281346
0 0.8773584905660378 0.8027522935779816 0.011578044596912522 0.024464831804281346
0 0.87778730703259 0.753822629969419 0.011149228130360206 0.052752293577981654
0 0.9035162950257289 0.7262996941896025 0.011149228130360206 0.021406727828746176
0 0.8700686106346484 0.7224770642201835 0.007289879931389366 0.034403669724770644
0 0.869639794168096 0.7041284403669725 0.006003430531732418 0.024464831804281346
0 0.8756432246998285 0.6811926605504587 0.007718696397941681 0.039755351681957186
0 0.8927958833619211 0.6957186544342507 0.006003430531732418 0.0382262996941896
0 0.9069468267581475 0.6934250764525994 0.006003430531732418 0.034403669724770644
0 0.9146655231560892 0.6888379204892966 0.006003430531732418 0.03134556574923547
0 0.9236706689536878 0.6873088685015291 0.006003430531732418 0.03287461773700306
0 0.9519725557461407 0.7110091743119266 0.007718696397941681 0.03287461773700306
0 0.9987135506003431 0.6154434250764526 0.002572898799313894 0.03287461773700306
0 0.9425385934819898 0.5573394495412844 0.003430531732418525 0.03134556574923547
0 0.9305317324185248 0.5458715596330275 0.005145797598627788 0.026758409785932722
0 0.9142367066895368 0.5344036697247706 0.002572898799313894 0.024464831804281346
0 0.9253859348198971 0.5466360856269113 0.0038593481989708405 0.034403669724770644
0 0.9631217838765008 0.8119266055045872 0.012435677530017153 0.045871559633027525
0 0.9588336192109777 0.8027522935779816 0.011578044596912522 0.05581039755351682
0 0.6899656946826758 0.676605504587156 0.006003430531732418 0.03669724770642202
0 0.6749571183533448 0.6773700305810397 0.005145797598627788 0.02981651376146789
0 0.6693825042881647 0.7324159021406728 0.003430531732418525 0.03669724770642202
0 0.6453687821612349 0.8241590214067278 0.007718696397941681 0.04969418960244648
0 0.6346483704974271 0.8432721712538226 0.006003430531732418 0.02981651376146789
0 0.6518010291595198 0.8149847094801224 0.015008576329331046 0.05963302752293578
0 0.7345626072041166 0.6452599388379205 0.008576329331046312 0.0382262996941896
0 0.8211835334476844 0.5061162079510704 0.0047169811320754715 0.024464831804281346
0 0.8306174957118353 0.6536697247706422 0.0038593481989708405 0.0382262996941896
0 0.8241852487135506 0.6513761467889908 0.007718696397941681 0.0382262996941896
0 0.9326758147512865 0.7186544342507645 0.007289879931389366 0.03134556574923547
0 0.9331046312178388 0.6804281345565749 0.006003430531732418 0.04434250764525994
0 0.7474271012006861 0.7828746177370031 0.010291595197255575 0.04128440366972477
0 0.8554888507718696 0.5160550458715596 0.0047169811320754715 0.022935779816513763
0 0.8825042881646655 0.5244648318042814 0.0047169811320754715 0.028287461773700305
0 0.8773584905660378 0.5229357798165137 0.0047169811320754715 0.02981651376146789
0 0.8932246998284734 0.5290519877675841 0.003430531732418525 0.03287461773700306
0 0.8957975986277873 0.5298165137614679 0.0047169811320754715 0.024464831804281346
0 0.8816466552315609 0.6597859327217125 0.0047169811320754715 0.03134556574923547
0 0.8957975986277873 0.658256880733945 0.0038593481989708405 0.02981651376146789
0 0.9240994854202401 0.668960244648318 0.0038593481989708405 0.022935779816513763
0 0.8404802744425386 0.7851681957186545 0.011149228130360206 0.026758409785932722
0 0.8516295025728988 0.7629969418960245 0.00986277873070326 0.02981651376146789
0 0.861492281303602 0.731651376146789 0.006003430531732418 0.0382262996941896
0 0.782590051457976 0.636085626911315 0.006003430531732418 0.034403669724770644
0 0.7731560891938251 0.6444954128440367 0.0047169811320754715 0.03669724770642202
0 0.7650085763293311 0.650611620795107 0.0038593481989708405 0.03287461773700306
0 0.7718696397941681 0.6001529051987767 0.0038593481989708405 0.03134556574923547
0 0.9772727272727273 0.959480122324159 0.013293310463121783 0.039755351681957186
0 0.6372212692967409 0.9671253822629969 0.024013722126929673 0.06574923547400612
0 0.6243567753001715 0.7851681957186545 0.010291595197255575 0.039755351681957186
0 0.6204974271012007 0.7821100917431193 0.002572898799313894 0.045871559633027525
0 0.8970840480274442 0.7576452599388379 0.011149228130360206 0.022935779816513763
0 0.8739279588336192 0.6490825688073395 0.005145797598627788 0.03134556574923547
0 0.8786449399656947 0.6207951070336392 0.002572898799313894 0.02981651376146789
0 0.8825042881646655 0.6230886850152905 0.0038593481989708405 0.028287461773700305
0 0.8867924528301887 0.6246177370030581 0.0038593481989708405 0.03134556574923547
0 0.8906518010291595 0.6276758409785933 0.0038593481989708405 0.03287461773700306
0 0.7560034305317325 0.6559633027522935 0.002572898799313894 0.026758409785932722
0 0.7594339622641509 0.6536697247706422 0.0047169811320754715 0.034403669724770644
0 0.7813036020583191 0.7492354740061162 0.006432246998284734 0.026758409785932722
0 0.7534305317324185 0.7071865443425076 0.005145797598627788 0.0382262996941896
0 0.8799313893653516 0.941131498470948 0.014579759862778732 0.054281345565749234
0 0.8717838765008576 0.6162079510703364 0.0047169811320754715 0.021406727828746176
0 0.8739279588336192 0.6223241590214067 0.0038593481989708405 0.021406727828746176
0 0.8670668953687821 0.6146788990825688 0.0038593481989708405 0.022935779816513763
0 0.807032590051458 0.6230886850152905 0.0047169811320754715 0.024464831804281346
0 0.7993138936535163 0.6299694189602446 0.005145797598627788 0.021406727828746176
0 0.7928816466552315 0.6200305810397554 0.006003430531732418 0.026758409785932722
0 0.7787307032590052 0.6055045871559633 0.003430531732418525 0.03287461773700306
0 0.7847341337907375 0.6146788990825688 0.002572898799313894 0.02981651376146789
0 0.7688679245283019 0.6490825688073395 0.003430531732418525 0.028287461773700305
0 0.7997427101200686 0.5107033639143731 0.002144082332761578 0.01834862385321101
0 0.7975986277873071 0.5091743119266054 0.003430531732418525 0.024464831804281346
0 0.7928816466552315 0.5068807339449541 0.006003430531732418 0.026758409785932722
0 0.8443396226415094 0.5129969418960245 0.002572898799313894 0.026758409785932722
0 0.847770154373928 0.5137614678899083 0.001286449399656947 0.026758409785932722
0 0.8503430531732419 0.514525993883792 0.002572898799313894 0.019877675840978593
0 0.991852487135506 0.8478593272171254 0.014579759862778732 0.028287461773700305
0 0.9892795883361921 0.8348623853211009 0.018867924528301886 0.02981651376146789
0 0.9446826758147513 0.6987767584097859 0.006003430531732418 0.04281345565749235
0 0.9725557461406518 0.9808868501529052 0.014579759862778732 0.026758409785932722
0 0.9614065180102916 0.9885321100917431 0.013293310463121783 0.022935779816513763
0 0.9048027444253859 0.6276758409785933 0.0047169811320754715 0.03287461773700306
0 0.8983704974271012 0.6345565749235474 0.003430531732418525 0.028287461773700305
0 0.8936535162950258 0.6314984709480123 0.0047169811320754715 0.028287461773700305
0 0.8957975986277873 0.6131498470948012 0.003430531732418525 0.01834862385321101
0 0.8987993138936535 0.6185015290519877 0.003430531732418525 0.016819571865443424
0 0.9018010291595198 0.617737003058104 0.006432246998284734 0.024464831804281346
0 0.9005145797598628 0.6383792048929664 0.002572898799313894 0.03287461773700306
0 0.9095197255574614 0.5382262996941896 0.0038593481989708405 0.024464831804281346
0 0.7204116638078902 0.6597859327217125 0.003430531732418525 0.034403669724770644
0 0.7238421955403087 0.6521406727828746 0.0047169811320754715 0.0382262996941896
0 0.6873927958833619 0.7117737003058104 0.006432246998284734 0.03287461773700306
0 0.6805317324185248 0.7140672782874617 0.006432246998284734 0.034403669724770644
0 0.6728130360205832 0.713302752293578 0.007289879931389366 0.0382262996941896
0 0.6873927958833619 0.7331804281345565 0.007289879931389366 0.04281345565749235
0 0.6998284734133791 0.7920489296636085 0.005145797598627788 0.03669724770642202
0 0.7041166380789022 0.7591743119266054 0.00986277873070326 0.052752293577981654
0 0.6968267581475128 0.7576452599388379 0.005145797598627788 0.04434250764525994
0 0.6985420240137221 0.7484709480122325 0.0047169811320754715 0.039755351681957186
0 0.6595197255574614 0.7431192660550459 0.005145797598627788 0.03287461773700306
0 0.6625214408233276 0.7347094801223242 0.0038593481989708405 0.04128440366972477
0 0.6569468267581475 0.7293577981651376 0.006432246998284734 0.03287461773700306
0 0.6239279588336192 0.8402140672782875 0.009433962264150943 0.0290519877675841
0 0.6243567753001715 0.827217125382263 0.010291595197255575 0.034403669724770644
0 0.6269296740994854 0.5925076452599388 0.0047169811320754715 0.039755351681957186
0 0.6337907375643225 0.5840978593272171 0.003430531732418525 0.03287461773700306
0 0.6389365351629502 0.5795107033639144 0.0047169811320754715 0.03669724770642202
0 0.6372212692967409 0.5848623853211009 0.0038593481989708405 0.03287461773700306
0 0.6805317324185248 0.5420489296636085 0.006003430531732418 0.028287461773700305
0 0.7036878216123499 0.5259938837920489 0.006003430531732418 0.03134556574923547
0 0.7246998284734134 0.6162079510703364 0.0038593481989708405 0.026758409785932722
0 0.6805317324185248 0.6605504587155964 0.005145797598627788 0.02981651376146789
0 0.7311320754716981 0.6980122324159022 0.0047169811320754715 0.022935779816513763
0 0.6723842195540308 0.6513761467889908 0.0038593481989708405 0.03134556574923547
0 0.8293310463121784 0.8249235474006116 0.015008576329331046 0.01834862385321101
0 0.8216123499142367 0.6162079510703364 0.0038593481989708405 0.024464831804281346
0 0.8259005145797599 0.6039755351681957 0.0047169811320754715 0.019877675840978593