0 0.35520833333333335 0.30277777777777776 0.04583333333333333 0.17546296296296296
0 0.7252604166666666 0.35833333333333334 0.04010416666666667 0.15925925925925927
0 0.6848958333333334 0.3662037037037037 0.035416666666666666 0.15648148148148147
0 0.02801562499999998 0.8851666666666667 0.03369270833333336 0.16280555555555548
0 0.14593750000000003 0.891824074074074 0.04122916666666683 0.14063888888888898
0 0.39539062500000005 0.8591851851851852 0.02365104166666659 0.10056481481481472
0 0.312625 0.8447777777777777 0.021317708333333248 0.07998148148148138
0 0.27066666666666656 0.8496666666666667 0.01378125000000002 0.060953703703703635
0 0.29367187499999997 0.8429814814814814 0.016390625000000134 0.049638888888888795
0 0.690625 0.8125 0.015625 0.0712962962962963
0 0.71171875 0.8101851851851852 0.0171875 0.07222222222222222